underlying,option,root,expiry,cp,strike,bid,bid_size,ask,ask_size,iv,open_interest,volume,delta,gamma,vega,theta,rho,theo,change,open,high,low,tick,last_trade_price,last_trade_time,percent_change,prev_day_close,spot,cboe_timestamp,collected_et
NVDA,NVDA260909C00110000,NVDA,2026-09-09,C,110.0,116.7,50.0,122.25,12.0,0.0,8.0,3.0,0.9995,0.0,0.0005,-0.0059,0.006,120.3013,0.2,119.83,119.91,119.83,down,119.9,2026-09-04T15:24:45,0.167087,119.700000762939,229.4873,2026-09-07 20:11:28,2026-09-07 16:15:05
NVDA,NVDA260909C00115000,NVDA,2026-09-09,C,115.0,112.25,55.0,117.85,11.0,0.0,28.0,96.0,0.9994,0.0,0.0006,-0.0065,0.0063,115.3033,0.265,115.7,115.7,114.4,up,114.64,2026-09-04T15:56:42,0.231694,114.75,229.4873,2026-09-07 20:11:28,2026-09-07 16:15:05
NVDA,NVDA260909C00120000,NVDA,2026-09-09,C,120.0,107.85,50.0,114.3,3.0,1.9903,37.0,104.0,0.9993,0.0,0.0006,-0.0071,0.0066,110.3054,0.21,110.8,110.8,109.41,up,109.66,2026-09-04T15:56:42,0.191871,109.799999237061,229.4873,2026-09-07 20:11:28,2026-09-07 16:15:05
NVDA,NVDA260909C00125000,NVDA,2026-09-09,C,125.0,102.25,51.0,109.2,10.0,2.077,8.0,23.0,0.9992,0.0001,0.0007,-0.0079,0.0068,105.3076,-0.025,106.63,106.67,104.6,down,104.6,2026-09-04T15:30:36,-0.0238949,104.875,229.4873,2026-09-07 20:11:28,2026-09-07 16:15:05
NVDA,NVDA260909C00130000,NVDA,2026-09-09,C,130.0,96.7,25.0,105.0,14.0,0.0,11.0,25.0,0.9991,0.0001,0.0008,-0.0087,0.0071,100.3099,-0.27,101.7,101.7,99.43,down,99.43,2026-09-04T15:31:18,-0.270813,99.8999977111816,229.4873,2026-09-07 20:11:28,2026-09-07 16:15:05
NVDA,NVDA260909C00135000,NVDA,2026-09-09,C,135.0,93.05,56.0,96.9,22.0,0.0,1.0,2.0,0.9989,0.0001,0.001,-0.0096,0.0074,95.3124,0.4,94.75,94.8,94.75,up,94.8,2026-09-04T15:36:07,0.423727,94.6749992370606,229.4873,2026-09-07 20:11:28,2026-09-07 16:15:05
NVDA,NVDA260909C00140000,NVDA,2026-09-09,C,140.0,87.95,77.0,92.2,33.0,0.0,22.0,77.0,0.9987,0.0001,0.0011,-0.0106,0.0076,90.315,0.42,90.84,94.0,89.34,no_change,89.82,2026-09-04T15:36:07,0.469797,89.9499969482422,229.4873,2026-09-07 20:11:28,2026-09-07 16:15:05
NVDA,NVDA260909C00145000,NVDA,2026-09-09,C,145.0,82.6,13.0,85.8,14.0,0.0,21.0,48.0,0.9985,0.0001,0.0013,-0.0118,0.0079,85.3179,0.605,86.82,86.82,84.81,up,85.03,2026-09-04T15:31:59,0.716613,84.9750022888184,229.4873,2026-09-07 20:11:28,2026-09-07 16:15:05
NVDA,NVDA260909C00150000,NVDA,2026-09-09,C,150.0,78.05,1.0,84.2,10.0,0.0,5.0,3.0,0.9982,0.0002,0.0015,-0.0131,0.0082,80.3211,0.04,80.62,80.62,79.79,down,79.79,2026-09-04T15:38:57,0.0501567,80.0749969482422,229.4873,2026-09-07 20:11:28,2026-09-07 16:15:05
NVDA,NVDA260909C00155000,NVDA,2026-09-09,C,155.0,71.45,24.0,77.85,15.0,0.0,4.0,1.0,0.9979,0.0002,0.0018,-0.0146,0.0085,75.3245,0.16,74.86,74.86,74.86,up,74.86,2026-09-04T15:38:57,0.214194,75.0750007629394,229.4873,2026-09-07 20:11:28,2026-09-07 16:15:05
NVDA,NVDA260909C00160000,NVDA,2026-09-09,C,160.0,67.2,60.0,74.2,31.0,1.6304,27.0,29.0,0.9975,0.0002,0.0021,-0.0162,0.0087,70.3283,0.16,71.31,72.35,69.79,down,69.81,2026-09-04T15:25:19,0.229718,70.4000015258789,229.4873,2026-09-07 20:11:28,2026-09-07 16:15:05
NVDA,NVDA260909C00165000,NVDA,2026-09-09,C,165.0,62.3,29.0,68.8,29.0,1.3979,25.0,30.0,0.997,0.0003,0.0025,-0.0182,0.009,65.3326,0.45,68.72,68.72,64.94,down,65.1,2026-09-04T15:33:24,0.696056,65.4000015258789,229.4873,2026-09-07 20:11:28,2026-09-07 16:15:05
NVDA,NVDA260909C00170000,NVDA,2026-09-09,C,170.0,56.7,58.0,64.25,12.0,1.2179,25.0,3.0,0.9964,0.0004,0.0029,-0.0204,0.0093,60.3375,0.35,62.54,62.54,60.1,down,60.1,2026-09-04T15:33:24,0.585774,60.4750003814697,229.4873,2026-09-07 20:11:28,2026-09-07 16:15:05
NVDA,NVDA260909C00175000,NVDA,2026-09-09,C,175.0,53.95,58.0,59.3,39.0,1.6386,26.0,2.0,0.9956,0.0005,0.0035,-0.023,0.0095,55.343,4.445,58.1,58.52,58.1,up,58.52,2026-09-04T10:34:29,8.22007,55.7749996185303,229.4873,2026-09-07 20:11:28,2026-09-07 16:15:05
NVDA,NVDA260909C00180000,NVDA,2026-09-09,C,180.0,49.05,59.0,53.6,83.0,1.4145,32.0,12.0,0.9945,0.0007,0.0042,-0.0259,0.0098,50.3494,3.365,52.1,54.18,52.1,down,53.19,2026-09-04T10:53:45,6.75364,50.0249996185303,229.4873,2026-09-07 20:11:28,2026-09-07 16:15:05
NVDA,NVDA260909C00182500,NVDA,2026-09-09,C,182.5,45.7,56.0,51.0,11.0,1.1806,1.0,2.0,0.9939,0.0008,0.0047,-0.0276,0.0099,47.8531,0.98,48.12,48.18,48.12,up,48.18,2026-09-04T14:56:39,2.07627,47.5249996185303,229.4873,2026-09-07 20:11:28,2026-09-07 16:15:05
NVDA,NVDA260909C00185000,NVDA,2026-09-09,C,185.0,43.25,27.0,49.3,34.0,1.2724,68.0,2.0,0.9932,0.0009,0.0052,-0.0294,0.01,45.357,2.42,47.2,47.2,46.07,down,46.07,2026-09-04T11:56:05,5.5441,45.7749996185303,229.4873,2026-09-07 20:11:28,2026-09-07 16:15:05
NVDA,NVDA260909C00187500,NVDA,2026-09-09,C,187.5,39.25,58.0,43.3,17.0,0.0,87.0,4.0,0.9924,0.0011,0.0057,-0.0314,0.0102,42.8613,0.925,42.83,43.16,42.83,down,43.05,2026-09-04T14:54:02,2.19585,42.2999992370606,229.4873,2026-09-07 20:11:28,2026-09-07 16:15:05
NVDA,NVDA260909C00190000,NVDA,2026-09-09,C,190.0,39.65,58.0,44.0,29.0,1.2878,68.0,60.0,0.9914,0.0012,0.0064,-0.0335,0.0103,40.3661,2.835,44.63,44.63,39.93,up,40.86,2026-09-04T15:54:19,7.45562,40.75,229.4873,2026-09-07 20:11:28,2026-09-07 16:15:05
NVDA,NVDA260909C00192500,NVDA,2026-09-09,C,192.5,37.15,16.0,43.0,17.0,1.2804,20.0,2.0,0.9903,0.0014,0.0071,-0.0358,0.0104,37.8714,2.075,39.52,39.75,39.52,up,39.75,2026-09-04T11:12:54,5.50763,38.2250003814697,229.4873,2026-09-07 20:11:28,2026-09-07 16:15:05
NVDA,NVDA260909C00195000,NVDA,2026-09-09,C,195.0,34.75,58.0,39.65,47.0,1.2319,88.0,20.0,0.989,0.0017,0.0079,-0.0384,0.0105,35.3772,1.34,38.7,38.7,35.49,down,35.49,2026-09-04T14:45:42,3.92387,35.7749996185303,229.4873,2026-09-07 20:11:28,2026-09-07 16:15:05
NVDA,NVDA260909C00197500,NVDA,2026-09-09,C,197.5,29.25,59.0,36.85,29.0,0.7167,59.0,3.0,0.9874,0.002,0.0089,-0.0412,0.0106,32.8838,1.6,37.18,37.18,33.0,down,33.0,2026-09-04T14:46:48,5.09554,33.2749996185303,229.4873,2026-09-07 20:11:28,2026-09-07 16:15:05
NVDA,NVDA260909C00200000,NVDA,2026-09-09,C,200.0,29.8,60.0,32.0,34.0,0.8012,164.0,216.0,0.9855,0.0024,0.0101,-0.0442,0.0108,30.3911,1.125,32.0,34.32,29.4,up,30.2,2026-09-04T15:19:34,3.8693,30.4000005722046,229.4873,2026-09-07 20:11:28,2026-09-07 16:15:05
NVDA,NVDA260909C00202500,NVDA,2026-09-09,C,202.5,24.4,33.0,29.2,25.0,0.0,48.0,6.0,0.9832,0.0029,0.0115,-0.0475,0.0109,27.8995,1.555,28.55,28.55,27.76,down,27.83,2026-09-04T14:39:14,5.91817,27.7999992370605,229.4873,2026-09-07 20:11:28,2026-09-07 16:15:05
NVDA,NVDA260909C00205000,NVDA,2026-09-09,C,205.0,23.0,39.0,27.6,40.0,0.0,87.0,51.0,0.9804,0.0036,0.0131,-0.0512,0.011,25.4091,0.825,27.45,29.0,25.0,down,25.0,2026-09-04T15:10:24,3.41262,25.3249998092651,229.4873,2026-09-07 20:11:28,2026-09-07 16:15:05
NVDA,NVDA260909C00207500,NVDA,2026-09-09,C,207.5,22.35,100.0,24.2,121.0,0.5975,153.0,232.0,0.9769,0.0045,0.0151,-0.0553,0.0111,22.9203,1.7,26.45,27.0,22.5,down,23.35,2026-09-04T15:56:48,7.8522,22.5500001907349,229.4873,2026-09-07 20:11:28,2026-09-07 16:15:05
NVDA,NVDA260909C00210000,NVDA,2026-09-09,C,210.0,19.85,104.0,20.7,51.0,0.0,918.0,483.0,0.9724,0.0056,0.0175,-0.0601,0.0112,20.4341,2.14,21.16,24.5,19.8,up,21.04,2026-09-04T15:54:00,11.3228,19.8999996185303,229.4873,2026-09-07 20:11:28,2026-09-07 16:15:05
NVDA,NVDA260909C00212500,NVDA,2026-09-09,C,212.5,16.3,151.0,19.6,108.0,0.3773,179.0,73.0,0.9661,0.0073,0.0208,-0.0664,0.0112,17.9529,0.755,21.0,21.75,16.9,down,17.53,2026-09-04T15:32:24,4.50074,17.7749996185303,229.4873,2026-09-07 20:11:28,2026-09-07 16:15:05
NVDA,NVDA260909C00215000,NVDA,2026-09-09,C,215.0,15.2,72.0,15.6,1.0,0.2874,987.0,752.0,0.9563,0.0099,0.0256,-0.0764,0.0112,15.484,1.235,16.4,20.0,14.97,no_change,15.66,2026-09-04T15:58:22,8.56152,15.1999998092651,229.4873,2026-09-07 20:11:28,2026-09-07 16:15:05
NVDA,NVDA260909C00217500,NVDA,2026-09-09,C,217.5,12.25,57.0,14.7,170.0,0.3199,965.0,987.0,0.939,0.014,0.0334,-0.0945,0.0111,13.044,1.175,14.1,18.0,12.57,down,13.25,2026-09-04T15:57:32,9.73085,12.7750000953674,229.4873,2026-09-07 20:11:28,2026-09-07 16:15:05
NVDA,NVDA260909C00220000,NVDA,2026-09-09,C,220.0,10.55,49.0,10.75,1.0,0.2938,3931.0,2599.0,0.9075,0.0205,0.0456,-0.1258,0.0109,10.6651,0.775,10.25,14.87,10.1,down,10.6,2026-09-04T15:59:50,7.88804,10.4000000953674,229.4873,2026-09-07 20:11:28,2026-09-07 16:15:05
NVDA,NVDA260909C00222500,NVDA,2026-09-09,C,222.5,8.25,42.0,9.15,61.0,0.2832,1432.0,1617.0,0.8538,0.0299,0.0627,-0.1718,0.0103,8.3963,0.9,9.0,12.6,7.9,down,8.6,2026-09-04T15:57:09,11.6883,8.15000009536743,229.4873,2026-09-07 20:11:28,2026-09-07 16:15:05
NVDA,NVDA260909C00225000,NVDA,2026-09-09,C,225.0,6.2,37.0,6.45,21.0,0.2687,4665.0,3663.0,0.7718,0.041,0.0822,-0.2251,0.0094,6.3003,0.48,7.2,10.25,5.85,up,6.28,2026-09-04T15:59:50,8.27586,6.04999995231628,229.4873,2026-09-07 20:11:28,2026-09-07 16:15:05
NVDA,NVDA260909C00227500,NVDA,2026-09-09,C,227.5,4.35,53.0,4.6,22.0,0.263,5522.0,5832.0,0.66,0.0513,0.0992,-0.2703,0.0081,4.4516,0.25,5.0,8.14,4.05,down,4.4,2026-09-04T15:59:55,6.0241,4.25,229.4873,2026-09-07 20:11:28,2026-09-07 16:15:05
NVDA,NVDA260909C00230000,NVDA,2026-09-09,C,230.0,2.9,12.0,3.05,67.0,0.2568,16990.0,34604.0,0.5245,0.0571,0.1076,-0.2896,0.0065,2.9332,0.14,3.58,6.13,2.63,no_change,3.0,2026-09-04T15:59:59,4.8951,2.76499998569489,229.4873,2026-09-07 20:11:28,2026-09-07 16:15:05
NVDA,NVDA260909C00232500,NVDA,2026-09-09,C,232.5,1.78,62.0,1.89,1.0,0.2532,10762.0,46260.0,0.383,0.0552,0.1032,-0.2734,0.0047,1.8044,-0.01,2.36,4.45,1.58,no_change,1.85,2026-09-04T15:59:59,-0.537635,1.66499996185303,229.4873,2026-09-07 20:11:28,2026-09-07 16:15:05
NVDA,NVDA260909C00235000,NVDA,2026-09-09,C,235.0,1.03,16.0,1.08,1.0,0.2537,19009.0,88502.0,0.2578,0.0465,0.0878,-0.2276,0.0032,1.0492,-0.085,1.49,3.1,0.89,up,1.08,2026-09-04T15:59:59,-7.29613,0.939999997615814,229.4873,2026-09-07 20:11:28,2026-09-07 16:15:05
NVDA,NVDA260909C00237500,NVDA,2026-09-09,C,237.5,0.58,47.0,0.62,5.0,0.2606,9139.0,29688.0,0.1626,0.0348,0.0673,-0.1704,0.002,0.5877,-0.12,0.91,2.03,0.49,no_change,0.58,2026-09-04T15:59:59,-17.1429,0.514999985694885,229.4873,2026-09-07 20:11:28,2026-09-07 16:15:05
NVDA,NVDA260909C00240000,NVDA,2026-09-09,C,240.0,0.33,28.0,0.36,123.0,0.2694,43942.0,57054.0,0.1002,0.024,0.0484,-0.1208,0.0012,0.3335,-0.075,0.45,1.3,0.27,no_change,0.34,2026-09-04T15:59:59,-18.0723,0.284999996423721,229.4873,2026-09-07 20:11:28,2026-09-07 16:15:05
NVDA,NVDA260909C00242500,NVDA,2026-09-09,C,242.5,0.19,94.0,0.22,5.0,0.2822,7103.0,13512.0,0.0637,0.0162,0.0346,-0.0868,0.0008,0.2043,-0.035,0.3,0.81,0.17,no_change,0.21,2026-09-04T15:59:50,-14.2857,0.175000004470348,229.4873,2026-09-07 20:11:28,2026-09-07 16:15:05
NVDA,NVDA260909C00245000,NVDA,2026-09-09,C,245.0,0.13,2.0,0.14,1.0,0.3012,12018.0,15544.0,0.0429,0.0111,0.0254,-0.0651,0.0005,0.1368,-0.005,0.18,0.5,0.11,no_change,0.14,2026-09-04T15:59:56,-3.44828,0.114999998360872,229.4873,2026-09-07 20:11:28,2026-09-07 16:15:05
NVDA,NVDA260909C00247500,NVDA,2026-09-09,C,247.5,0.1,5.0,0.11,42.0,0.3262,7291.0,7070.0,0.0305,0.0079,0.0193,-0.0508,0.0004,0.0982,-0.005,0.1,0.31,0.08,down,0.09,2026-09-04T15:59:44,-5.26316,0.0850000008940697,229.4873,2026-09-07 20:11:28,2026-09-07 16:15:05
NVDA,NVDA260909C00250000,NVDA,2026-09-09,C,250.0,0.06,132.0,0.08,48.0,0.3409,16502.0,8378.0,0.0226,0.0057,0.015,-0.0409,0.0003,0.0742,0.015,0.07,0.21,0.06,no_change,0.08,2026-09-04T15:59:50,23.0769,0.0699999984353781,229.4873,2026-09-07 20:11:28,2026-09-07 16:15:05
NVDA,NVDA260909C00252500,NVDA,2026-09-09,C,252.5,0.03,1.0,0.06,16.0,0.3628,830.0,1160.0,0.0173,0.0043,0.012,-0.0338,0.0002,0.0581,0.015,0.06,0.15,0.05,no_change,0.06,2026-09-04T15:58:26,33.3333,0.0549999997019768,229.4873,2026-09-07 20:11:28,2026-09-07 16:15:05
NVDA,NVDA260909C00255000,NVDA,2026-09-09,C,255.0,0.03,170.0,0.06,82.0,0.3853,1551.0,1629.0,0.0136,0.0033,0.0097,-0.0284,0.0002,0.0468,0.015,0.04,0.12,0.04,no_change,0.05,2026-09-04T15:59:28,42.8571,0.0499999988824129,229.4873,2026-09-07 20:11:28,2026-09-07 16:15:05
NVDA,NVDA260909C00260000,NVDA,2026-09-09,C,260.0,0.03,1.0,0.04,124.0,0.4342,1810.0,1481.0,0.0089,0.0021,0.0067,-0.0209,0.0001,0.0324,0.005,0.03,0.08,0.03,no_change,0.03,2026-09-04T15:59:23,20.0,0.034999999217689,229.4873,2026-09-07 20:11:28,2026-09-07 16:15:05
NVDA,NVDA260909C00265000,NVDA,2026-09-09,C,265.0,0.01,85.0,0.03,98.0,0.4631,974.0,1010.0,0.0062,0.0014,0.0049,-0.0161,0.0001,0.0237,0.015,0.03,0.05,0.01,no_change,0.03,2026-09-04T15:56:48,100.0,0.0249999994412065,229.4873,2026-09-07 20:11:28,2026-09-07 16:15:05
NVDA,NVDA260909C00270000,NVDA,2026-09-09,C,270.0,0.01,8.0,0.03,142.0,0.5024,3506.0,1936.0,0.0045,0.001,0.0037,-0.0128,0.0,0.0181,0.005,0.01,0.04,0.01,up,0.02,2026-09-04T15:59:13,33.3333,0.0149999996647239,229.4873,2026-09-07 20:11:28,2026-09-07 16:15:05
NVDA,NVDA260909C00275000,NVDA,2026-09-09,C,275.0,0.0,0.0,0.01,31.0,0.5013,1209.0,918.0,0.0034,0.0007,0.0028,-0.0104,0.0,0.0143,-0.005,0.01,0.06,0.01,no_change,0.01,2026-09-04T15:58:54,-33.3333,0.0149999996647239,229.4873,2026-09-07 20:11:28,2026-09-07 16:15:05
NVDA,NVDA260909C00280000,NVDA,2026-09-09,C,280.0,0.0,0.0,0.01,431.0,0.5474,1509.0,1076.0,0.0027,0.0005,0.0023,-0.0086,0.0,0.0115,0.0,0.01,0.02,0.01,no_change,0.01,2026-09-04T14:50:43,2.23517e-06,0.00499999988824129,229.4873,2026-09-07 20:11:28,2026-09-07 16:15:05
NVDA,NVDA260909C00285000,NVDA,2026-09-09,C,285.0,0.0,0.0,0.01,20.0,0.5924,114.0,1.0,0.0021,0.0004,0.0018,-0.0072,0.0,0.0095,0.005,0.01,0.01,0.01,down,0.01,2026-09-04T10:16:07,100.0,0.00499999988824129,229.4873,2026-09-07 20:11:28,2026-09-07 16:15:05
NVDA,NVDA260909C00290000,NVDA,2026-09-09,C,290.0,0.0,0.0,0.01,13331.0,0.6363,131.0,2.0,0.0017,0.0003,0.0015,-0.0062,0.0,0.0079,0.005,0.01,0.01,0.01,no_change,0.01,2026-09-04T15:41:13,100.0,0.00499999988824129,229.4873,2026-09-07 20:11:28,2026-09-07 16:15:05
NVDA,NVDA260909C00295000,NVDA,2026-09-09,C,295.0,0.0,0.0,0.01,13330.0,0.6791,31.0,20.0,0.0014,0.0002,0.0012,-0.0053,0.0,0.0067,0.005,0.01,0.01,0.01,no_change,0.01,2026-09-04T12:40:38,100.0,0.00499999988824129,229.4873,2026-09-07 20:11:28,2026-09-07 16:15:05
NVDA,NVDA260909C00300000,NVDA,2026-09-09,C,300.0,0.0,0.0,0.01,13332.0,0.721,59.0,0.0,0.0012,0.0002,0.001,-0.0046,0.0,0.0058,0.0,0.0,0.0,0.0,no_change,0.02,2026-08-27T10:50:22,0.0,0.00499999988824129,229.4873,2026-09-07 20:11:28,2026-09-07 16:15:05
NVDA,NVDA260909C00310000,NVDA,2026-09-09,C,310.0,0.0,0.0,0.11,9.0,1.0008,7.0,0.0,0.0008,0.0001,0.0008,-0.0036,0.0,0.0044,0.0,0.0,0.0,0.0,down,0.04,2026-08-27T11:11:28,0.0,0.00499999988824129,229.4873,2026-09-07 20:11:28,2026-09-07 16:15:05
NVDA,NVDA260909C00320000,NVDA,2026-09-09,C,320.0,0.0,0.0,0.11,12.0,1.0937,2.0,0.0,0.0006,0.0001,0.0006,-0.0028,0.0,0.0034,0.0,0.0,0.0,0.0,down,0.04,2026-08-26T14:00:02,0.0,0.00499999988824129,229.4873,2026-09-07 20:11:28,2026-09-07 16:15:05
NVDA,NVDA260909C00330000,NVDA,2026-09-09,C,330.0,0.0,0.0,0.11,5.0,1.1826,19.0,0.0,0.0005,0.0001,0.0004,-0.0023,0.0,0.0027,0.0,0.0,0.0,0.0,no_change,0.01,2026-08-28T11:13:16,0.0,0.00499999988824129,229.4873,2026-09-07 20:11:28,2026-09-07 16:15:05
NVDA,NVDA260909C00340000,NVDA,2026-09-09,C,340.0,0.0,0.0,0.74,4.0,1.2681,0.0,0.0,0.0004,0.0,0.0004,-0.0019,0.0,0.0022,0.0,0.0,0.0,0.0,no_change,0.0,,0.0,0.00499999988824129,229.4873,2026-09-07 20:11:28,2026-09-07 16:15:05
NVDA,NVDA260909C00350000,NVDA,2026-09-09,C,350.0,0.0,0.0,0.01,1000.0,1.0959,1.0,0.0,0.0003,0.0,0.0003,-0.0016,0.0,0.0018,0.0,0.0,0.0,0.0,down,0.02,2026-08-28T13:48:07,0.0,0.00499999988824129,229.4873,2026-09-07 20:11:28,2026-09-07 16:15:05
NVDA,NVDA260909C00360000,NVDA,2026-09-09,C,360.0,0.0,0.0,0.71,3.0,1.4296,0.0,0.0,0.0002,0.0,0.0002,-0.0014,0.0,0.0015,0.0,0.0,0.0,0.0,no_change,0.0,,0.0,0.00499999988824129,229.4873,2026-09-07 20:11:28,2026-09-07 16:15:05
NVDA,NVDA260909C00370000,NVDA,2026-09-09,C,370.0,0.0,0.0,0.01,20.0,1.2277,200.0,0.0,0.0002,0.0,0.0002,-0.0012,0.0,0.0013,0.0,0.0,0.0,0.0,up,0.02,2026-08-31T11:11:21,0.0,0.00499999988824129,229.4873,2026-09-07 20:11:28,2026-09-07 16:15:05
NVDA,NVDA260909C00380000,NVDA,2026-09-09,C,380.0,0.0,0.0,0.51,9.0,1.58,3.0,0.0,0.0002,0.0,0.0002,-0.001,0.0,0.0011,0.0,0.0,0.0,0.0,no_change,0.01,2026-09-01T11:06:33,0.0,0.00499999988824129,229.4873,2026-09-07 20:11:28,2026-09-07 16:15:05
NVDA,NVDA260909C00390000,NVDA,2026-09-09,C,390.0,0.0,0.0,0.01,20.0,1.3513,1.0,0.0,0.0001,0.0,0.0001,-0.0009,0.0,0.001,0.0,0.0,0.0,0.0,no_change,0.01,2026-09-01T13:07:47,0.0,0.00499999988824129,229.4873,2026-09-07 20:11:28,2026-09-07 16:15:05
NVDA,NVDA260909P00110000,NVDA,2026-09-09,P,110.0,0.0,0.0,0.01,13332.0,1.9373,3.0,0.0,-0.0005,0.0,0.0005,-0.0059,0.0,0.0072,0.0,0.0,0.0,0.0,up,0.07,2026-08-26T10:35:11,0.0,0.00499999988824129,229.4873,2026-09-07 20:11:28,2026-09-07 16:15:05
NVDA,NVDA260909P00115000,NVDA,2026-09-09,P,115.0,0.0,0.0,0.01,14332.0,1.8261,8.0,0.0,-0.0006,0.0,0.0006,-0.0065,0.0,0.008,0.0,0.0,0.0,0.0,down,0.01,2026-09-03T10:16:46,0.0,0.00499999988824129,229.4873,2026-09-07 20:11:28,2026-09-07 16:15:05
NVDA,NVDA260909P00120000,NVDA,2026-09-09,P,120.0,0.0,0.0,0.01,1000.0,1.7194,22.0,0.0,-0.0007,0.0,0.0006,-0.0071,0.0,0.0089,0.0,0.0,0.0,0.0,no_change,0.01,2026-09-03T10:25:27,0.0,0.00499999988824129,229.4873,2026-09-07 20:11:28,2026-09-07 16:15:05
NVDA,NVDA260909P00125000,NVDA,2026-09-09,P,125.0,0.0,0.0,0.01,2000.0,1.6171,1.0,1.0,-0.0008,0.0001,0.0007,-0.0079,0.0,0.0099,0.005,0.01,0.01,0.01,up,0.01,2026-09-04T12:43:39,100.0,0.00499999988824129,229.4873,2026-09-07 20:11:28,2026-09-07 16:15:05
NVDA,NVDA260909P00130000,NVDA,2026-09-09,P,130.0,0.0,0.0,0.01,25.0,1.5185,5344.0,5179.0,-0.0009,0.0001,0.0008,-0.0087,0.0,0.0111,0.0,0.01,0.01,0.01,no_change,0.01,2026-09-04T14:34:30,2.23517e-06,0.00499999988824129,229.4873,2026-09-07 20:11:28,2026-09-07 16:15:05
NVDA,NVDA260909P00135000,NVDA,2026-09-09,P,135.0,0.0,0.0,0.25,1.0,1.4236,49333.0,50308.0,-0.0011,0.0001,0.001,-0.0096,0.0,0.0124,-0.005,0.01,0.02,0.01,no_change,0.01,2026-09-04T15:25:24,-33.3333,0.00499999988824129,229.4873,2026-09-07 20:11:28,2026-09-07 16:15:05
NVDA,NVDA260909P00140000,NVDA,2026-09-09,P,140.0,0.0,0.0,0.01,2.0,1.3316,836.0,784.0,-0.0013,0.0001,0.0011,-0.0106,0.0,0.0138,-0.005,0.01,0.02,0.01,no_change,0.01,2026-09-04T15:48:11,-33.3333,0.0149999996647239,229.4873,2026-09-07 20:11:28,2026-09-07 16:15:05
NVDA,NVDA260909P00145000,NVDA,2026-09-09,P,145.0,0.0,0.0,0.02,2.0,1.3143,795.0,388.0,-0.0015,0.0001,0.0013,-0.0118,0.0,0.0155,-0.005,0.02,0.02,0.01,no_change,0.01,2026-09-04T15:55:48,-33.3333,0.0149999996647239,229.4873,2026-09-07 20:11:28,2026-09-07 16:15:05
NVDA,NVDA260909P00150000,NVDA,2026-09-09,P,150.0,0.0,0.0,0.02,4.0,1.2683,719.0,469.0,-0.0018,0.0002,0.0015,-0.0131,0.0,0.0175,-0.01,0.01,0.02,0.01,no_change,0.01,2026-09-04T15:58:50,-50.0,0.0149999996647239,229.4873,2026-09-07 20:11:28,2026-09-07 16:15:05
NVDA,NVDA260909P00155000,NVDA,2026-09-09,P,155.0,0.0,0.0,0.02,195.0,1.178,448.0,631.0,-0.0021,0.0002,0.0018,-0.0146,0.0,0.0197,0.0,0.02,0.04,0.01,no_change,0.02,2026-09-04T15:57:14,2.23517e-06,0.0249999994412065,229.4873,2026-09-07 20:11:28,2026-09-07 16:15:05
NVDA,NVDA260909P00160000,NVDA,2026-09-09,P,160.0,0.02,53.0,0.03,104.0,1.1448,2315.0,3001.0,-0.0025,0.0002,0.0021,-0.0163,0.0,0.0224,0.005,0.02,0.04,0.02,no_change,0.03,2026-09-04T15:59:57,20.0,0.0249999994412065,229.4873,2026-09-07 20:11:28,2026-09-07 16:15:05
NVDA,NVDA260909P00165000,NVDA,2026-09-09,P,165.0,0.0,0.0,0.04,200.0,1.0326,2835.0,2667.0,-0.003,0.0003,0.0025,-0.0182,0.0,0.0255,-0.015,0.02,0.05,0.02,down,0.02,2026-09-04T15:53:34,-42.8571,0.0249999994412065,229.4873,2026-09-07 20:11:28,2026-09-07 16:15:05
NVDA,NVDA260909P00170000,NVDA,2026-09-09,P,170.0,0.0,0.0,0.04,10.0,0.9872,1217.0,844.0,-0.0037,0.0004,0.0029,-0.0204,0.0,0.0291,-0.005,0.03,0.05,0.02,up,0.03,2026-09-04T15:52:40,-14.2857,0.034999999217689,229.4873,2026-09-07 20:11:28,2026-09-07 16:15:05
NVDA,NVDA260909P00175000,NVDA,2026-09-09,P,175.0,0.01,1.0,0.04,10.0,0.901,2326.0,5646.0,-0.0045,0.0005,0.0035,-0.023,-0.0001,0.0335,0.015,0.03,0.05,0.02,up,0.05,2026-09-04T15:43:57,42.8571,0.0449999999254942,229.4873,2026-09-07 20:11:28,2026-09-07 16:15:05
NVDA,NVDA260909P00180000,NVDA,2026-09-09,P,180.0,0.01,23.0,0.06,27.0,0.8432,5907.0,17691.0,-0.0055,0.0007,0.0042,-0.026,-0.0001,0.0388,-0.005,0.03,0.06,0.03,no_change,0.04,2026-09-04T15:58:31,-11.1111,0.0549999997019768,229.4873,2026-09-07 20:11:28,2026-09-07 16:15:05
NVDA,NVDA260909P00182500,NVDA,2026-09-09,P,182.5,0.0,0.0,0.04,1.0,0.7886,1361.0,7920.0,-0.0061,0.0008,0.0047,-0.0277,-0.0001,0.0418,-0.01,0.05,0.06,0.04,down,0.04,2026-09-04T15:57:42,-20.0,0.0649999994784594,229.4873,2026-09-07 20:11:28,2026-09-07 16:15:05
NVDA,NVDA260909P00185000,NVDA,2026-09-09,P,185.0,0.04,300.0,0.05,1.0,0.7688,4064.0,8009.0,-0.0068,0.0009,0.0052,-0.0295,-0.0001,0.0452,0.005,0.04,0.07,0.04,up,0.06,2026-09-04T15:54:40,9.09091,0.0649999994784594,229.4873,2026-09-07 20:11:28,2026-09-07 16:15:05
NVDA,NVDA260909P00187500,NVDA,2026-09-09,P,187.5,0.0,0.0,0.05,1.0,0.7265,2993.0,5758.0,-0.0077,0.0011,0.0057,-0.0315,-0.0001,0.0489,-0.01,0.04,0.08,0.04,down,0.05,2026-09-04T15:58:47,-16.6667,0.0699999984353781,229.4873,2026-09-07 20:11:28,2026-09-07 16:15:05
NVDA,NVDA260909P00190000,NVDA,2026-09-09,P,190.0,0.05,1.0,0.2,1.0,0.7017,3853.0,3543.0,-0.0086,0.0012,0.0064,-0.0336,-0.0001,0.0531,-0.01,0.06,0.08,0.05,no_change,0.06,2026-09-04T15:58:47,-14.2857,0.0749999992549419,229.4873,2026-09-07 20:11:28,2026-09-07 16:15:05
NVDA,NVDA260909P00192500,NVDA,2026-09-09,P,192.5,0.0,0.0,0.09,33.0,0.6666,2765.0,3157.0,-0.0098,0.0014,0.0071,-0.036,-0.0001,0.0578,-0.005,0.08,0.09,0.05,no_change,0.07,2026-09-04T15:59:20,-6.66667,0.080000001937151,229.4873,2026-09-07 20:11:28,2026-09-07 16:15:05
NVDA,NVDA260909P00195000,NVDA,2026-09-09,P,195.0,0.07,1.0,0.08,1.0,0.6428,10072.0,4068.0,-0.0111,0.0017,0.008,-0.0385,-0.0001,0.0631,-0.015,0.06,0.09,0.04,no_change,0.07,2026-09-04T15:59:30,-17.6471,0.0850000008940697,229.4873,2026-09-07 20:11:28,2026-09-07 16:15:05
NVDA,NVDA260909P00197500,NVDA,2026-09-09,P,197.5,0.05,107.0,0.08,85.0,0.5939,1243.0,1347.0,-0.0127,0.002,0.009,-0.0413,-0.0001,0.0691,-0.015,0.08,0.1,0.06,up,0.08,2026-09-04T15:57:09,-15.7895,0.0850000008940697,229.4873,2026-09-07 20:11:28,2026-09-07 16:15:05
NVDA,NVDA260909P00200000,NVDA,2026-09-09,P,200.0,0.07,2.0,0.09,1.0,0.5616,3462.0,3944.0,-0.0146,0.0024,0.0101,-0.0444,-0.0002,0.0759,-0.015,0.09,0.11,0.06,no_change,0.09,2026-09-04T15:57:47,-14.2857,0.0950000025331974,229.4873,2026-09-07 20:11:28,2026-09-07 16:15:05
NVDA,NVDA260909P00202500,NVDA,2026-09-09,P,202.5,0.07,70.0,0.11,1.0,0.5235,8554.0,4963.0,-0.0168,0.0029,0.0115,-0.0476,-0.0002,0.0834,-0.035,0.08,0.12,0.07,down,0.08,2026-09-04T15:59:11,-30.4348,0.100000001490116,229.4873,2026-09-07 20:11:28,2026-09-07 16:15:05
NVDA,NVDA260909P00205000,NVDA,2026-09-09,P,205.0,0.09,200.0,0.11,16.0,0.4798,2478.0,2560.0,-0.0197,0.0036,0.0131,-0.0514,-0.0002,0.0928,-0.035,0.1,0.12,0.08,no_change,0.09,2026-09-04T15:59:59,-28.0,0.105000000447035,229.4873,2026-09-07 20:11:28,2026-09-07 16:15:05
NVDA,NVDA260909P00207500,NVDA,2026-09-09,P,207.5,0.09,15.0,0.12,1.0,0.4477,1700.0,809.0,-0.0232,0.0045,0.0151,-0.0556,-0.0003,0.1035,-0.06,0.14,0.14,0.09,no_change,0.09,2026-09-04T15:59:38,-40.0,0.114999998360872,229.4873,2026-09-07 20:11:28,2026-09-07 16:15:05
NVDA,NVDA260909P00210000,NVDA,2026-09-09,P,210.0,0.11,1.0,0.14,10.0,0.413,5813.0,4704.0,-0.0277,0.0057,0.0176,-0.0604,-0.0003,0.1167,-0.07,0.09,0.17,0.09,down,0.11,2026-09-04T15:59:44,-38.8889,0.134999997913837,229.4873,2026-09-07 20:11:28,2026-09-07 16:15:05
NVDA,NVDA260909P00212500,NVDA,2026-09-09,P,212.5,0.12,139.0,0.17,5.0,0.3766,2955.0,1801.0,-0.0339,0.0073,0.0208,-0.0664,-0.0004,0.1344,-0.105,0.14,0.17,0.12,down,0.12,2026-09-04T15:58:57,-46.6667,0.155000001192093,229.4873,2026-09-07 20:11:28,2026-09-07 16:15:05
NVDA,NVDA260909P00215000,NVDA,2026-09-09,P,215.0,0.15,172.0,0.2,4.0,0.3438,6424.0,5097.0,-0.0438,0.0099,0.0256,-0.0765,-0.0005,0.1649,-0.135,0.19,0.25,0.14,no_change,0.17,2026-09-04T15:59:49,-44.2623,0.185000002384186,229.4873,2026-09-07 20:11:28,2026-09-07 16:15:05
NVDA,NVDA260909P00217500,NVDA,2026-09-09,P,217.5,0.21,156.0,0.23,6.0,0.3183,2640.0,2371.0,-0.0611,0.014,0.0334,-0.0946,-0.0007,0.2245,-0.225,0.25,0.31,0.17,no_change,0.22,2026-09-04T15:59:48,-50.5618,0.244999997317791,229.4873,2026-09-07 20:11:28,2026-09-07 16:15:05
NVDA,NVDA260909P00220000,NVDA,2026-09-09,P,220.0,0.33,45.0,0.36,7.0,0.2984,8842.0,15546.0,-0.0927,0.0206,0.0456,-0.126,-0.0011,0.3451,-0.32,0.7,0.7,0.23,up,0.36,2026-09-04T15:59:47,-47.0588,0.365000009536743,229.4873,2026-09-07 20:11:28,2026-09-07 16:15:05
NVDA,NVDA260909P00222500,NVDA,2026-09-09,P,222.5,0.55,4.0,0.59,648.0,0.2832,4318.0,8883.0,-0.1465,0.03,0.0628,-0.1722,-0.0016,0.5761,-0.485,0.62,0.75,0.35,up,0.59,2026-09-04T15:59:59,-45.1163,0.610000014305115,229.4873,2026-09-07 20:11:28,2026-09-07 16:15:05
NVDA,NVDA260909P00225000,NVDA,2026-09-09,P,225.0,0.95,1.0,1.01,70.0,0.2717,8372.0,20988.0,-0.2287,0.0411,0.0823,-0.2258,-0.0024,0.9804,-0.675,1.51,1.51,0.53,up,1.0,2026-09-04T15:59:59,-40.2985,1.02999997138977,229.4873,2026-09-07 20:11:28,2026-09-07 16:15:05
NVDA,NVDA260909P00227500,NVDA,2026-09-09,P,227.5,1.58,5.0,1.66,3.0,0.2654,4679.0,17531.0,-0.341,0.0516,0.0992,-0.2715,-0.0035,1.6329,-0.925,1.02,2.06,0.83,no_change,1.62,2026-09-04T15:59:58,-36.3458,1.71000003814697,229.4873,2026-09-07 20:11:28,2026-09-07 16:15:05
NVDA,NVDA260909P00230000,NVDA,2026-09-09,P,230.0,2.48,65.0,2.65,1.0,0.2587,5545.0,35698.0,-0.4772,0.0574,0.1076,-0.2913,-0.0044,2.6174,-1.135,2.56,3.15,1.36,down,2.59,2026-09-04T15:59:59,-30.4698,2.73500001430511,229.4873,2026-09-07 20:11:28,2026-09-07 16:15:05
NVDA,NVDA260909P00232500,NVDA,2026-09-09,P,232.5,3.85,33.0,4.05,13.0,0.2553,2303.0,24060.0,-0.6197,0.0556,0.103,-0.2752,-0.0049,3.9936,-1.25,4.45,4.55,2.14,no_change,4.0,2026-09-04T15:59:53,-23.8095,4.14999985694885,229.4873,2026-09-07 20:11:28,2026-09-07 16:15:05
NVDA,NVDA260909P00235000,NVDA,2026-09-09,P,235.0,5.55,25.0,5.8,10.0,0.2506,661.0,5206.0,-0.7456,0.0468,0.0872,-0.229,-0.0047,5.7452,-1.275,5.85,6.2,3.2,no_change,5.75,2026-09-04T15:59:19,-18.1495,5.92499995231628,229.4873,2026-09-07 20:11:28,2026-09-07 16:15:05
NVDA,NVDA260909P00237500,NVDA,2026-09-09,P,237.5,6.3,75.0,8.95,50.0,0.2576,191.0,727.0,-0.841,0.0349,0.0661,-0.1708,-0.0039,7.7918,-1.295,6.6,8.15,4.73,up,7.78,2026-09-04T15:59:09,-14.27,8.0,229.4873,2026-09-07 20:11:28,2026-09-07 16:15:05
NVDA,NVDA260909P00240000,NVDA,2026-09-09,P,240.0,9.8,17.0,10.2,43.0,0.2588,145.0,1369.0,-0.9033,0.0239,0.0472,-0.1201,-0.0033,10.0448,-1.485,8.62,10.55,6.5,up,9.79,2026-09-04T15:58:10,-13.1707,10.2750000953674,229.4873,2026-09-07 20:11:28,2026-09-07 16:15:05
NVDA,NVDA260909P00242500,NVDA,2026-09-09,P,242.5,11.95,24.0,12.55,17.0,0.192,130.0,610.0,-0.9393,0.016,0.0332,-0.0853,-0.0023,12.4213,-1.115,12.49,12.65,8.5,down,12.51,2026-09-04T15:46:58,-8.18349,12.6500000953674,229.4873,2026-09-07 20:11:28,2026-09-07 16:15:05
NVDA,NVDA260909P00245000,NVDA,2026-09-09,P,245.0,13.75,59.0,15.05,17.0,0.0,52.0,193.0,-0.9596,0.0109,0.0241,-0.0632,-0.0018,14.8577,-1.275,13.0,15.04,10.8,up,14.75,2026-09-04T15:03:57,-7.95632,15.0999999046326,229.4873,2026-09-07 20:11:28,2026-09-07 16:15:05
NVDA,NVDA260909P00247500,NVDA,2026-09-09,P,247.5,15.8,53.0,18.0,24.0,0.0,45.0,373.0,-0.9716,0.0076,0.0182,-0.0488,-0.0013,17.3218,-1.7,17.56,17.56,13.23,down,16.75,2026-09-04T14:10:58,-9.21409,17.6999998092651,229.4873,2026-09-07 20:11:28,2026-09-07 16:15:05
NVDA,NVDA260909P00250000,NVDA,2026-09-09,P,250.0,18.35,62.0,21.2,68.0,0.322,68.0,191.0,-0.9792,0.0055,0.0139,-0.0389,-0.0013,19.7998,-0.735,19.61,20.24,15.98,up,20.24,2026-09-04T15:08:30,-3.50417,20.0500001907349,229.4873,2026-09-07 20:11:28,2026-09-07 16:15:05
NVDA,NVDA260909P00252500,NVDA,2026-09-09,P,252.5,20.45,57.0,22.55,21.0,0.0,3.0,4.0,-0.9842,0.0041,0.011,-0.0317,-0.001,22.2852,-1.125,20.0,22.35,20.0,no_change,22.35,2026-09-04T15:59:08,-4.79233,22.125,229.4873,2026-09-07 20:11:28,2026-09-07 16:15:05
NVDA,NVDA260909P00255000,NVDA,2026-09-09,P,255.0,23.3,29.0,26.2,23.0,0.3463,2.0,9.0,-0.9877,0.0031,0.0089,-0.0264,-0.0009,24.7751,-5.625,22.2,22.2,20.35,down,20.35,2026-09-04T10:33:49,-21.6554,25.1750001907349,229.4873,2026-09-07 20:11:28,2026-09-07 16:15:05
NVDA,NVDA260909P00260000,NVDA,2026-09-09,P,260.0,27.6,41.0,31.8,30.0,0.0,9.0,14.0,-0.992,0.0019,0.006,-0.0192,-0.0006,29.7623,-0.825,26.7,30.15,25.5,up,30.15,2026-09-04T15:31:00,-2.66344,30.5499992370606,229.4873,2026-09-07 20:11:28,2026-09-07 16:15:05
NVDA,NVDA260909P00265000,NVDA,2026-09-09,P,265.0,33.3,60.0,36.2,34.0,0.5101,1.0,5.0,-0.9945,0.0013,0.0044,-0.0145,-0.0004,34.7547,-1.19,32.35,35.4,29.85,up,34.81,2026-09-04T14:01:22,-3.30556,35.125,229.4873,2026-09-07 20:11:28,2026-09-07 16:15:05
NVDA,NVDA260909P00270000,NVDA,2026-09-09,P,270.0,38.05,21.0,41.4,21.0,0.5124,0.0,1.0,-0.996,0.0009,0.0032,-0.0114,-0.0004,39.7499,-6.14,34.86,34.86,34.86,down,34.86,2026-09-04T10:30:04,-14.9756,40.0,229.4873,2026-09-07 20:11:28,2026-09-07 16:15:05
NVDA,NVDA260909P00275000,NVDA,2026-09-09,P,275.0,43.3,56.0,46.2,10.0,0.5644,0.0,0.0,-0.997,0.0006,0.0025,-0.0091,-0.0003,44.7466,0.0,0.0,0.0,0.0,no_change,0.0,,0.0,44.9750003814697,229.4873,2026-09-07 20:11:28,2026-09-07 16:15:05
NVDA,NVDA260909P00280000,NVDA,2026-09-09,P,280.0,48.3,53.0,51.15,10.0,0.0,0.0,0.0,-0.9977,0.0005,0.0019,-0.0075,-0.0003,49.7443,0.0,0.0,0.0,0.0,no_change,0.0,,0.0,49.9250011444092,229.4873,2026-09-07 20:11:28,2026-09-07 16:15:05
NVDA,NVDA260909P00285000,NVDA,2026-09-09,P,285.0,53.3,51.0,56.15,9.0,0.0,0.0,0.0,-0.9982,0.0004,0.0016,-0.0062,-0.0003,54.7425,0.0,0.0,0.0,0.0,no_change,0.0,,0.0,55.0750007629394,229.4873,2026-09-07 20:11:28,2026-09-07 16:15:05
NVDA,NVDA260909P00290000,NVDA,2026-09-09,P,290.0,58.3,56.0,61.2,10.0,0.7123,0.0,0.0,-0.9986,0.0003,0.0012,-0.0053,-0.0002,59.7413,0.0,0.0,0.0,0.0,no_change,0.0,,0.0,60.0249996185303,229.4873,2026-09-07 20:11:28,2026-09-07 16:15:05
NVDA,NVDA260909P00295000,NVDA,2026-09-09,P,295.0,63.3,6.0,66.2,10.0,0.759,0.0,0.0,-0.9988,0.0002,0.001,-0.0045,-0.0002,64.7403,0.0,0.0,0.0,0.0,no_change,0.0,,0.0,65.1000022888184,229.4873,2026-09-07 20:11:28,2026-09-07 16:15:05
NVDA,NVDA260909P00300000,NVDA,2026-09-09,P,300.0,68.3,10.0,71.2,10.0,0.8046,0.0,0.0,-0.999,0.0002,0.0009,-0.0039,-0.0002,69.7395,0.0,0.0,0.0,0.0,no_change,0.0,,0.0,69.9749984741211,229.4873,2026-09-07 20:11:28,2026-09-07 16:15:05
NVDA,NVDA260909P00310000,NVDA,2026-09-09,P,310.0,78.3,52.0,81.2,9.0,0.8927,0.0,0.0,-0.9993,0.0001,0.0006,-0.003,-0.0001,79.7384,0.0,0.0,0.0,0.0,up,90.7,2026-09-02T09:30:05,0.0,80.0,229.4873,2026-09-07 20:11:28,2026-09-07 16:15:05
NVDA,NVDA260909P00320000,NVDA,2026-09-09,P,320.0,88.35,4.0,91.2,3.0,1.0704,0.0,0.0,-0.9995,0.0001,0.0005,-0.0023,-0.0001,89.7376,0.0,0.0,0.0,0.0,no_change,0.0,,0.0,89.9500007629394,229.4873,2026-09-07 20:11:28,2026-09-07 16:15:05
NVDA,NVDA260909P00330000,NVDA,2026-09-09,P,330.0,98.3,51.0,101.2,12.0,1.0582,0.0,0.0,-0.9996,0.0001,0.0004,-0.0018,0.0,99.737,0.0,0.0,0.0,0.0,no_change,0.0,,0.0,99.9500007629394,229.4873,2026-09-07 20:11:28,2026-09-07 16:15:05
NVDA,NVDA260909P00340000,NVDA,2026-09-09,P,340.0,108.3,51.0,111.2,10.0,1.1361,0.0,0.0,-0.9997,0.0,0.0003,-0.0015,-0.0001,109.7366,0.0,0.0,0.0,0.0,no_change,0.0,,0.0,109.950000762939,229.4873,2026-09-07 20:11:28,2026-09-07 16:15:05
NVDA,NVDA260909P00350000,NVDA,2026-09-09,P,350.0,118.3,51.0,121.2,10.0,1.2113,0.0,0.0,-0.9998,0.0,0.0002,-0.0012,-0.0001,119.7363,0.0,0.0,0.0,0.0,no_change,0.0,,0.0,120.049999237061,229.4873,2026-09-07 20:11:28,2026-09-07 16:15:05
NVDA,NVDA260909P00360000,NVDA,2026-09-09,P,360.0,128.3,51.0,131.2,12.0,1.2839,0.0,0.0,-0.9998,0.0,0.0002,-0.001,0.0,129.7361,0.0,0.0,0.0,0.0,no_change,0.0,,0.0,129.949996948242,229.4873,2026-09-07 20:11:28,2026-09-07 16:15:05
NVDA,NVDA260909P00370000,NVDA,2026-09-09,P,370.0,138.3,50.0,141.2,12.0,1.354,0.0,0.0,-0.9998,0.0,0.0001,-0.0009,0.0,139.7359,0.0,0.0,0.0,0.0,no_change,0.0,,0.0,139.974998474121,229.4873,2026-09-07 20:11:28,2026-09-07 16:15:05
NVDA,NVDA260909P00380000,NVDA,2026-09-09,P,380.0,148.3,51.0,150.3,3.0,0.0,0.0,0.0,-0.9999,0.0,0.0001,-0.0008,0.0,149.7358,0.0,0.0,0.0,0.0,no_change,0.0,,0.0,150.024993896484,229.4873,2026-09-07 20:11:28,2026-09-07 16:15:05
NVDA,NVDA260909P00390000,NVDA,2026-09-09,P,390.0,158.3,50.0,161.75,10.0,1.4877,0.0,0.0,-0.9999,0.0,0.0001,-0.0006,0.0,159.7357,0.0,0.0,0.0,0.0,no_change,0.0,,0.0,159.949996948242,229.4873,2026-09-07 20:11:28,2026-09-07 16:15:05
NVDA,NVDA260911C00050000,NVDA,2026-09-11,C,50.0,176.35,9.0,184.85,12.0,4.2684,2.0,0.0,0.9999,0.0,0.0001,-0.0014,0.0028,180.2772,0.0,0.0,0.0,0.0,down,168.05,2026-09-01T11:15:00,0.0,179.699996948242,229.4873,2026-09-07 20:11:28,2026-09-07 16:15:05
NVDA,NVDA260911C00055000,NVDA,2026-09-11,C,55.0,172.5,11.0,178.1,1.0,0.0,0.0,0.0,0.9999,0.0,0.0001,-0.0016,0.003,175.2786,0.0,0.0,0.0,0.0,no_change,0.0,,0.0,175.674995422363,229.4873,2026-09-07 20:11:28,2026-09-07 16:15:05
NVDA,NVDA260911C00060000,NVDA,2026-09-11,C,60.0,166.1,51.0,174.3,9.0,3.3708,2.0,0.0,0.9999,0.0,0.0001,-0.0018,0.0033,170.2801,0.0,0.0,0.0,0.0,up,166.2,2026-09-03T12:07:51,0.0,170.349998474121,229.4873,2026-09-07 20:11:28,2026-09-07 16:15:05
NVDA,NVDA260911C00065000,NVDA,2026-09-11,C,65.0,162.5,51.0,168.05,12.0,3.6416,1.0,2.0,0.9999,0.0,0.0002,-0.002,0.0036,165.2816,1.2,165.48,165.55,165.48,up,165.55,2026-09-04T15:26:55,0.73015,165.649993896484,229.4873,2026-09-07 20:11:28,2026-09-07 16:15:05
NVDA,NVDA260911C00070000,NVDA,2026-09-11,C,70.0,157.5,51.0,163.2,12.0,3.4302,1.0,2.0,0.9998,0.0,0.0002,-0.0023,0.0039,160.2832,0.97,160.58,160.58,160.57,down,160.57,2026-09-04T15:26:55,0.60777,160.674995422363,229.4873,2026-09-07 20:11:28,2026-09-07 16:15:05
NVDA,NVDA260911C00075000,NVDA,2026-09-11,C,75.0,152.75,51.0,158.0,12.0,3.2342,1.0,2.0,0.9998,0.0,0.0002,-0.0026,0.0041,155.2848,2.075,156.62,156.65,156.62,up,156.65,2026-09-04T12:20:41,1.34239,155.650001525879,229.4873,2026-09-07 20:11:28,2026-09-07 16:15:05
NVDA,NVDA260911C00080000,NVDA,2026-09-11,C,80.0,147.7,9.0,153.05,12.0,3.0515,1.0,2.0,0.9998,0.0,0.0002,-0.0028,0.0044,150.2864,2.03,151.71,151.71,151.68,down,151.68,2026-09-04T12:20:41,1.3565,150.375,229.4873,2026-09-07 20:11:28,2026-09-07 16:15:05
NVDA,NVDA260911C00085000,NVDA,2026-09-11,C,85.0,142.65,20.0,148.1,12.0,2.958,68.0,82.0,0.9997,0.0,0.0003,-0.0032,0.0047,145.288,0.335,146.62,146.69,145.01,down,145.01,2026-09-04T14:53:03,0.231557,145.375,229.4873,2026-09-07 20:11:28,2026-09-07 16:15:05
NVDA,NVDA260911C00090000,NVDA,2026-09-11,C,90.0,137.7,9.0,143.1,9.0,2.794,33.0,52.0,0.9997,0.0,0.0004,-0.0035,0.005,140.2898,2.005,141.69,141.75,141.68,no_change,141.68,2026-09-04T12:26:29,1.43548,140.5,229.4873,2026-09-07 20:11:28,2026-09-07 16:15:05
NVDA,NVDA260911C00095000,NVDA,2026-09-11,C,95.0,131.25,6.0,139.3,11.0,0.0,1.0,0.0,0.9996,0.0,0.0004,-0.004,0.0053,135.2916,0.0,0.0,0.0,0.0,up,131.99,2026-09-03T11:27:31,0.0,135.950004577637,229.4873,2026-09-07 20:11:28,2026-09-07 16:15:05
NVDA,NVDA260911C00100000,NVDA,2026-09-11,C,100.0,126.1,51.0,134.5,12.0,0.0,2.0,0.0,0.9996,0.0,0.0004,-0.0044,0.0055,130.2935,0.0,0.0,0.0,0.0,up,119.43,2026-08-28T14:05:34,0.0,130.399997711182,229.4873,2026-09-07 20:11:28,2026-09-07 16:15:05
NVDA,NVDA260911C00105000,NVDA,2026-09-11,C,105.0,122.65,12.0,129.25,12.0,2.997,12.0,10.0,0.9995,0.0,0.0005,-0.0049,0.0058,125.2955,-0.4,129.25,129.25,125.25,down,125.25,2026-09-04T14:46:08,-0.318343,125.400001525879,229.4873,2026-09-07 20:11:28,2026-09-07 16:15:05
NVDA,NVDA260911C00110000,NVDA,2026-09-11,C,110.0,116.1,51.0,124.35,8.0,0.0,3.0,2.0,0.9994,0.0,0.0006,-0.0054,0.0061,120.2975,5.59,123.64,123.64,123.64,no_change,123.64,2026-09-04T10:50:35,4.73528,120.625,229.4873,2026-09-07 20:11:28,2026-09-07 16:15:05
NVDA,NVDA260911C00115000,NVDA,2026-09-11,C,115.0,111.3,60.0,119.8,12.0,0.0,1.0,0.0,0.9993,0.0,0.0008,-0.0061,0.0064,115.2997,0.0,0.0,0.0,0.0,down,110.04,2026-08-28T10:26:16,0.0,115.424999237061,229.4873,2026-09-07 20:11:28,2026-09-07 16:15:05
NVDA,NVDA260911C00120000,NVDA,2026-09-11,C,120.0,105.95,54.0,114.85,12.0,0.0,41.0,0.0,0.9992,0.0001,0.0008,-0.0068,0.0067,110.3021,0.0,0.0,0.0,0.0,down,106.4,2026-08-27T10:27:32,0.0,111.424999237061,229.4873,2026-09-07 20:11:28,2026-09-07 16:15:05
NVDA,NVDA260911C00125000,NVDA,2026-09-11,C,125.0,101.4,9.0,109.5,12.0,1.6362,3.0,0.0,0.9991,0.0001,0.001,-0.0076,0.007,105.3046,0.0,0.0,0.0,0.0,up,104.82,2026-09-03T14:05:43,0.0,105.799999237061,229.4873,2026-09-07 20:11:28,2026-09-07 16:15:05
NVDA,NVDA260911C00130000,NVDA,2026-09-11,C,130.0,96.8,12.0,101.7,9.0,0.0,1.0,0.0,0.9989,0.0001,0.0011,-0.0084,0.0072,100.3072,0.0,0.0,0.0,0.0,down,88.34,2026-09-01T11:13:31,0.0,100.650001525879,229.4873,2026-09-07 20:11:28,2026-09-07 16:15:05
NVDA,NVDA260911C00135000,NVDA,2026-09-11,C,135.0,91.65,16.0,99.25,16.0,1.7161,3.0,0.0,0.9987,0.0001,0.0014,-0.0094,0.0076,95.31,0.0,0.0,0.0,0.0,up,95.8,2026-09-03T12:07:51,0.0,96.0249977111816,229.4873,2026-09-07 20:11:28,2026-09-07 16:15:05
NVDA,NVDA260911C00140000,NVDA,2026-09-11,C,140.0,87.65,9.0,92.4,13.0,0.0,119.0,103.0,0.9985,0.0001,0.0016,-0.0105,0.0079,90.3133,0.09,93.87,93.87,89.84,no_change,89.84,2026-09-04T15:37:24,0.100279,90.0750007629394,229.4873,2026-09-07 20:11:28,2026-09-07 16:15:05
NVDA,NVDA260911C00145000,NVDA,2026-09-11,C,145.0,83.15,1.0,88.15,22.0,1.7102,21.0,15.0,0.9982,0.0002,0.0018,-0.0118,0.0081,85.3168,0.51,85.26,85.26,85.26,up,85.26,2026-09-04T15:19:44,0.60177,85.2750015258789,229.4873,2026-09-07 20:11:28,2026-09-07 16:15:05
NVDA,NVDA260911C00150000,NVDA,2026-09-11,C,150.0,76.9,69.0,84.2,39.0,1.5051,47.0,31.0,0.9978,0.0002,0.002,-0.0133,0.0084,80.3207,0.75,81.1,84.03,80.5,down,80.5,2026-09-04T15:14:11,0.940439,80.5999984741211,229.4873,2026-09-07 20:11:28,2026-09-07 16:15:05
NVDA,NVDA260911C00155000,NVDA,2026-09-11,C,155.0,73.05,65.0,78.15,16.0,1.4407,79.0,23.0,0.9974,0.0002,0.0026,-0.0149,0.0089,75.3249,0.3,75.15,75.15,75.15,up,75.15,2026-09-04T13:52:19,0.400799,75.875,229.4873,2026-09-07 20:11:28,2026-09-07 16:15:05
NVDA,NVDA260911C00160000,NVDA,2026-09-11,C,160.0,66.9,100.0,73.25,46.0,0.0,347.0,1.0,0.9969,0.0003,0.003,-0.0168,0.0091,70.33,1.425,71.2,71.2,71.2,up,71.2,2026-09-04T09:30:11,2.04228,70.5499992370606,229.4873,2026-09-07 20:11:28,2026-09-07 16:15:05
NVDA,NVDA260911C00165000,NVDA,2026-09-11,C,165.0,61.9,68.0,69.25,39.0,1.2224,57.0,11.0,0.9962,0.0004,0.0035,-0.0191,0.0094,65.3357,0.025,66.91,66.91,64.95,no_change,64.95,2026-09-04T15:23:19,0.0385042,65.1749992370606,229.4873,2026-09-07 20:11:28,2026-09-07 16:15:05
NVDA,NVDA260911C00170000,NVDA,2026-09-11,C,170.0,57.9,137.0,63.7,96.0,1.2453,182.0,11.0,0.9953,0.0005,0.0043,-0.0216,0.0097,60.3421,3.1,64.43,64.43,62.52,up,62.9,2026-09-04T11:41:22,5.18395,60.375,229.4873,2026-09-07 20:11:28,2026-09-07 16:15:05
NVDA,NVDA260911C00175000,NVDA,2026-09-11,C,175.0,52.7,66.0,58.7,18.0,1.0995,91.0,15.0,0.9942,0.0006,0.0053,-0.0247,0.0102,55.3502,0.555,59.44,59.44,55.28,no_change,55.28,2026-09-04T15:27:12,1.01416,55.125,229.4873,2026-09-07 20:11:28,2026-09-07 16:15:05
NVDA,NVDA260911C00180000,NVDA,2026-09-11,C,180.0,49.65,74.0,51.2,32.0,0.0,632.0,22.0,0.9928,0.0009,0.0062,-0.0283,0.0104,50.3597,1.67,53.63,53.98,50.47,up,50.57,2026-09-04T13:56:30,3.41513,50.0249996185303,229.4873,2026-09-07 20:11:28,2026-09-07 16:15:05
NVDA,NVDA260911C00185000,NVDA,2026-09-11,C,185.0,43.3,175.0,48.25,77.0,0.938,291.0,127.0,0.9909,0.0011,0.0081,-0.0326,0.0111,45.3709,1.345,48.29,49.5,44.29,up,45.07,2026-09-04T15:47:22,3.07605,44.2999992370606,229.4873,2026-09-07 20:11:28,2026-09-07 16:15:05
NVDA,NVDA260911C00187500,NVDA,2026-09-11,C,187.5,39.45,11.0,46.8,13.0,0.83,36.0,35.0,0.9897,0.0013,0.0089,-0.0351,0.0112,42.878,3.075,47.05,47.05,46.35,down,46.35,2026-09-04T10:00:13,7.10572,43.9500007629394,229.4873,2026-09-07 20:11:28,2026-09-07 16:15:05
NVDA,NVDA260911C00190000,NVDA,2026-09-11,C,190.0,39.85,109.0,40.65,11.0,0.0,434.0,30.0,0.9882,0.0016,0.0097,-0.0378,0.0113,40.3858,0.8,44.43,44.47,39.85,down,39.85,2026-09-04T15:37:43,2.04865,40.0,229.4873,2026-09-07 20:11:28,2026-09-07 16:15:05
NVDA,NVDA260911C00192500,NVDA,2026-09-11,C,192.5,35.3,58.0,41.4,9.0,0.8197,30.0,20.0,0.9866,0.0018,0.0107,-0.0408,0.0114,37.8944,1.175,37.65,37.65,37.65,down,37.65,2026-09-04T15:13:19,3.22138,37.8999996185303,229.4873,2026-09-07 20:11:28,2026-09-07 16:15:05
NVDA,NVDA260911C00195000,NVDA,2026-09-11,C,195.0,34.9,54.0,37.0,1.0,0.7999,1040.0,120.0,0.9846,0.0022,0.0127,-0.0441,0.0115,35.404,1.175,38.69,38.69,35.16,no_change,35.2,2026-09-04T15:12:25,3.45334,36.0499992370606,229.4873,2026-09-07 20:11:28,2026-09-07 16:15:05
NVDA,NVDA260911C00197500,NVDA,2026-09-11,C,197.5,29.5,119.0,36.85,53.0,0.669,111.0,7.0,0.9822,0.0026,0.0142,-0.0478,0.0122,32.9158,2.13,34.27,34.43,32.98,down,32.98,2026-09-04T14:24:42,6.90437,33.1999988555908,229.4873,2026-09-07 20:11:28,2026-09-07 16:15:05
NVDA,NVDA260911C00200000,NVDA,2026-09-11,C,200.0,29.05,648.0,30.55,1.0,0.0,1999.0,133.0,0.9793,0.0031,0.0159,-0.052,0.0122,30.4294,1.15,32.45,34.49,29.88,down,30.2,2026-09-04T15:59:39,3.95869,30.125,229.4873,2026-09-07 20:11:28,2026-09-07 16:15:05
NVDA,NVDA260911C00202500,NVDA,2026-09-11,C,202.5,27.25,98.0,30.35,101.0,0.7277,693.0,74.0,0.9758,0.0038,0.0181,-0.0568,0.0123,27.9452,1.27,28.87,28.87,27.9,no_change,28.07,2026-09-04T15:50:13,4.73881,27.8500003814697,229.4873,2026-09-07 20:11:28,2026-09-07 16:15:05
NVDA,NVDA260911C00205000,NVDA,2026-09-11,C,205.0,25.2,68.0,25.75,6.0,0.4488,1061.0,242.0,0.9712,0.0046,0.0215,-0.0624,0.0131,25.4651,1.22,27.27,29.35,25.02,up,25.37,2026-09-04T15:47:59,5.05176,25.1500005722046,229.4873,2026-09-07 20:11:28,2026-09-07 16:15:05
NVDA,NVDA260911C00207500,NVDA,2026-09-11,C,207.5,22.6,54.0,23.25,41.0,0.363,687.0,71.0,0.9651,0.0058,0.0246,-0.0696,0.0131,22.9918,1.13,23.28,26.72,22.73,down,22.83,2026-09-04T15:41:42,5.20737,22.5250005722046,229.4873,2026-09-07 20:11:28,2026-09-07 16:15:05
NVDA,NVDA260911C00210000,NVDA,2026-09-11,C,210.0,20.35,95.0,21.2,122.0,0.3994,7549.0,610.0,0.9566,0.0074,0.0302,-0.0791,0.014,20.5291,0.85,21.38,25.0,20.0,down,20.25,2026-09-04T15:59:45,4.38145,20.2250003814697,229.4873,2026-09-07 20:11:28,2026-09-07 16:15:05
NVDA,NVDA260911C00212500,NVDA,2026-09-11,C,212.5,17.9,88.0,19.0,140.0,0.3726,2133.0,711.0,0.9438,0.0097,0.0358,-0.0928,0.0138,18.0883,1.0,18.38,22.35,17.55,down,18.0,2026-09-04T15:59:02,5.88235,17.75,229.4873,2026-09-07 20:11:28,2026-09-07 16:15:05
NVDA,NVDA260911C00215000,NVDA,2026-09-11,C,215.0,15.55,54.0,16.5,158.0,0.3421,5951.0,1840.0,0.9243,0.0129,0.0458,-0.1127,0.0146,15.6848,1.1,16.5,20.08,15.14,up,15.75,2026-09-04T15:59:58,7.50853,15.3499999046326,229.4873,2026-09-07 20:11:28,2026-09-07 16:15:05
NVDA,NVDA260911C00217500,NVDA,2026-09-11,C,217.5,13.15,33.0,13.5,8.0,0.3363,2480.0,1249.0,0.8945,0.0172,0.0586,-0.1406,0.0152,13.3444,1.34,14.25,17.7,12.89,up,13.74,2026-09-04T15:53:15,10.8065,13.0499997138977,229.4873,2026-09-07 20:11:28,2026-09-07 16:15:05
NVDA,NVDA260911C00220000,NVDA,2026-09-11,C,220.0,10.95,33.0,11.5,136.0,0.3202,10727.0,4013.0,0.8506,0.0227,0.0742,-0.176,0.0156,11.103,0.85,11.46,15.35,10.6,up,11.15,2026-09-04T15:59:58,8.25243,10.7750000953674,229.4873,2026-09-07 20:11:28,2026-09-07 16:15:05
NVDA,NVDA260911C00222500,NVDA,2026-09-11,C,222.5,8.85,40.0,9.15,21.0,0.3156,2392.0,1849.0,0.7901,0.0288,0.0916,-0.2155,0.0155,9.0023,0.745,9.0,13.0,8.55,no_change,9.07,2026-09-04T15:57:52,8.94895,8.7000002861023,229.4873,2026-09-07 20:11:28,2026-09-07 16:15:05
NVDA,NVDA260911C00225000,NVDA,2026-09-11,C,225.0,7.0,45.0,7.2,5.0,0.3085,12685.0,4289.0,0.7127,0.0347,0.109,-0.2523,0.0166,7.0866,0.55,7.68,10.76,6.65,no_change,7.1,2026-09-04T15:59:58,8.39695,6.82500004768372,229.4873,2026-09-07 20:11:28,2026-09-07 16:15:05
NVDA,NVDA260911C00227500,NVDA,2026-09-11,C,227.5,5.3,38.0,5.55,5.0,0.3029,24169.0,11307.0,0.6209,0.0393,0.1212,-0.2783,0.0152,5.394,0.325,6.05,8.85,5.04,down,5.35,2026-09-04T15:59:34,6.46766,5.14999985694885,229.4873,2026-09-07 20:11:28,2026-09-07 16:15:05
NVDA,NVDA260911C00230000,NVDA,2026-09-11,C,230.0,3.9,57.0,4.1,17.0,0.3019,34545.0,27145.0,0.5195,0.0416,0.127,-0.2874,0.0146,3.9537,0.275,4.55,7.05,3.65,no_change,4.0,2026-09-04T15:59:58,7.38255,3.77499997615814,229.4873,2026-09-07 20:11:28,2026-09-07 16:15:05
NVDA,NVDA260911C00232500,NVDA,2026-09-11,C,232.5,2.75,103.0,2.89,3.0,0.2999,45091.0,47989.0,0.4159,0.0411,0.1244,-0.2769,0.0121,2.7903,0.155,3.2,5.45,2.56,no_change,2.82,2026-09-04T15:59:59,5.81613,2.65000009536743,229.4873,2026-09-07 20:11:28,2026-09-07 16:15:05
NVDA,NVDA260911C00235000,NVDA,2026-09-11,C,235.0,1.88,98.0,1.96,10.0,0.2974,32767.0,46150.0,0.3181,0.0376,0.1141,-0.2493,0.0098,1.8999,0.055,2.3,4.1,1.73,no_change,1.91,2026-09-04T15:59:59,2.96496,1.79999995231628,229.4873,2026-09-07 20:11:28,2026-09-07 16:15:05
NVDA,NVDA260911C00237500,NVDA,2026-09-11,C,237.5,1.23,32.0,1.29,2.0,0.2977,35730.0,36385.0,0.233,0.0322,0.098,-0.2102,0.0076,1.2512,-0.005,1.64,2.99,1.14,no_change,1.26,2026-09-04T15:59:59,-0.395256,1.16999995708466,229.4873,2026-09-07 20:11:28,2026-09-07 16:15:05
NVDA,NVDA260911C00240000,NVDA,2026-09-11,C,240.0,0.8,148.0,0.84,5.0,0.2996,41481.0,28923.0,0.1642,0.0259,0.0798,-0.1674,0.0054,0.8027,-0.025,1.05,2.12,0.73,up,0.82,2026-09-04T15:59:59,-2.95858,0.754999995231628,229.4873,2026-09-07 20:11:28,2026-09-07 16:15:05
NVDA,NVDA260911C00242500,NVDA,2026-09-11,C,242.5,0.52,16.0,0.56,57.0,0.3045,8815.0,15200.0,0.114,0.0198,0.0624,-0.1295,0.004,0.5185,-0.03,0.7,1.48,0.48,no_change,0.53,2026-09-04T15:59:51,-5.35714,0.489999994635582,229.4873,2026-09-07 20:11:28,2026-09-07 16:15:05
NVDA,NVDA260911C00245000,NVDA,2026-09-11,C,245.0,0.35,21.0,0.37,10.0,0.3138,11893.0,15267.0,0.0806,0.0148,0.0486,-0.1012,0.0028,0.3518,-0.025,0.47,1.03,0.33,no_change,0.35,2026-09-04T15:59:56,-6.66667,0.33500000834465,229.4873,2026-09-07 20:11:28,2026-09-07 16:15:05
NVDA,NVDA260911C00247500,NVDA,2026-09-11,C,247.5,0.24,154.0,0.27,11.0,0.327,2339.0,9171.0,0.0594,0.0112,0.0386,-0.0819,0.0021,0.2563,0.0,0.29,0.7,0.23,no_change,0.25,2026-09-04T15:59:40,2.98023e-06,0.244999997317791,229.4873,2026-09-07 20:11:28,2026-09-07 16:15:05
NVDA,NVDA260911C00250000,NVDA,2026-09-11,C,250.0,0.19,4.0,0.2,654.0,0.345,16676.0,23207.0,0.045,0.0086,0.031,-0.0675,0.0016,0.1939,0.02,0.21,0.49,0.17,down,0.19,2026-09-04T15:59:52,11.7647,0.185000002384186,229.4873,2026-09-07 20:11:28,2026-09-07 16:15:05
NVDA,NVDA260911C00252500,NVDA,2026-09-11,C,252.5,0.15,258.0,0.17,145.0,0.3633,18423.0,43936.0,0.0352,0.0067,0.0254,-0.0572,0.0012,0.1533,0.035,0.15,0.35,0.13,up,0.16,2026-09-04T15:59:41,28.0,0.155000001192093,229.4873,2026-09-07 20:11:28,2026-09-07 16:15:05
NVDA,NVDA260911C00255000,NVDA,2026-09-11,C,255.0,0.12,178.0,0.13,1.0,0.3808,11130.0,9701.0,0.0281,0.0053,0.0211,-0.0489,0.001,0.1238,0.035,0.11,0.26,0.11,no_change,0.13,2026-09-04T15:59:09,36.8421,0.12499999627471,229.4873,2026-09-07 20:11:28,2026-09-07 16:15:05
NVDA,NVDA260911C00257500,NVDA,2026-09-11,C,257.5,0.1,4.0,0.11,74.0,0.3996,11425.0,11795.0,0.0227,0.0042,0.0176,-0.042,0.0008,0.1013,0.035,0.07,0.19,0.07,down,0.11,2026-09-04T15:59:02,46.6667,0.105000000447035,229.4873,2026-09-07 20:11:28,2026-09-07 16:15:05
NVDA,NVDA260911C00260000,NVDA,2026-09-11,C,260.0,0.08,10.0,0.09,93.0,0.4152,32771.0,30131.0,0.0185,0.0034,0.0148,-0.0362,0.0007,0.0834,0.035,0.05,0.14,0.05,no_change,0.09,2026-09-04T15:59:10,63.6364,0.0850000008940697,229.4873,2026-09-07 20:11:28,2026-09-07 16:15:05
NVDA,NVDA260911C00265000,NVDA,2026-09-11,C,265.0,0.05,16.0,0.07,140.0,0.4478,5732.0,2724.0,0.0124,0.0022,0.0105,-0.0268,0.0004,0.0571,0.015,0.04,0.09,0.03,down,0.05,2026-09-04T15:58:26,42.8571,0.0549999997019768,229.4873,2026-09-07 20:11:28,2026-09-07 16:15:05
NVDA,NVDA260911C00270000,NVDA,2026-09-11,C,270.0,0.03,28.0,0.04,29.0,0.467,6790.0,3271.0,0.0084,0.0015,0.0075,-0.0196,0.0003,0.0389,0.015,0.03,0.06,0.03,up,0.04,2026-09-04T15:54:43,60.0,0.034999999217689,229.4873,2026-09-07 20:11:28,2026-09-07 16:15:05
NVDA,NVDA260911C00275000,NVDA,2026-09-11,C,275.0,0.02,1.0,0.03,20.0,0.4952,2517.0,1087.0,0.0057,0.001,0.0053,-0.0142,0.0002,0.0267,0.015,0.02,0.04,0.02,no_change,0.03,2026-09-04T15:30:45,100.0,0.0249999994412065,229.4873,2026-09-07 20:11:28,2026-09-07 16:15:05
NVDA,NVDA260911C00280000,NVDA,2026-09-11,C,280.0,0.01,135.0,0.02,110.0,0.5122,4545.0,3862.0,0.0039,0.0007,0.0038,-0.0104,0.0001,0.0186,-0.005,0.02,0.06,0.01,down,0.01,2026-09-04T15:59:21,-33.3333,0.0149999996647239,229.4873,2026-09-07 20:11:28,2026-09-07 16:15:05
NVDA,NVDA260911C00285000,NVDA,2026-09-11,C,285.0,0.0,0.0,0.02,100.0,0.5534,716.0,362.0,0.0028,0.0005,0.0028,-0.0079,0.0001,0.0135,0.0,0.02,0.02,0.01,down,0.01,2026-09-04T15:20:41,2.23517e-06,0.0149999996647239,229.4873,2026-09-07 20:11:28,2026-09-07 16:15:05
NVDA,NVDA260911C00290000,NVDA,2026-09-11,C,290.0,0.0,0.0,0.23,9.0,0.5936,1021.0,882.0,0.0021,0.0004,0.0022,-0.0062,0.0001,0.0102,0.005,0.02,0.03,0.01,no_change,0.01,2026-09-04T14:21:36,100.0,0.0199999995529652,229.4873,2026-09-07 20:11:28,2026-09-07 16:15:05
NVDA,NVDA260911C00295000,NVDA,2026-09-11,C,295.0,0.0,0.0,0.03,47.0,0.6327,1126.0,749.0,0.0016,0.0003,0.0017,-0.005,0.0001,0.008,0.01,0.01,0.05,0.01,no_change,0.02,2026-09-04T14:46:51,100.0,0.0149999996647239,229.4873,2026-09-07 20:11:28,2026-09-07 16:15:05
NVDA,NVDA260911C00300000,NVDA,2026-09-11,C,300.0,0.0,0.0,0.01,72.0,0.6111,7233.0,3015.0,0.0013,0.0002,0.0014,-0.0042,0.0,0.0065,0.005,0.01,0.03,0.01,no_change,0.01,2026-09-04T15:56:12,100.0,0.0149999996647239,229.4873,2026-09-07 20:11:28,2026-09-07 16:15:05
NVDA,NVDA260911C00305000,NVDA,2026-09-11,C,305.0,0.0,0.0,0.01,20.0,0.6457,964.0,0.0,0.001,0.0002,0.0011,-0.0035,0.0,0.0054,0.0,0.0,0.0,0.0,no_change,0.01,2026-09-03T15:37:36,0.0,0.00499999988824129,229.4873,2026-09-07 20:11:28,2026-09-07 16:15:05
NVDA,NVDA260911C00310000,NVDA,2026-09-11,C,310.0,0.0,0.0,0.01,20.0,0.6796,491.0,100.0,0.0009,0.0001,0.001,-0.0031,0.0,0.0046,0.005,0.01,0.01,0.01,no_change,0.01,2026-09-04T15:41:06,100.0,0.00999999977648258,229.4873,2026-09-07 20:11:28,2026-09-07 16:15:05
NVDA,NVDA260911C00315000,NVDA,2026-09-11,C,315.0,0.0,0.0,0.01,6666.0,0.7128,111.0,0.0,0.0007,0.0001,0.0008,-0.0026,0.0,0.004,0.0,0.0,0.0,0.0,no_change,0.01,2026-08-28T10:46:01,0.0,0.00499999988824129,229.4873,2026-09-07 20:11:28,2026-09-07 16:15:05
NVDA,NVDA260911C00320000,NVDA,2026-09-11,C,320.0,0.0,0.0,0.01,11110.0,0.7454,1037.0,0.0,0.0006,0.0001,0.0007,-0.0023,0.0,0.0034,0.0,0.0,0.0,0.0,no_change,0.02,2026-08-27T14:55:47,0.0,0.00499999988824129,229.4873,2026-09-07 20:11:28,2026-09-07 16:15:05
NVDA,NVDA260911C00325000,NVDA,2026-09-11,C,325.0,0.0,0.0,0.01,1.0,0.7773,40.0,1.0,0.0005,0.0001,0.0006,-0.002,0.0,0.003,0.005,0.01,0.01,0.01,no_change,0.01,2026-09-04T10:06:19,100.0,0.00499999988824129,229.4873,2026-09-07 20:11:28,2026-09-07 16:15:05
NVDA,NVDA260911C00330000,NVDA,2026-09-11,C,330.0,0.0,0.0,0.01,1.0,0.8086,36.0,0.0,0.0005,0.0001,0.0005,-0.0018,0.0,0.0026,0.0,0.0,0.0,0.0,no_change,0.01,2026-08-27T15:58:40,0.0,0.00499999988824129,229.4873,2026-09-07 20:11:28,2026-09-07 16:15:05
NVDA,NVDA260911C00335000,NVDA,2026-09-11,C,335.0,0.0,0.0,0.02,2.0,0.8393,129.0,1.0,0.0004,0.0001,0.0005,-0.0016,0.0,0.0023,0.005,0.01,0.01,0.01,no_change,0.01,2026-09-04T09:58:26,100.0,0.00499999988824129,229.4873,2026-09-07 20:11:28,2026-09-07 16:15:05
NVDA,NVDA260911C00340000,NVDA,2026-09-11,C,340.0,0.0,0.0,0.01,1000.0,0.8694,92.0,0.0,0.0004,0.0,0.0004,-0.0015,0.0,0.0021,0.0,0.0,0.0,0.0,down,0.01,2026-08-27T15:58:43,0.0,0.00499999988824129,229.4873,2026-09-07 20:11:28,2026-09-07 16:15:05
NVDA,NVDA260911C00345000,NVDA,2026-09-11,C,345.0,0.0,0.0,0.01,1000.0,0.899,3.0,0.0,0.0003,0.0,0.0004,-0.0013,0.0,0.0018,0.0,0.0,0.0,0.0,up,0.03,2026-08-21T14:29:32,0.0,0.00499999988824129,229.4873,2026-09-07 20:11:28,2026-09-07 16:15:05
NVDA,NVDA260911C00350000,NVDA,2026-09-11,C,350.0,0.0,0.0,0.01,1000.0,0.9281,222.0,0.0,0.0003,0.0,0.0003,-0.0012,0.0,0.0017,0.0,0.0,0.0,0.0,no_change,0.01,2026-09-02T11:30:27,0.0,0.00499999988824129,229.4873,2026-09-07 20:11:28,2026-09-07 16:15:05
NVDA,NVDA260911C00360000,NVDA,2026-09-11,C,360.0,0.0,0.0,0.02,1.0,1.0382,26.0,0.0,0.0002,0.0,0.0003,-0.001,0.0,0.0014,0.0,0.0,0.0,0.0,no_change,0.01,2026-09-01T15:39:15,0.0,0.00499999988824129,229.4873,2026-09-07 20:11:28,2026-09-07 16:15:05
NVDA,NVDA260911C00370000,NVDA,2026-09-11,C,370.0,0.0,0.0,0.01,20.0,1.0396,47.0,0.0,0.0002,0.0,0.0002,-0.0008,0.0,0.0011,0.0,0.0,0.0,0.0,up,0.03,2026-08-26T13:37:53,0.0,0.00499999988824129,229.4873,2026-09-07 20:11:28,2026-09-07 16:15:05
NVDA,NVDA260911C00380000,NVDA,2026-09-11,C,380.0,0.0,0.0,0.02,1.0,1.1508,22.0,0.0,0.0001,0.0,0.0002,-0.0007,0.0,0.001,0.0,0.0,0.0,0.0,no_change,0.01,2026-08-31T09:32:15,0.0,0.00499999988824129,229.4873,2026-09-07 20:11:28,2026-09-07 16:15:05
NVDA,NVDA260911C00390000,NVDA,2026-09-11,C,390.0,0.0,0.0,0.01,20.0,1.1441,144.0,2.0,0.0001,0.0,0.0001,-0.0006,0.0,0.0008,0.005,0.01,0.01,0.01,no_change,0.01,2026-09-04T15:42:39,100.0,0.00499999988824129,229.4873,2026-09-07 20:11:28,2026-09-07 16:15:05
NVDA,NVDA260911P00050000,NVDA,2026-09-11,P,50.0,0.0,0.0,0.01,2000.0,3.309,3.0,1.0,-0.0001,0.0,0.0001,-0.0021,0.0,0.003,0.025,0.03,0.03,0.03,up,0.03,2026-09-04T09:30:02,500.0,0.00499999988824129,229.4873,2026-09-07 20:11:28,2026-09-07 16:15:05
NVDA,NVDA260911P00055000,NVDA,2026-09-11,P,55.0,0.0,0.0,0.01,2000.0,3.1055,8.0,0.0,-0.0001,0.0,0.0002,-0.0024,0.0,0.0033,0.0,0.0,0.0,0.0,down,0.02,2026-08-11T11:48:57,0.0,0.00499999988824129,229.4873,2026-09-07 20:11:28,2026-09-07 16:15:05
NVDA,NVDA260911P00060000,NVDA,2026-09-11,P,60.0,0.0,0.0,0.01,2000.0,2.9203,1.0,1.0,-0.0002,0.0,0.0002,-0.0026,0.0,0.0037,0.005,0.01,0.01,0.01,up,0.01,2026-09-04T11:50:59,100.0,0.00499999988824129,229.4873,2026-09-07 20:11:28,2026-09-07 16:15:05
NVDA,NVDA260911P00065000,NVDA,2026-09-11,P,65.0,0.0,0.0,0.01,2000.0,2.7502,0.0,0.0,-0.0002,0.0,0.0002,-0.0029,0.0,0.0042,0.0,0.0,0.0,0.0,no_change,0.0,,0.0,0.00499999988824129,229.4873,2026-09-07 20:11:28,2026-09-07 16:15:05
NVDA,NVDA260911P00070000,NVDA,2026-09-11,P,70.0,0.0,0.0,0.01,2000.0,2.593,2.0,0.0,-0.0002,0.0,0.0003,-0.0032,0.0,0.0047,0.0,0.0,0.0,0.0,up,0.02,2026-08-21T10:45:14,0.0,0.00499999988824129,229.4873,2026-09-07 20:11:28,2026-09-07 16:15:05
NVDA,NVDA260911P00075000,NVDA,2026-09-11,P,75.0,0.0,0.0,0.01,2000.0,2.4468,13.0,0.0,-0.0003,0.0,0.0003,-0.0035,0.0,0.0052,0.0,0.0,0.0,0.0,down,0.02,2026-08-24T10:25:13,0.0,0.00499999988824129,229.4873,2026-09-07 20:11:28,2026-09-07 16:15:05
NVDA,NVDA260911P00080000,NVDA,2026-09-11,P,80.0,0.0,0.0,0.01,2000.0,2.3103,33.0,0.0,-0.0003,0.0,0.0003,-0.0039,0.0,0.0058,0.0,0.0,0.0,0.0,no_change,0.01,2026-09-01T10:03:53,0.0,0.00499999988824129,229.4873,2026-09-07 20:11:28,2026-09-07 16:15:05
NVDA,NVDA260911P00085000,NVDA,2026-09-11,P,85.0,0.0,0.0,0.01,1000.0,2.1821,46.0,0.0,-0.0004,0.0,0.0004,-0.0043,0.0,0.0064,0.0,0.0,0.0,0.0,down,0.01,2026-09-03T14:29:59,0.0,0.00499999988824129,229.4873,2026-09-07 20:11:28,2026-09-07 16:15:05
NVDA,NVDA260911P00090000,NVDA,2026-09-11,P,90.0,0.0,0.0,0.02,4.0,2.1726,95.0,0.0,-0.0004,0.0,0.0005,-0.0048,0.0,0.0071,0.0,0.0,0.0,0.0,no_change,0.01,2026-09-03T15:50:09,0.0,0.00499999988824129,229.4873,2026-09-07 20:11:28,2026-09-07 16:15:05
NVDA,NVDA260911P00095000,NVDA,2026-09-11,P,95.0,0.0,0.0,0.01,22734.0,1.947,150.0,0.0,-0.0005,0.0,0.0005,-0.0052,0.0,0.0079,0.0,0.0,0.0,0.0,no_change,0.01,2026-09-03T15:55:10,0.0,0.00499999988824129,229.4873,2026-09-07 20:11:28,2026-09-07 16:15:05
NVDA,NVDA260911P00100000,NVDA,2026-09-11,P,100.0,0.0,0.0,0.01,5000.0,1.8386,1932.0,490.0,-0.0006,0.0,0.0006,-0.0058,0.0,0.0088,0.005,0.01,0.01,0.01,no_change,0.01,2026-09-04T09:53:17,100.0,0.00499999988824129,229.4873,2026-09-07 20:11:28,2026-09-07 16:15:05
NVDA,NVDA260911P00105000,NVDA,2026-09-11,P,105.0,0.0,0.0,0.01,10.0,1.7355,10093.0,6608.0,-0.0006,0.0,0.0007,-0.0063,0.0,0.0098,0.005,0.01,0.02,0.01,no_change,0.01,2026-09-04T12:07:25,100.0,0.00499999988824129,229.4873,2026-09-07 20:11:28,2026-09-07 16:15:05
NVDA,NVDA260911P00110000,NVDA,2026-09-11,P,110.0,0.0,0.0,0.01,10.0,1.6371,13227.0,7003.0,-0.0007,0.0,0.0008,-0.007,0.0,0.011,-0.005,0.01,0.02,0.01,no_change,0.01,2026-09-04T15:39:46,-33.3333,0.00499999988824129,229.4873,2026-09-07 20:11:28,2026-09-07 16:15:05
NVDA,NVDA260911P00115000,NVDA,2026-09-11,P,115.0,0.0,0.0,0.01,10.0,1.5427,10569.0,4508.0,-0.0009,0.0001,0.0009,-0.0077,0.0,0.0123,-0.005,0.02,0.02,0.01,no_change,0.01,2026-09-04T15:57:34,-33.3333,0.0149999996647239,229.4873,2026-09-07 20:11:28,2026-09-07 16:15:05
NVDA,NVDA260911P00120000,NVDA,2026-09-11,P,120.0,0.01,24.0,0.03,4.0,1.6273,1428.0,18.0,-0.001,0.0001,0.001,-0.0085,0.0,0.0136,0.0,0.01,0.02,0.01,up,0.02,2026-09-04T13:46:21,2.23517e-06,0.0149999996647239,229.4873,2026-09-07 20:11:28,2026-09-07 16:15:05
NVDA,NVDA260911P00125000,NVDA,2026-09-11,P,125.0,0.0,0.0,0.03,4.0,1.5314,3689.0,1451.0,-0.0012,0.0001,0.0012,-0.0094,0.0,0.0153,-0.01,0.02,0.02,0.01,no_change,0.01,2026-09-04T15:53:28,-50.0,0.0199999995529652,229.4873,2026-09-07 20:11:28,2026-09-07 16:15:05
NVDA,NVDA260911P00130000,NVDA,2026-09-11,P,130.0,0.01,101.0,0.02,10.0,1.4024,7727.0,541.0,-0.0014,0.0001,0.0014,-0.0104,0.0,0.0172,0.0,0.03,0.03,0.02,no_change,0.02,2026-09-04T15:47:12,2.23517e-06,0.0149999996647239,229.4873,2026-09-07 20:11:28,2026-09-07 16:15:05
NVDA,NVDA260911P00135000,NVDA,2026-09-11,P,135.0,0.01,10.0,0.04,6.0,1.3783,2629.0,331.0,-0.0016,0.0001,0.0016,-0.0115,-0.0001,0.0193,0.0,0.02,0.03,0.02,up,0.03,2026-09-04T15:45:20,2.23517e-06,0.0249999994412065,229.4873,2026-09-07 20:11:28,2026-09-07 16:15:05
NVDA,NVDA260911P00140000,NVDA,2026-09-11,P,140.0,0.01,26.0,0.04,6.0,1.2907,3316.0,438.0,-0.0019,0.0001,0.0019,-0.0127,-0.0001,0.0217,0.0,0.03,0.03,0.02,up,0.03,2026-09-04T14:41:21,2.23517e-06,0.0249999994412065,229.4873,2026-09-07 20:11:28,2026-09-07 16:15:05
NVDA,NVDA260911P00145000,NVDA,2026-09-11,P,145.0,0.01,3.0,0.04,4.0,1.1807,2488.0,2468.0,-0.0022,0.0002,0.0022,-0.0141,-0.0001,0.0245,-0.01,0.03,0.04,0.02,up,0.03,2026-09-04T13:31:49,-25.0,0.0299999993294477,229.4873,2026-09-07 20:11:28,2026-09-07 16:15:05
NVDA,NVDA260911P00150000,NVDA,2026-09-11,P,150.0,0.01,110.0,0.04,1.0,1.1239,3808.0,617.0,-0.0026,0.0002,0.0026,-0.0157,-0.0001,0.0278,-0.005,0.04,0.05,0.03,no_change,0.03,2026-09-04T15:59:41,-14.2857,0.0299999993294477,229.4873,2026-09-07 20:11:28,2026-09-07 16:15:05
NVDA,NVDA260911P00155000,NVDA,2026-09-11,P,155.0,0.01,32.0,0.05,103.0,1.0634,1327.0,433.0,-0.0031,0.0003,0.003,-0.0175,-0.0001,0.0316,-0.005,0.04,0.05,0.03,up,0.04,2026-09-04T15:57:04,-11.1111,0.034999999217689,229.4873,2026-09-07 20:11:28,2026-09-07 16:15:05
NVDA,NVDA260911P00160000,NVDA,2026-09-11,P,160.0,0.01,13.0,0.05,16.0,1.0006,3569.0,2472.0,-0.0037,0.0004,0.0035,-0.0196,-0.0001,0.0362,-0.01,0.04,0.05,0.03,up,0.04,2026-09-04T15:51:37,-20.0,0.034999999217689,229.4873,2026-09-07 20:11:28,2026-09-07 16:15:05
NVDA,NVDA260911P00165000,NVDA,2026-09-11,P,165.0,0.02,6.0,0.06,38.0,0.9363,3844.0,2556.0,-0.0045,0.0004,0.0042,-0.022,-0.0002,0.0415,-0.015,0.05,0.06,0.03,no_change,0.04,2026-09-04T15:26:12,-27.2727,0.0449999999254942,229.4873,2026-09-07 20:11:28,2026-09-07 16:15:05
NVDA,NVDA260911P00170000,NVDA,2026-09-11,P,170.0,0.03,132.0,0.05,1.0,0.871,11379.0,2215.0,-0.0055,0.0006,0.005,-0.0247,-0.0002,0.048,-0.02,0.06,0.07,0.04,up,0.05,2026-09-04T15:54:46,-28.5714,0.0449999999254942,229.4873,2026-09-07 20:11:28,2026-09-07 16:15:05
NVDA,NVDA260911P00175000,NVDA,2026-09-11,P,175.0,0.04,48.0,0.06,20.0,0.814,5739.0,945.0,-0.0067,0.0007,0.006,-0.028,-0.0002,0.0559,-0.015,0.07,0.08,0.05,no_change,0.06,2026-09-04T15:54:46,-20.0,0.0649999994784594,229.4873,2026-09-07 20:11:28,2026-09-07 16:15:05
NVDA,NVDA260911P00180000,NVDA,2026-09-11,P,180.0,0.06,1.0,0.07,302.0,0.7538,4712.0,1077.0,-0.0083,0.0009,0.0073,-0.0317,-0.0003,0.0655,-0.015,0.07,0.08,0.06,no_change,0.07,2026-09-04T15:52:04,-17.6471,0.0749999992549419,229.4873,2026-09-07 20:11:28,2026-09-07 16:15:05
NVDA,NVDA260911P00185000,NVDA,2026-09-11,P,185.0,0.06,7.0,0.08,300.0,0.691,9656.0,2922.0,-0.0105,0.0012,0.0089,-0.0363,-0.0004,0.0778,-0.025,0.1,0.1,0.06,down,0.07,2026-09-04T15:58:22,-26.3158,0.0850000008940697,229.4873,2026-09-07 20:11:28,2026-09-07 16:15:05
NVDA,NVDA260911P00187500,NVDA,2026-09-11,P,187.5,0.07,134.0,0.27,53.0,0.6691,1768.0,334.0,-0.0118,0.0014,0.0099,-0.0388,-0.0004,0.0851,-0.015,0.09,0.1,0.08,no_change,0.09,2026-09-04T15:46:50,-14.2857,0.0950000025331974,229.4873,2026-09-07 20:11:28,2026-09-07 16:15:05
NVDA,NVDA260911P00190000,NVDA,2026-09-11,P,190.0,0.09,4.0,0.11,44.0,0.6357,11706.0,6463.0,-0.0134,0.0017,0.0111,-0.0417,-0.0005,0.0933,-0.015,0.1,0.11,0.08,up,0.1,2026-09-04T15:59:39,-13.0435,0.105000000447035,229.4873,2026-09-07 20:11:28,2026-09-07 16:15:05
NVDA,NVDA260911P00192500,NVDA,2026-09-11,P,192.5,0.09,25.0,0.11,1.0,0.6062,2365.0,1781.0,-0.0152,0.002,0.0124,-0.0448,-0.0005,0.1028,-0.025,0.1,0.12,0.09,no_change,0.1,2026-09-04T15:56:35,-20.0,0.114999998360872,229.4873,2026-09-07 20:11:28,2026-09-07 16:15:05
NVDA,NVDA260911P00195000,NVDA,2026-09-11,P,195.0,0.1,35.0,0.13,1.0,0.5756,9577.0,4368.0,-0.0174,0.0023,0.0139,-0.0482,-0.0006,0.1136,-0.025,0.12,0.14,0.1,down,0.11,2026-09-04T15:58:45,-18.5185,0.12499999627471,229.4873,2026-09-07 20:11:28,2026-09-07 16:15:05
NVDA,NVDA260911P00197500,NVDA,2026-09-11,P,197.5,0.11,9.0,0.14,1.0,0.5474,2301.0,849.0,-0.02,0.0028,0.0157,-0.052,-0.0007,0.1261,-0.025,0.13,0.14,0.1,no_change,0.12,2026-09-04T15:50:51,-17.2414,0.134999997913837,229.4873,2026-09-07 20:11:28,2026-09-07 16:15:05
NVDA,NVDA260911P00200000,NVDA,2026-09-11,P,200.0,0.14,3.0,0.16,15.0,0.5175,9813.0,1191.0,-0.0232,0.0033,0.0178,-0.0562,-0.0008,0.1407,-0.025,0.14,0.17,0.12,up,0.14,2026-09-04T15:58:43,-15.1515,0.145000003278255,229.4873,2026-09-07 20:11:28,2026-09-07 16:15:05
NVDA,NVDA260911P00202500,NVDA,2026-09-11,P,202.5,0.13,26.0,0.18,14.0,0.4862,2114.0,787.0,-0.0271,0.004,0.0203,-0.061,-0.001,0.1583,-0.03,0.17,0.17,0.13,no_change,0.16,2026-09-04T15:40:45,-15.7895,0.16499999910593,229.4873,2026-09-07 20:11:28,2026-09-07 16:15:05
NVDA,NVDA260911P00205000,NVDA,2026-09-11,P,205.0,0.16,7.0,0.19,1.0,0.4536,8975.0,2451.0,-0.032,0.0049,0.0233,-0.0667,-0.0011,0.1802,-0.055,0.18,0.22,0.15,down,0.17,2026-09-04T15:59:29,-24.4444,0.185000002384186,229.4873,2026-09-07 20:11:28,2026-09-07 16:15:05
NVDA,NVDA260911P00207500,NVDA,2026-09-11,P,207.5,0.18,100.0,0.21,1.0,0.4258,18321.0,17045.0,-0.0386,0.0061,0.0272,-0.0737,-0.0013,0.2091,-0.075,0.22,0.26,0.17,no_change,0.2,2026-09-04T15:58:57,-27.2727,0.214999996125698,229.4873,2026-09-07 20:11:28,2026-09-07 16:15:05
NVDA,NVDA260911P00210000,NVDA,2026-09-11,P,210.0,0.23,1.0,0.29,186.0,0.399,13447.0,6688.0,-0.0476,0.0077,0.0322,-0.0831,-0.0016,0.2501,-0.095,0.28,0.31,0.2,no_change,0.25,2026-09-04T15:59:59,-27.5362,0.254999995231628,229.4873,2026-09-07 20:11:28,2026-09-07 16:15:05
NVDA,NVDA260911P00212500,NVDA,2026-09-11,P,212.5,0.3,143.0,0.34,6.0,0.3766,4899.0,2548.0,-0.0609,0.01,0.0391,-0.0965,-0.002,0.3138,-0.15,0.33,0.39,0.25,up,0.32,2026-09-04T15:59:59,-31.9149,0.325000002980232,229.4873,2026-09-07 20:11:28,2026-09-07 16:15:05
NVDA,NVDA260911P00215000,NVDA,2026-09-11,P,215.0,0.4,24.0,0.44,5.0,0.3572,11975.0,4422.0,-0.0813,0.0132,0.0488,-0.1162,-0.0025,0.4186,-0.225,0.5,0.52,0.31,up,0.42,2026-09-04T15:59:55,-34.8837,0.429999992251396,229.4873,2026-09-07 20:11:28,2026-09-07 16:15:05
NVDA,NVDA260911P00217500,NVDA,2026-09-11,P,217.5,0.57,2.0,0.61,675.0,0.3398,9641.0,7135.0,-0.112,0.0175,0.0616,-0.1434,-0.0034,0.589,-0.295,0.53,0.73,0.41,no_change,0.61,2026-09-04T15:59:59,-32.5967,0.605000019073486,229.4873,2026-09-07 20:11:28,2026-09-07 16:15:05
NVDA,NVDA260911P00220000,NVDA,2026-09-11,P,220.0,0.85,1.0,0.87,10.0,0.3273,23103.0,29516.0,-0.1566,0.0229,0.0772,-0.1778,-0.0047,0.8616,-0.44,0.9,1.05,0.56,down,0.85,2026-09-04T15:59:58,-34.1085,0.879999995231628,229.4873,2026-09-07 20:11:28,2026-09-07 16:15:05
NVDA,NVDA260911P00222500,NVDA,2026-09-11,P,222.5,1.21,182.0,1.29,1.0,0.3188,6489.0,10800.0,-0.2176,0.0289,0.0943,-0.2161,-0.0065,1.2778,-0.54,1.32,1.51,0.79,up,1.29,2026-09-04T15:59:56,-29.5082,1.30499994754791,229.4873,2026-09-07 20:11:28,2026-09-07 16:15:05
NVDA,NVDA260911P00225000,NVDA,2026-09-11,P,225.0,1.8,100.0,1.92,11.0,0.3137,9162.0,12960.0,-0.2951,0.0347,0.1103,-0.2518,-0.0086,1.8793,-0.68,1.8,2.12,1.14,down,1.88,2026-09-04T15:59:58,-26.5625,1.93000000715256,229.4873,2026-09-07 20:11:28,2026-09-07 16:15:05
NVDA,NVDA260911P00227500,NVDA,2026-09-11,P,227.5,2.67,1.0,2.75,30.0,0.3073,6309.0,9415.0,-0.3868,0.0392,0.1222,-0.2773,-0.0102,2.7048,-0.835,2.56,3.08,1.64,down,2.69,2026-09-04T15:59:58,-23.6879,2.7849999666214,229.4873,2026-09-07 20:11:28,2026-09-07 16:15:05
NVDA,NVDA260911P00230000,NVDA,2026-09-11,P,230.0,3.7,2.0,3.8,9.0,0.3036,6617.0,22076.0,-0.4877,0.0415,0.1272,-0.2861,-0.0126,3.7823,-0.915,3.6,4.15,2.33,up,3.81,2026-09-04T15:59:58,-19.3651,3.89999997615814,229.4873,2026-09-07 20:11:28,2026-09-07 16:15:05
NVDA,NVDA260911P00232500,NVDA,2026-09-11,P,232.5,4.95,75.0,5.45,117.0,0.3004,3142.0,8519.0,-0.591,0.0409,0.1237,-0.2756,-0.0136,5.1352,-1.04,5.0,5.58,3.29,down,5.16,2026-09-04T15:59:52,-16.7742,5.29999995231628,229.4873,2026-09-07 20:11:28,2026-09-07 16:15:05
NVDA,NVDA260911P00235000,NVDA,2026-09-11,P,235.0,6.6,28.0,6.85,53.0,0.297,1878.0,4826.0,-0.6882,0.0374,0.1133,-0.248,-0.0155,6.7602,-1.15,6.8,7.22,4.45,up,6.75,2026-09-04T15:59:09,-14.557,6.92499995231628,229.4873,2026-09-07 20:11:28,2026-09-07 16:15:05
NVDA,NVDA260911P00237500,NVDA,2026-09-11,P,237.5,8.4,16.0,8.75,9.0,0.2926,412.0,736.0,-0.7728,0.032,0.0962,-0.2088,-0.0152,8.6248,-1.55,7.55,9.04,5.9,up,8.25,2026-09-04T15:55:51,-15.8163,8.82499980926514,229.4873,2026-09-07 20:11:28,2026-09-07 16:15:05
NVDA,NVDA260911P00240000,NVDA,2026-09-11,P,240.0,10.45,49.0,10.8,59.0,0.2909,786.0,1428.0,-0.8409,0.0256,0.078,-0.1656,-0.016,10.6886,-1.55,9.0,11.0,7.63,up,10.35,2026-09-04T15:57:01,-13.0252,10.9000000953674,229.4873,2026-09-07 20:11:28,2026-09-07 16:15:05
NVDA,NVDA260911P00242500,NVDA,2026-09-11,P,242.5,12.5,75.0,13.05,36.0,0.279,70.0,209.0,-0.8904,0.0195,0.0611,-0.1274,-0.0159,12.9134,-1.725,10.5,13.47,9.55,down,12.4,2026-09-04T15:55:00,-12.2124,13.1500000953674,229.4873,2026-09-07 20:11:28,2026-09-07 16:15:05
NVDA,NVDA260911P00245000,NVDA,2026-09-11,P,245.0,15.0,24.0,15.4,24.0,0.3018,325.0,380.0,-0.9231,0.0146,0.0473,-0.0989,-0.0155,15.2535,-0.9,14.64,15.58,11.5,down,15.55,2026-09-04T15:24:33,-5.47112,15.5,229.4873,2026-09-07 20:11:28,2026-09-07 16:15:05
NVDA,NVDA260911P00247500,NVDA,2026-09-11,P,247.5,17.25,16.0,17.8,9.0,0.2802,70.0,75.0,-0.9439,0.0109,0.0371,-0.0791,-0.0157,17.6608,-0.88,15.65,17.92,13.8,up,17.92,2026-09-04T15:08:23,-4.68085,17.8999996185303,229.4873,2026-09-07 20:11:28,2026-09-07 16:15:05
NVDA,NVDA260911P00250000,NVDA,2026-09-11,P,250.0,19.65,64.0,20.25,58.0,0.2563,162.0,76.0,-0.9575,0.0083,0.0293,-0.0652,-0.0153,20.1038,-1.125,18.0,20.1,16.0,up,20.1,2026-09-04T15:47:11,-5.30035,20.3500003814697,229.4873,2026-09-07 20:11:28,2026-09-07 16:15:05
NVDA,NVDA260911P00252500,NVDA,2026-09-11,P,252.5,20.8,52.0,24.15,16.0,0.3099,35.0,0.0,-0.9669,0.0065,0.0242,-0.0549,-0.0149,22.5651,0.0,0.0,0.0,0.0,up,24.2,2026-09-03T15:59:02,0.0,23.3500003814697,229.4873,2026-09-07 20:11:28,2026-09-07 16:15:05
NVDA,NVDA260911P00255000,NVDA,2026-09-11,P,255.0,24.35,56.0,25.6,32.0,0.3382,76.0,22.0,-0.9736,0.0051,0.02,-0.0468,-0.0153,25.0376,-1.975,21.7,24.52,21.7,down,24.0,2026-09-04T12:36:56,-7.60346,25.3500003814697,229.4873,2026-09-07 20:11:28,2026-09-07 16:15:05
NVDA,NVDA260911P00257500,NVDA,2026-09-11,P,257.5,24.8,59.0,29.4,16.0,0.0,2.0,3.0,-0.9788,0.0041,0.0166,-0.0401,-0.015,27.5161,-1.9,25.35,26.5,24.5,up,26.5,2026-09-04T11:56:51,-6.69014,28.25,229.4873,2026-09-07 20:11:28,2026-09-07 16:15:05
NVDA,NVDA260911P00260000,NVDA,2026-09-11,P,260.0,27.25,39.0,31.75,47.0,0.0,27.0,2.0,-0.9828,0.0033,0.0139,-0.0344,-0.0152,29.9993,-1.93,26.1,29.07,26.1,up,29.07,2026-09-04T11:52:45,-6.22581,30.6750001907349,229.4873,2026-09-07 20:11:28,2026-09-07 16:15:05
NVDA,NVDA260911P00265000,NVDA,2026-09-11,P,265.0,32.25,51.0,36.95,16.0,0.0,2.0,0.0,-0.9886,0.0021,0.0096,-0.0252,-0.0152,34.9739,0.0,0.0,0.0,0.0,up,40.0,2026-09-02T15:08:49,0.0,35.6749992370606,229.4873,2026-09-07 20:11:28,2026-09-07 16:15:05
NVDA,NVDA260911P00270000,NVDA,2026-09-11,P,270.0,38.8,57.0,41.45,56.0,0.6008,20.0,4.0,-0.9924,0.0014,0.0068,-0.0182,-0.0152,39.9561,-3.15,37.0,38.0,36.7,up,38.0,2026-09-04T11:02:16,-7.65492,40.2000007629394,229.4873,2026-09-07 20:11:28,2026-09-07 16:15:05
NVDA,NVDA260911P00275000,NVDA,2026-09-11,P,275.0,42.45,51.0,46.45,9.0,0.0,3.0,2.0,-0.9949,0.0009,0.005,-0.013,-0.0156,44.9438,-1.91,43.71,44.04,43.71,up,44.04,2026-09-04T11:59:51,-4.15669,44.9249992370606,229.4873,2026-09-07 20:11:28,2026-09-07 16:15:05
NVDA,NVDA260911P00280000,NVDA,2026-09-11,P,280.0,48.7,14.0,51.05,14.0,0.0,0.0,0.0,-0.9965,0.0006,0.0034,-0.0095,-0.0157,49.9355,0.0,0.0,0.0,0.0,up,55.0,2026-08-17T15:55:53,0.0,50.0750007629394,229.4873,2026-09-07 20:11:28,2026-09-07 16:15:05
NVDA,NVDA260911P00285000,NVDA,2026-09-11,P,285.0,53.7,63.0,55.3,24.0,0.0,57.0,136.0,-0.9975,0.0004,0.0025,-0.0071,-0.0158,54.9297,-3.2,53.0,53.8,51.25,up,52.85,2026-09-04T12:51:16,-5.70919,55.0750007629394,229.4873,2026-09-07 20:11:28,2026-09-07 16:15:05
NVDA,NVDA260911P00290000,NVDA,2026-09-11,P,290.0,58.7,56.0,61.05,9.0,0.0,0.0,0.0,-0.9982,0.0003,0.0019,-0.0055,-0.0161,59.9257,0.0,0.0,0.0,0.0,down,64.25,2026-08-13T14:31:28,0.0,60.0500011444092,229.4873,2026-09-07 20:11:28,2026-09-07 16:15:05
NVDA,NVDA260911P00295000,NVDA,2026-09-11,P,295.0,63.65,57.0,66.05,32.0,0.0,1.0,1.0,-0.9986,0.0002,0.0015,-0.0044,-0.0163,64.9226,-3.6,62.35,62.35,62.35,down,62.35,2026-09-04T09:41:59,-5.45868,65.0499992370606,229.4873,2026-09-07 20:11:28,2026-09-07 16:15:05
NVDA,NVDA260911P00300000,NVDA,2026-09-11,P,300.0,68.6,58.0,70.7,39.0,0.0,7.0,7.0,-0.9989,0.0002,0.0012,-0.0036,-0.0166,69.9202,-4.6,66.3,66.3,66.3,down,66.3,2026-09-04T10:09:00,-6.48801,70.0499992370606,229.4873,2026-09-07 20:11:28,2026-09-07 16:15:05
NVDA,NVDA260911P00305000,NVDA,2026-09-11,P,305.0,73.7,52.0,76.05,9.0,0.0,0.0,0.0,-0.9991,0.0001,0.001,-0.0031,-0.0169,74.918,0.0,0.0,0.0,0.0,no_change,0.0,,0.0,75.0499992370606,229.4873,2026-09-07 20:11:28,2026-09-07 16:15:05
NVDA,NVDA260911P00310000,NVDA,2026-09-11,P,310.0,78.7,51.0,80.7,18.0,0.0,0.0,0.0,-0.9992,0.0001,0.0008,-0.0026,-0.0171,79.9161,0.0,0.0,0.0,0.0,no_change,0.0,,0.0,80.0499992370606,229.4873,2026-09-07 20:11:28,2026-09-07 16:15:05
NVDA,NVDA260911P00315000,NVDA,2026-09-11,P,315.0,83.7,52.0,85.85,9.0,0.0,0.0,0.0,-0.9994,0.0001,0.0007,-0.0023,-0.0173,84.9144,0.0,0.0,0.0,0.0,up,103.0,2026-08-26T10:05:33,0.0,85.0250015258789,229.4873,2026-09-07 20:11:28,2026-09-07 16:15:05
NVDA,NVDA260911P00320000,NVDA,2026-09-11,P,320.0,87.15,56.0,91.6,15.0,0.0,1.0,0.0,-0.9995,0.0001,0.0006,-0.002,-0.0176,89.9128,0.0,0.0,0.0,0.0,down,94.0,2026-09-02T11:12:56,0.0,90.3250007629394,229.4873,2026-09-07 20:11:28,2026-09-07 16:15:05
NVDA,NVDA260911P00325000,NVDA,2026-09-11,P,325.0,93.65,56.0,96.0,13.0,0.0,0.0,0.0,-0.9995,0.0001,0.0005,-0.0018,-0.0179,94.9112,0.0,0.0,0.0,0.0,no_change,0.0,,0.0,95.0499992370606,229.4873,2026-09-07 20:11:28,2026-09-07 16:15:05
NVDA,NVDA260911P00330000,NVDA,2026-09-11,P,330.0,98.65,56.0,100.95,17.0,0.0,9.0,18.0,-0.9996,0.0001,0.0005,-0.0015,-0.0181,99.9097,-4.22,97.0,97.0,96.68,down,96.68,2026-09-04T09:47:08,-4.18236,100.099998474121,229.4873,2026-09-07 20:11:28,2026-09-07 16:15:05
NVDA,NVDA260911P00335000,NVDA,2026-09-11,P,335.0,103.7,56.0,105.8,9.0,0.0,0.0,0.0,-0.9997,0.0,0.0004,-0.0014,-0.0184,104.9083,0.0,0.0,0.0,0.0,no_change,0.0,,0.0,105.025001525879,229.4873,2026-09-07 20:11:28,2026-09-07 16:15:05
NVDA,NVDA260911P00340000,NVDA,2026-09-11,P,340.0,108.65,56.0,110.3,15.0,0.0,0.0,0.0,-0.9997,0.0,0.0003,-0.0012,-0.0187,109.9069,0.0,0.0,0.0,0.0,no_change,0.0,,0.0,110.024997711182,229.4873,2026-09-07 20:11:28,2026-09-07 16:15:05
NVDA,NVDA260911P00345000,NVDA,2026-09-11,P,345.0,113.65,52.0,116.0,9.0,0.0,0.0,0.0,-0.9997,0.0,0.0003,-0.0011,-0.019,114.9055,0.0,0.0,0.0,0.0,no_change,0.0,,0.0,115.0,229.4873,2026-09-07 20:11:28,2026-09-07 16:15:05
NVDA,NVDA260911P00350000,NVDA,2026-09-11,P,350.0,118.65,52.0,121.0,12.0,0.0,0.0,0.0,-0.9998,0.0,0.0003,-0.001,-0.0192,119.9041,0.0,0.0,0.0,0.0,no_change,0.0,,0.0,120.025001525879,229.4873,2026-09-07 20:11:28,2026-09-07 16:15:05
NVDA,NVDA260911P00360000,NVDA,2026-09-11,P,360.0,128.65,52.0,131.0,9.0,0.0,0.0,0.0,-0.9998,0.0,0.0002,-0.0008,-0.0198,129.9015,0.0,0.0,0.0,0.0,no_change,0.0,,0.0,129.950004577637,229.4873,2026-09-07 20:11:28,2026-09-07 16:15:05
NVDA,NVDA260911P00370000,NVDA,2026-09-11,P,370.0,138.65,52.0,140.95,9.0,0.0,0.0,0.0,-0.9998,0.0,0.0002,-0.0007,-0.0203,139.8989,0.0,0.0,0.0,0.0,no_change,0.0,,0.0,140.024993896484,229.4873,2026-09-07 20:11:28,2026-09-07 16:15:05
NVDA,NVDA260911P00380000,NVDA,2026-09-11,P,380.0,148.65,56.0,151.0,11.0,0.0,0.0,0.0,-0.9999,0.0,0.0001,-0.0006,-0.0209,149.8964,0.0,0.0,0.0,0.0,no_change,0.0,,0.0,150.0,229.4873,2026-09-07 20:11:28,2026-09-07 16:15:05
NVDA,NVDA260911P00390000,NVDA,2026-09-11,P,390.0,158.65,56.0,161.0,15.0,0.0,0.0,0.0,-0.9999,0.0,0.0001,-0.0005,-0.0214,159.8939,0.0,0.0,0.0,0.0,up,175.96,2026-08-24T09:30:10,0.0,160.0,229.4873,2026-09-07 20:11:28,2026-09-07 16:15:05
NVDA,NVDA260914C00150000,NVDA,2026-09-14,C,150.0,76.35,56.0,84.5,11.0,1.1974,0.0,0.0,0.9977,0.0002,0.0025,-0.0119,0.0089,80.2927,0.0,0.0,0.0,0.0,no_change,0.0,,0.0,81.1749992370606,229.4873,2026-09-07 20:11:28,2026-09-07 16:15:05
NVDA,NVDA260914C00155000,NVDA,2026-09-14,C,155.0,71.35,58.0,79.5,11.0,1.1144,0.0,0.0,0.9972,0.0003,0.0034,-0.0135,0.0096,75.2977,0.0,0.0,0.0,0.0,no_change,0.0,,0.0,76.2749977111816,229.4873,2026-09-07 20:11:28,2026-09-07 16:15:05
NVDA,NVDA260914C00160000,NVDA,2026-09-14,C,160.0,66.35,56.0,74.5,11.0,1.0337,0.0,0.0,0.9965,0.0004,0.0039,-0.0155,0.0099,70.3036,0.0,0.0,0.0,0.0,no_change,0.0,,0.0,71.1500015258789,229.4873,2026-09-07 20:11:28,2026-09-07 16:15:05
NVDA,NVDA260914C00165000,NVDA,2026-09-14,C,165.0,61.65,11.0,69.5,11.0,1.0513,0.0,0.0,0.9957,0.0004,0.0045,-0.0177,0.0102,65.3103,0.0,0.0,0.0,0.0,no_change,0.0,,0.0,65.5999984741211,229.4873,2026-09-07 20:11:28,2026-09-07 16:15:05
NVDA,NVDA260914C00170000,NVDA,2026-09-14,C,170.0,56.55,56.0,64.55,24.0,0.9563,1.0,1.0,0.9947,0.0006,0.006,-0.0202,0.0113,60.3179,3.5,63.25,63.25,63.25,up,63.25,2026-09-04T11:21:10,5.85774,61.2500019073486,229.4873,2026-09-07 20:11:28,2026-09-07 16:15:05
NVDA,NVDA260914C00175000,NVDA,2026-09-14,C,175.0,51.35,56.0,59.55,11.0,0.8204,0.0,0.0,0.9933,0.0008,0.007,-0.0232,0.0116,55.3277,0.0,0.0,0.0,0.0,no_change,0.0,,0.0,55.75,229.4873,2026-09-07 20:11:28,2026-09-07 16:15:05
NVDA,NVDA260914C00180000,NVDA,2026-09-14,C,180.0,46.35,11.0,54.55,11.0,0.7462,2.0,1.0,0.9916,0.001,0.0083,-0.0267,0.0118,50.339,1.225,51.0,51.0,51.0,up,51.0,2026-09-04T14:30:19,2.46108,51.2749996185303,229.4873,2026-09-07 20:11:28,2026-09-07 16:15:05
NVDA,NVDA260914C00185000,NVDA,2026-09-14,C,185.0,41.35,56.0,49.55,11.0,0.6735,2.0,0.0,0.9893,0.0013,0.011,-0.0307,0.0132,45.3529,0.0,0.0,0.0,0.0,no_change,33.69,2026-09-01T13:54:23,0.0,45.3500003814697,229.4873,2026-09-07 20:11:28,2026-09-07 16:15:05
NVDA,NVDA260914C00190000,NVDA,2026-09-14,C,190.0,36.6,55.0,40.6,5.0,0.0,5.0,3.0,0.9862,0.0018,0.0132,-0.0355,0.0135,40.3708,0.23,40.03,40.03,40.03,up,40.03,2026-09-04T15:42:31,0.577887,39.5499992370606,229.4873,2026-09-07 20:11:28,2026-09-07 16:15:05
NVDA,NVDA260914C00195000,NVDA,2026-09-14,C,195.0,31.6,58.0,39.6,24.0,0.59,14.0,2.0,0.9819,0.0025,0.0175,-0.0412,0.0153,35.393,4.05,38.34,38.35,38.34,up,38.35,2026-09-04T09:46:26,11.8076,35.6999988555908,229.4873,2026-09-07 20:11:28,2026-09-07 16:15:05
NVDA,NVDA260914C00200000,NVDA,2026-09-14,C,200.0,26.45,57.0,32.85,11.0,0.0,4.0,0.0,0.9754,0.0036,0.0217,-0.0485,0.0154,30.4251,0.0,0.0,0.0,0.0,down,24.85,2026-09-02T15:50:00,0.0,31.125,229.4873,2026-09-07 20:11:28,2026-09-07 16:15:05
NVDA,NVDA260914C00205000,NVDA,2026-09-14,C,205.0,23.9,52.0,27.35,24.0,0.4466,19.0,8.0,0.9649,0.0054,0.0299,-0.0591,0.0174,25.4766,1.045,28.04,28.6,25.47,down,25.47,2026-09-04T14:31:17,4.2784,25.4500007629395,229.4873,2026-09-07 20:11:28,2026-09-07 16:15:05
NVDA,NVDA260914C00210000,NVDA,2026-09-14,C,210.0,20.4,11.0,22.5,30.0,0.3656,233.0,169.0,0.9448,0.0086,0.043,-0.0774,0.0195,20.5805,1.5,22.95,24.9,20.09,up,21.0,2026-09-04T15:55:27,7.69231,20.3000001907349,229.4873,2026-09-07 20:11:28,2026-09-07 16:15:05
NVDA,NVDA260914C00215000,NVDA,2026-09-14,C,215.0,15.65,41.0,16.05,24.0,0.3335,195.0,188.0,0.9031,0.0142,0.0659,-0.1097,0.021,15.8203,0.7,18.6,20.2,15.55,down,15.55,2026-09-04T15:40:48,4.71381,15.5499997138977,229.4873,2026-09-07 20:11:28,2026-09-07 16:15:05
NVDA,NVDA260914C00220000,NVDA,2026-09-14,C,220.0,11.25,41.0,11.6,44.0,0.3129,763.0,309.0,0.8219,0.0228,0.0997,-0.157,0.0237,11.3717,0.72,11.55,15.24,11.08,no_change,11.32,2026-09-04T15:59:02,6.79245,11.0999999046326,229.4873,2026-09-07 20:11:28,2026-09-07 16:15:05
NVDA,NVDA260914C00225000,NVDA,2026-09-14,C,225.0,7.4,56.0,7.7,43.0,0.2966,867.0,508.0,0.6892,0.0317,0.1349,-0.2045,0.025,7.5034,0.73,9.05,11.1,7.2,no_change,7.73,2026-09-04T15:58:06,10.4286,7.27499985694885,229.4873,2026-09-07 20:11:28,2026-09-07 16:15:05
NVDA,NVDA260914C00230000,NVDA,2026-09-14,C,230.0,4.4,125.0,4.75,1.0,0.2883,8556.0,5363.0,0.517,0.0363,0.1518,-0.2251,0.0203,4.4785,0.3,5.05,7.5,4.19,no_change,4.5,2026-09-04T15:59:49,7.14286,4.29999995231628,229.4873,2026-09-07 20:11:28,2026-09-07 16:15:05
NVDA,NVDA260914C00235000,NVDA,2026-09-14,C,235.0,2.32,4.0,2.45,2.0,0.2864,4935.0,6253.0,0.3406,0.0336,0.14,-0.2029,0.0142,2.3919,0.12,2.26,4.58,2.21,up,2.4,2026-09-04T15:59:51,5.26316,2.26499998569489,229.4873,2026-09-07 20:11:28,2026-09-07 16:15:05
NVDA,NVDA260914C00240000,NVDA,2026-09-14,C,240.0,1.14,1.0,1.34,153.0,0.2851,1746.0,2943.0,0.1963,0.0254,0.1065,-0.1501,0.0083,1.1454,0.015,1.4,2.55,1.06,down,1.15,2026-09-04T15:59:59,1.32159,1.0799999833107,229.4873,2026-09-07 20:11:28,2026-09-07 16:15:05
NVDA,NVDA260914C00245000,NVDA,2026-09-14,C,245.0,0.52,61.0,0.55,1.0,0.2919,968.0,1735.0,0.1046,0.0162,0.0704,-0.098,0.0044,0.5344,-0.025,0.59,1.33,0.49,down,0.52,2026-09-04T15:59:21,-4.58715,0.5,229.4873,2026-09-07 20:11:28,2026-09-07 16:15:05
NVDA,NVDA260914C00250000,NVDA,2026-09-14,C,250.0,0.26,396.0,0.31,74.0,0.3092,3152.0,4179.0,0.0568,0.0096,0.0447,-0.0634,0.0024,0.2721,-0.005,0.28,0.72,0.25,down,0.26,2026-09-04T15:59:56,-1.88679,0.260000005364418,229.4873,2026-09-07 20:11:28,2026-09-07 16:15:05
NVDA,NVDA260914C00255000,NVDA,2026-09-14,C,255.0,0.16,5.0,0.18,1.0,0.3353,507.0,925.0,0.0345,0.006,0.03,-0.0446,0.0014,0.1637,0.04,0.15,0.4,0.15,up,0.18,2026-09-04T15:59:52,28.5714,0.16499999910593,229.4873,2026-09-07 20:11:28,2026-09-07 16:15:05
NVDA,NVDA260914C00260000,NVDA,2026-09-14,C,260.0,0.1,18.0,0.13,57.0,0.3655,627.0,677.0,0.0233,0.004,0.0217,-0.0343,0.001,0.1136,0.045,0.16,0.25,0.12,no_change,0.13,2026-09-04T15:58:56,52.9412,0.114999998360872,229.4873,2026-09-07 20:11:28,2026-09-07 16:15:05
NVDA,NVDA260914C00265000,NVDA,2026-09-14,C,265.0,0.0,0.0,0.12,100.0,0.3959,264.0,311.0,0.017,0.0028,0.0165,-0.0279,0.0007,0.0856,0.05,0.06,0.16,0.06,no_change,0.1,2026-09-04T15:39:04,100.0,0.0899999998509884,229.4873,2026-09-07 20:11:28,2026-09-07 16:15:05
NVDA,NVDA260914C00270000,NVDA,2026-09-14,C,270.0,0.06,1.0,0.08,1.0,0.4256,529.0,496.0,0.0128,0.002,0.013,-0.0232,0.0005,0.0669,0.05,0.04,0.1,0.04,no_change,0.09,2026-09-04T15:10:52,125.0,0.0699999984353781,229.4873,2026-09-07 20:11:28,2026-09-07 16:15:05
NVDA,NVDA260914C00275000,NVDA,2026-09-14,C,275.0,0.04,5.0,0.16,10.0,0.4481,79.0,78.0,0.0098,0.0015,0.0103,-0.0194,0.0004,0.053,0.045,0.05,0.07,0.05,up,0.07,2026-09-04T15:15:03,180.0,0.0549999997019768,229.4873,2026-09-07 20:11:28,2026-09-07 16:15:05
NVDA,NVDA260914C00280000,NVDA,2026-09-14,C,280.0,0.03,10.0,0.05,2.0,0.4749,47.0,7.0,0.0076,0.0011,0.0082,-0.0162,0.0003,0.0421,0.01,0.05,0.06,0.03,no_change,0.03,2026-09-04T14:03:34,50.0,0.0449999999254942,229.4873,2026-09-07 20:11:28,2026-09-07 16:15:05
NVDA,NVDA260914C00285000,NVDA,2026-09-14,C,285.0,0.0,0.0,0.14,86.0,0.4965,112.0,108.0,0.0059,0.0009,0.0066,-0.0134,0.0002,0.0334,0.01,0.03,0.03,0.03,no_change,0.03,2026-09-04T15:37:18,50.0,0.034999999217689,229.4873,2026-09-07 20:11:28,2026-09-07 16:15:05
NVDA,NVDA260914C00290000,NVDA,2026-09-14,C,290.0,0.01,14.0,0.04,5.0,0.5106,33.0,42.0,0.0046,0.0007,0.0052,-0.0111,0.0002,0.0264,0.01,0.03,0.03,0.01,up,0.02,2026-09-04T14:55:49,100.0,0.0299999993294477,229.4873,2026-09-07 20:11:28,2026-09-07 16:15:05
NVDA,NVDA260914C00295000,NVDA,2026-09-14,C,295.0,0.0,0.0,0.03,1.0,0.5441,122.0,120.0,0.0036,0.0005,0.0042,-0.0091,0.0001,0.0209,0.02,0.01,0.04,0.01,up,0.03,2026-09-04T15:46:42,200.0,0.0249999994412065,229.4873,2026-09-07 20:11:28,2026-09-07 16:15:05
NVDA,NVDA260914P00150000,NVDA,2026-09-14,P,150.0,0.0,0.0,0.14,10.0,0.9731,68.0,13.0,-0.0033,0.0003,0.0038,-0.0153,-0.0001,0.0367,-0.02,0.04,0.04,0.03,no_change,0.03,2026-09-04T15:43:27,-40.0,0.034999999217689,229.4873,2026-09-07 20:11:28,2026-09-07 16:15:05
NVDA,NVDA260914P00155000,NVDA,2026-09-14,P,155.0,0.0,0.0,0.08,1.0,0.9172,9.0,0.0,-0.0039,0.0003,0.0044,-0.017,-0.0002,0.0419,0.0,0.0,0.0,0.0,down,0.05,2026-09-03T13:34:38,0.0,0.0449999999254942,229.4873,2026-09-07 20:11:28,2026-09-07 16:15:05
NVDA,NVDA260914P00160000,NVDA,2026-09-14,P,160.0,0.02,45.0,0.26,17.0,0.8707,40.0,10.0,-0.0047,0.0004,0.0052,-0.019,-0.0002,0.0481,-0.02,0.06,0.06,0.04,down,0.04,2026-09-04T13:00:32,-33.3333,0.0499999988824129,229.4873,2026-09-07 20:11:28,2026-09-07 16:15:05
NVDA,NVDA260914P00165000,NVDA,2026-09-14,P,165.0,0.0,0.0,0.56,12.0,0.8035,10.0,0.0,-0.0057,0.0005,0.0062,-0.0213,-0.0002,0.0554,0.0,0.0,0.0,0.0,down,0.06,2026-09-03T14:55:29,0.0,0.0600000005215406,229.4873,2026-09-07 20:11:28,2026-09-07 16:15:05
NVDA,NVDA260914P00170000,NVDA,2026-09-14,P,170.0,0.04,15.0,0.09,1.0,0.7538,18.0,17.0,-0.0069,0.0007,0.0073,-0.0239,-0.0003,0.0642,0.01,0.07,0.09,0.06,up,0.09,2026-09-04T15:19:59,12.5,0.0699999984353781,229.4873,2026-09-07 20:11:28,2026-09-07 16:15:05
NVDA,NVDA260914P00175000,NVDA,2026-09-14,P,175.0,0.05,60.0,0.29,10.0,0.7076,43.0,33.0,-0.0084,0.0008,0.0088,-0.0268,-0.0004,0.0747,-0.02,0.07,0.08,0.07,down,0.07,2026-09-04T13:07:41,-22.2222,0.0850000008940697,229.4873,2026-09-07 20:11:28,2026-09-07 16:15:05
NVDA,NVDA260914P00180000,NVDA,2026-09-14,P,180.0,0.07,106.0,0.1,75.0,0.6577,141.0,114.0,-0.0104,0.0011,0.0106,-0.0302,-0.0004,0.0875,-0.005,0.09,0.1,0.09,no_change,0.09,2026-09-04T15:58:16,-5.26316,0.0950000025331974,229.4873,2026-09-07 20:11:28,2026-09-07 16:15:05
NVDA,NVDA260914P00185000,NVDA,2026-09-14,P,185.0,0.06,112.0,0.11,2.0,0.5884,21.0,18.0,-0.013,0.0014,0.0129,-0.0341,-0.0006,0.1032,-0.02,0.11,0.11,0.1,no_change,0.1,2026-09-04T15:56:07,-16.6667,0.105000000447035,229.4873,2026-09-07 20:11:28,2026-09-07 16:15:05
NVDA,NVDA260914P00190000,NVDA,2026-09-14,P,190.0,0.12,11.0,0.37,66.0,0.5538,68.0,31.0,-0.0165,0.0019,0.0159,-0.0387,-0.0007,0.1231,-0.01,0.12,0.13,0.11,no_change,0.13,2026-09-04T15:59:59,-7.14286,0.12499999627471,229.4873,2026-09-07 20:11:28,2026-09-07 16:15:05
NVDA,NVDA260914P00195000,NVDA,2026-09-14,P,195.0,0.12,5.0,0.16,2.0,0.5022,744.0,16.0,-0.0212,0.0026,0.0197,-0.0441,-0.0009,0.1486,-0.02,0.15,0.16,0.14,no_change,0.15,2026-09-04T15:46:01,-11.7647,0.155000001192093,229.4873,2026-09-07 20:11:28,2026-09-07 16:15:05
NVDA,NVDA260914P00200000,NVDA,2026-09-14,P,200.0,0.18,3.0,0.19,2.0,0.4514,379.0,185.0,-0.0281,0.0037,0.025,-0.0509,-0.0012,0.1841,-0.025,0.18,0.2,0.16,up,0.19,2026-09-04T15:47:46,-11.6279,0.185000002384186,229.4873,2026-09-07 20:11:28,2026-09-07 16:15:05
NVDA,NVDA260914P00205000,NVDA,2026-09-14,P,205.0,0.23,4.0,0.28,1.0,0.4072,198.0,130.0,-0.0392,0.0055,0.033,-0.0608,-0.0017,0.2414,-0.06,0.24,0.27,0.21,up,0.24,2026-09-04T15:59:11,-20.0,0.240000002086163,229.4873,2026-09-07 20:11:28,2026-09-07 16:15:05
NVDA,NVDA260914P00210000,NVDA,2026-09-14,P,210.0,0.19,12.0,0.38,10.0,0.3622,579.0,251.0,-0.06,0.0086,0.0462,-0.078,-0.0026,0.3547,-0.105,0.35,0.4,0.27,up,0.38,2026-09-04T15:59:45,-21.6495,0.359999999403954,229.4873,2026-09-07 20:11:28,2026-09-07 16:15:05
NVDA,NVDA260914P00215000,NVDA,2026-09-14,P,215.0,0.59,3.0,0.64,84.0,0.3302,1412.0,1007.0,-0.1015,0.0141,0.0687,-0.1085,-0.0043,0.6074,-0.25,0.89,0.89,0.42,down,0.6,2026-09-04T15:59:45,-29.4118,0.615000009536743,229.4873,2026-09-07 20:11:28,2026-09-07 16:15:05
NVDA,NVDA260914P00220000,NVDA,2026-09-14,P,220.0,1.12,17.0,1.33,175.0,0.3062,1524.0,1416.0,-0.1824,0.0225,0.1017,-0.155,-0.0076,1.1782,-0.46,1.15,1.37,0.78,no_change,1.16,2026-09-04T15:59:56,-28.3951,1.18999999761581,229.4873,2026-09-07 20:11:28,2026-09-07 16:15:05
NVDA,NVDA260914P00225000,NVDA,2026-09-14,P,225.0,2.09,171.0,2.35,1.0,0.2947,1369.0,1879.0,-0.314,0.0315,0.1355,-0.2031,-0.0128,2.3242,-0.655,2.4,2.59,1.49,up,2.35,2026-09-04T15:59:57,-21.797,2.36500000953674,229.4873,2026-09-07 20:11:28,2026-09-07 16:15:05
NVDA,NVDA260914P00230000,NVDA,2026-09-14,P,230.0,4.2,10.0,4.5,45.0,0.2862,420.0,1973.0,-0.486,0.0364,0.1518,-0.2258,-0.0182,4.31,-0.9,5.15,5.15,2.77,up,4.3,2026-09-04T15:59:52,-17.3077,4.375,229.4873,2026-09-07 20:11:28,2026-09-07 16:15:05
NVDA,NVDA260914P00235000,NVDA,2026-09-14,P,235.0,7.0,33.0,7.3,33.0,0.2792,194.0,700.0,-0.6634,0.0339,0.1393,-0.205,-0.023,7.2368,-1.5,8.1,8.1,4.91,down,6.8,2026-09-04T15:53:29,-18.0723,7.34999990463257,229.4873,2026-09-07 20:11:28,2026-09-07 16:15:05
NVDA,NVDA260914P00240000,NVDA,2026-09-14,P,240.0,10.75,43.0,11.1,55.0,0.2767,73.0,113.0,-0.8092,0.0256,0.104,-0.1519,-0.0225,11.0102,-1.595,9.66,11.3,7.96,down,10.58,2026-09-04T15:55:08,-13.1006,11.2000002861023,229.4873,2026-09-07 20:11:28,2026-09-07 16:15:05
NVDA,NVDA260914P00245000,NVDA,2026-09-14,P,245.0,14.9,31.0,15.55,15.0,0.2579,5.0,8.0,-0.9019,0.0162,0.0663,-0.0977,-0.0213,15.4204,-1.025,11.95,15.55,11.95,up,15.55,2026-09-04T14:43:11,-6.18402,15.6500000953674,229.4873,2026-09-07 20:11:28,2026-09-07 16:15:05
NVDA,NVDA260914P00250000,NVDA,2026-09-14,P,250.0,19.65,26.0,20.3,23.0,0.2192,26.0,27.0,-0.9485,0.0094,0.0408,-0.0618,-0.0187,20.1788,-0.695,16.6,20.63,16.6,up,20.63,2026-09-04T15:33:24,-3.25909,20.3999996185303,229.4873,2026-09-07 20:11:28,2026-09-07 16:15:05
NVDA,NVDA260914P00255000,NVDA,2026-09-14,P,255.0,22.85,41.0,26.35,32.0,0.0,13.0,25.0,-0.9699,0.0057,0.0262,-0.0422,-0.018,25.0822,-1.8,22.85,24.4,21.0,up,24.4,2026-09-04T12:06:33,-6.87023,25.4250001907349,229.4873,2026-09-07 20:11:28,2026-09-07 16:15:05
NVDA,NVDA260914P00260000,NVDA,2026-09-14,P,260.0,25.8,24.0,33.6,24.0,0.0,1.0,4.0,-0.9802,0.0037,0.0185,-0.0317,-0.0171,30.0384,-3.075,27.0,28.6,26.9,up,28.6,2026-09-04T12:53:08,-9.70797,30.5999994277954,229.4873,2026-09-07 20:11:28,2026-09-07 16:15:05
NVDA,NVDA260914P00265000,NVDA,2026-09-14,P,265.0,30.8,11.0,38.85,11.0,0.0,0.0,0.0,-0.986,0.0026,0.0141,-0.0252,-0.017,35.0141,0.0,0.0,0.0,0.0,no_change,0.0,,0.0,36.0249996185303,229.4873,2026-09-07 20:11:28,2026-09-07 16:15:05
NVDA,NVDA260914P00270000,NVDA,2026-09-14,P,270.0,35.75,56.0,43.9,11.0,0.0,0.0,0.0,-0.9896,0.0018,0.0106,-0.0205,-0.0168,39.9981,0.0,0.0,0.0,0.0,no_change,0.0,,0.0,40.1000003814697,229.4873,2026-09-07 20:11:28,2026-09-07 16:15:05
NVDA,NVDA260914P00275000,NVDA,2026-09-14,P,275.0,40.75,11.0,48.75,11.0,0.0,0.0,0.0,-0.9922,0.0013,0.0083,-0.0167,-0.0168,44.9859,0.0,0.0,0.0,0.0,no_change,0.0,,0.0,45.125,229.4873,2026-09-07 20:11:28,2026-09-07 16:15:05
NVDA,NVDA260914P00280000,NVDA,2026-09-14,P,280.0,45.35,55.0,53.85,11.0,0.0,0.0,0.0,-0.9941,0.001,0.0064,-0.0136,-0.0167,49.9764,0.0,0.0,0.0,0.0,no_change,0.0,,0.0,50.0499992370606,229.4873,2026-09-07 20:11:28,2026-09-07 16:15:05
NVDA,NVDA260914P00285000,NVDA,2026-09-14,P,285.0,50.75,56.0,58.9,11.0,0.0,0.0,0.0,-0.9955,0.0007,0.0051,-0.011,-0.0167,54.9686,0.0,0.0,0.0,0.0,no_change,0.0,,0.0,55.0750007629394,229.4873,2026-09-07 20:11:28,2026-09-07 16:15:05
NVDA,NVDA260914P00290000,NVDA,2026-09-14,P,290.0,55.7,56.0,63.8,11.0,0.0,0.0,0.0,-0.9966,0.0006,0.004,-0.0089,-0.0167,59.9624,0.0,0.0,0.0,0.0,no_change,0.0,,0.0,60.7749996185303,229.4873,2026-09-07 20:11:28,2026-09-07 16:15:05
NVDA,NVDA260914P00295000,NVDA,2026-09-14,P,295.0,62.7,11.0,67.1,11.0,0.0,2.0,0.0,-0.9974,0.0004,0.0031,-0.0071,-0.017,64.9572,0.0,0.0,0.0,0.0,down,70.0,2026-09-02T11:06:36,0.0,65.5750007629394,229.4873,2026-09-07 20:11:28,2026-09-07 16:15:05
NVDA,NVDA260916C00150000,NVDA,2026-09-16,C,150.0,76.4,11.0,84.5,10.0,1.1528,0.0,0.0,0.9965,0.0003,0.0043,-0.016,0.0108,80.3053,0.0,0.0,0.0,0.0,no_change,0.0,,0.0,81.1499977111816,229.4873,2026-09-07 20:11:28,2026-09-07 16:15:05
NVDA,NVDA260916C00155000,NVDA,2026-09-16,C,155.0,71.35,16.0,79.5,12.0,1.0193,1.0,0.0,0.9958,0.0004,0.0049,-0.0181,0.0111,75.3126,0.0,0.0,0.0,0.0,up,64.0,2026-09-01T11:30:01,0.0,76.2250022888184,229.4873,2026-09-07 20:11:28,2026-09-07 16:15:05
NVDA,NVDA260916C00160000,NVDA,2026-09-16,C,160.0,66.45,53.0,74.5,10.0,0.9961,0.0,0.0,0.9949,0.0005,0.0061,-0.0204,0.0114,70.3206,0.0,0.0,0.0,0.0,no_change,0.0,,0.0,71.3499984741211,229.4873,2026-09-07 20:11:28,2026-09-07 16:15:05
NVDA,NVDA260916C00165000,NVDA,2026-09-16,C,165.0,61.45,53.0,69.55,6.0,0.921,0.0,0.0,0.9937,0.0006,0.0074,-0.0231,0.0134,65.3308,0.0,0.0,0.0,0.0,no_change,0.0,,0.0,66.625,229.4873,2026-09-07 20:11:28,2026-09-07 16:15:05
NVDA,NVDA260916C00170000,NVDA,2026-09-16,C,170.0,56.5,11.0,64.55,11.0,0.8609,0.0,0.0,0.9922,0.0008,0.0087,-0.0263,0.0138,60.3429,0.0,0.0,0.0,0.0,no_change,0.0,,0.0,61.2999992370606,229.4873,2026-09-07 20:11:28,2026-09-07 16:15:05
NVDA,NVDA260916C00175000,NVDA,2026-09-16,C,175.0,51.5,11.0,59.55,11.0,0.7887,0.0,0.0,0.9903,0.001,0.0112,-0.0299,0.0162,55.357,0.0,0.0,0.0,0.0,no_change,0.0,,0.0,55.7999992370606,229.4873,2026-09-07 20:11:28,2026-09-07 16:15:05
NVDA,NVDA260916C00180000,NVDA,2026-09-16,C,180.0,46.5,11.0,54.6,11.0,0.7285,0.0,0.0,0.9877,0.0013,0.0133,-0.0343,0.0168,50.3761,0.0,0.0,0.0,0.0,no_change,0.0,,0.0,50.9750003814697,229.4873,2026-09-07 20:11:28,2026-09-07 16:15:05
NVDA,NVDA260916C00185000,NVDA,2026-09-16,C,185.0,41.65,11.0,49.6,11.0,0.6851,1.0,0.0,0.9843,0.0017,0.0163,-0.0395,0.017,45.3995,0.0,0.0,0.0,0.0,no_change,33.53,2026-09-01T10:21:28,0.0,45.2999992370606,229.4873,2026-09-07 20:11:28,2026-09-07 16:15:05
NVDA,NVDA260916C00190000,NVDA,2026-09-16,C,190.0,36.65,11.0,44.65,11.0,0.6218,1.0,0.0,0.9796,0.0023,0.0207,-0.0457,0.0204,40.4311,0.0,0.0,0.0,0.0,no_change,28.62,2026-09-01T10:21:28,0.0,41.6750011444092,229.4873,2026-09-07 20:11:28,2026-09-07 16:15:05
NVDA,NVDA260916C00195000,NVDA,2026-09-16,C,195.0,33.75,45.0,38.65,17.0,0.6701,0.0,0.0,0.9729,0.0032,0.0266,-0.0534,0.0214,35.4731,0.0,0.0,0.0,0.0,no_change,0.0,,0.0,36.7749996185303,229.4873,2026-09-07 20:11:28,2026-09-07 16:15:05
NVDA,NVDA260916C00200000,NVDA,2026-09-16,C,200.0,28.9,34.0,32.35,18.0,0.4748,59.0,8.0,0.963,0.0045,0.0337,-0.063,0.0243,30.535,3.35,35.0,35.0,33.6,down,33.6,2026-09-04T10:50:40,11.0744,31.1250009536743,229.4873,2026-09-07 20:11:28,2026-09-07 16:15:05
NVDA,NVDA260916C00205000,NVDA,2026-09-16,C,205.0,25.4,11.0,25.95,11.0,0.417,38.0,0.0,0.9472,0.0066,0.0454,-0.0766,0.0282,25.635,0.0,0.0,0.0,0.0,down,25.09,2026-09-03T15:26:10,0.0,25.3999996185303,229.4873,2026-09-07 20:11:28,2026-09-07 16:15:05
NVDA,NVDA260916C00210000,NVDA,2026-09-16,C,210.0,20.65,24.0,21.15,24.0,0.385,61.0,157.0,0.9194,0.0099,0.0629,-0.0974,0.0316,20.8227,1.61,22.89,23.3,20.26,up,21.36,2026-09-04T15:52:55,8.1519,20.5749998092651,229.4873,2026-09-07 20:11:28,2026-09-07 16:15:05
NVDA,NVDA260916C00215000,NVDA,2026-09-16,C,215.0,16.05,56.0,16.55,24.0,0.357,299.0,58.0,0.8692,0.0149,0.0897,-0.129,0.0369,16.2025,0.625,18.04,20.23,15.85,up,15.9,2026-09-04T15:08:45,4.09166,15.9749999046326,229.4873,2026-09-07 20:11:28,2026-09-07 16:15:05
NVDA,NVDA260916C00220000,NVDA,2026-09-16,C,220.0,11.8,54.0,12.3,62.0,0.3371,134.0,416.0,0.7853,0.0214,0.1226,-0.169,0.038,11.9486,1.15,11.65,15.55,11.45,down,12.3,2026-09-04T15:55:00,10.3139,11.7249999046326,229.4873,2026-09-07 20:11:28,2026-09-07 16:15:05
NVDA,NVDA260916C00225000,NVDA,2026-09-16,C,225.0,8.15,30.0,8.5,24.0,0.3207,463.0,752.0,0.6647,0.0274,0.1524,-0.2053,0.0345,8.2678,0.585,10.05,11.75,7.8,down,8.26,2026-09-04T15:59:38,7.62215,8.07499980926514,229.4873,2026-09-07 20:11:28,2026-09-07 16:15:05
NVDA,NVDA260916C00230000,NVDA,2026-09-16,C,230.0,5.0,45.0,6.4,47.0,0.3159,796.0,728.0,0.5186,0.0304,0.1664,-0.2207,0.0278,5.3218,0.625,5.8,8.25,5.05,no_change,5.55,2026-09-04T15:57:28,12.6904,5.125,229.4873,2026-09-07 20:11:28,2026-09-07 16:15:05
NVDA,NVDA260916C00235000,NVDA,2026-09-16,C,235.0,3.05,44.0,3.3,10.0,0.3115,6202.0,6985.0,0.3691,0.0291,0.1577,-0.2059,0.02,3.1651,0.24,3.32,5.45,2.96,no_change,3.15,2026-09-04T15:59:43,8.24742,3.03999996185303,229.4873,2026-09-07 20:11:28,2026-09-07 16:15:05
NVDA,NVDA260916C00240000,NVDA,2026-09-16,C,240.0,1.71,32.0,1.97,123.0,0.3103,970.0,1053.0,0.2391,0.024,0.1302,-0.167,0.013,1.7461,0.145,2.05,3.3,1.64,down,1.75,2026-09-04T15:59:56,9.03427,1.6700000166893,229.4873,2026-09-07 20:11:28,2026-09-07 16:15:05
NVDA,NVDA260916C00245000,NVDA,2026-09-16,C,245.0,0.89,22.0,1.0,26.0,0.3142,4604.0,1124.0,0.1442,0.0173,0.0959,-0.1217,0.0079,0.9265,0.09,1.15,1.93,0.87,up,0.94,2026-09-04T15:58:27,10.5882,0.890000015497208,229.4873,2026-09-07 20:11:28,2026-09-07 16:15:05
NVDA,NVDA260916C00250000,NVDA,2026-09-16,C,250.0,0.31,88.0,0.55,107.0,0.3238,944.0,1420.0,0.0857,0.0116,0.0666,-0.0849,0.0047,0.5059,0.075,0.52,1.1,0.47,down,0.52,2026-09-04T15:56:45,16.8539,0.480000004172325,229.4873,2026-09-07 20:11:28,2026-09-07 16:15:05
NVDA,NVDA260916C00255000,NVDA,2026-09-16,C,255.0,0.2,1.0,0.31,16.0,0.3374,247.0,397.0,0.0522,0.0075,0.0456,-0.0596,0.0028,0.2948,0.03,0.27,0.62,0.27,down,0.29,2026-09-04T15:59:30,11.5385,0.280000001192093,229.4873,2026-09-07 20:11:28,2026-09-07 16:15:05
NVDA,NVDA260916C00260000,NVDA,2026-09-16,C,260.0,0.01,10.0,0.2,16.0,0.3574,761.0,1029.0,0.0338,0.005,0.0322,-0.0435,0.0018,0.1879,0.04,0.23,0.35,0.17,up,0.2,2026-09-04T15:57:08,25.0,0.185000002384186,229.4873,2026-09-07 20:11:28,2026-09-07 16:15:05
NVDA,NVDA260916C00265000,NVDA,2026-09-16,C,265.0,0.12,1.0,0.14,4.0,0.381,24.0,33.0,0.0231,0.0034,0.0235,-0.0331,0.0012,0.1286,0.035,0.22,0.23,0.13,up,0.14,2026-09-04T12:27:57,33.3333,0.129999998956919,229.4873,2026-09-07 20:11:28,2026-09-07 16:15:05
NVDA,NVDA260916C00270000,NVDA,2026-09-16,C,270.0,0.08,5.0,0.11,20.0,0.4044,260.0,23.0,0.0164,0.0024,0.0176,-0.0258,0.0009,0.0925,0.035,0.14,0.14,0.09,up,0.11,2026-09-04T14:55:37,46.6667,0.100000001490116,229.4873,2026-09-07 20:11:28,2026-09-07 16:15:05
NVDA,NVDA260916C00275000,NVDA,2026-09-16,C,275.0,0.06,61.0,0.09,37.0,0.43,36.0,18.0,0.0121,0.0018,0.0135,-0.0206,0.0006,0.0689,0.0,0.05,0.1,0.05,down,0.06,2026-09-04T15:57:54,2.23517e-06,0.0750000011175871,229.4873,2026-09-07 20:11:28,2026-09-07 16:15:05
NVDA,NVDA260916C00280000,NVDA,2026-09-16,C,280.0,0.04,63.0,0.07,85.0,0.4497,28.0,12.0,0.0091,0.0013,0.0105,-0.0167,0.0005,0.0526,0.015,0.05,0.06,0.05,no_change,0.06,2026-09-04T14:49:06,33.3333,0.0600000005215406,229.4873,2026-09-07 20:11:28,2026-09-07 16:15:05
NVDA,NVDA260916C00285000,NVDA,2026-09-16,C,285.0,0.03,38.0,0.06,54.0,0.4737,2.0,0.0,0.007,0.001,0.0084,-0.0137,0.0004,0.041,0.0,0.0,0.0,0.0,down,0.04,2026-09-03T13:19:57,0.0,0.0449999989941716,229.4873,2026-09-07 20:11:28,2026-09-07 16:15:05
NVDA,NVDA260916C00290000,NVDA,2026-09-16,C,290.0,0.02,29.0,0.05,72.0,0.4935,0.0,0.0,0.0055,0.0008,0.0067,-0.0114,0.0003,0.0326,0.0,0.0,0.0,0.0,down,0.01,2026-09-03T14:07:02,0.0,0.0350000001490116,229.4873,2026-09-07 20:11:28,2026-09-07 16:15:05
NVDA,NVDA260916C00295000,NVDA,2026-09-16,C,295.0,0.01,88.0,0.04,95.0,0.5076,109.0,109.0,0.0044,0.0006,0.0055,-0.0096,0.0002,0.0264,0.005,0.03,0.05,0.01,no_change,0.03,2026-09-04T15:56:17,20.0,0.0299999993294477,229.4873,2026-09-07 20:11:28,2026-09-07 16:15:05
NVDA,NVDA260916P00150000,NVDA,2026-09-16,P,150.0,0.0,0.0,0.4,12.0,0.923,12.0,0.0,-0.0046,0.0003,0.0056,-0.0191,-0.0003,0.0568,0.0,0.0,0.0,0.0,no_change,0.05,2026-09-02T15:28:51,0.0,0.0549999997019768,229.4873,2026-09-07 20:11:28,2026-09-07 16:15:05
NVDA,NVDA260916P00155000,NVDA,2026-09-16,P,155.0,0.0,0.0,0.29,13.0,0.8762,0.0,0.0,-0.0055,0.0004,0.0066,-0.021,-0.0003,0.0643,0.0,0.0,0.0,0.0,no_change,0.0,,0.0,0.0600000005215406,229.4873,2026-09-07 20:11:28,2026-09-07 16:15:05
NVDA,NVDA260916P00160000,NVDA,2026-09-16,P,160.0,0.04,5.0,0.29,14.0,0.8265,16.0,5.0,-0.0065,0.0005,0.0077,-0.0233,-0.0004,0.0733,-0.005,0.07,0.07,0.07,no_change,0.07,2026-09-04T09:52:00,-6.66667,0.0750000011175871,229.4873,2026-09-07 20:11:28,2026-09-07 16:15:05
NVDA,NVDA260916P00165000,NVDA,2026-09-16,P,165.0,0.06,84.0,0.1,2.0,0.7756,0.0,0.0,-0.0078,0.0007,0.009,-0.0258,-0.0004,0.0838,0.0,0.0,0.0,0.0,no_change,0.0,,0.0,0.0850000008940697,229.4873,2026-09-07 20:11:28,2026-09-07 16:15:05
NVDA,NVDA260916P00170000,NVDA,2026-09-16,P,170.0,0.08,94.0,0.34,1.0,0.7236,33.0,17.0,-0.0094,0.0008,0.0107,-0.0287,-0.0005,0.0966,0.0,0.12,0.12,0.09,up,0.1,2026-09-04T15:26:22,2.23517e-06,0.0950000025331974,229.4873,2026-09-07 20:11:28,2026-09-07 16:15:05
NVDA,NVDA260916P00175000,NVDA,2026-09-16,P,175.0,0.0,0.0,0.74,11.0,0.6874,16.0,13.0,-0.0115,0.001,0.0127,-0.0321,-0.0006,0.1122,0.015,0.11,0.13,0.1,up,0.13,2026-09-04T14:49:32,13.0435,0.125,229.4873,2026-09-07 20:11:28,2026-09-07 16:15:05
NVDA,NVDA260916P00180000,NVDA,2026-09-16,P,180.0,0.0,0.0,0.15,1.0,0.6353,70.0,16.0,-0.0142,0.0014,0.0153,-0.0361,-0.0008,0.1319,-0.005,0.13,0.13,0.13,no_change,0.13,2026-09-04T09:38:12,-3.7037,0.140000000596046,229.4873,2026-09-07 20:11:28,2026-09-07 16:15:05
NVDA,NVDA260916P00185000,NVDA,2026-09-16,P,185.0,0.0,0.0,0.63,9.0,0.5931,74.0,3.0,-0.0178,0.0018,0.0185,-0.0409,-0.001,0.1572,0.0,0.14,0.16,0.14,up,0.16,2026-09-04T14:39:27,-2.42144e-06,0.170000001788139,229.4873,2026-09-07 20:11:28,2026-09-07 16:15:05
NVDA,NVDA260916P00190000,NVDA,2026-09-16,P,190.0,0.0,0.0,0.2,1.0,0.5397,35.0,21.0,-0.0227,0.0024,0.0228,-0.0466,-0.0013,0.1902,0.005,0.2,0.2,0.2,no_change,0.2,2026-09-04T14:44:04,2.5641,0.195000000298023,229.4873,2026-09-07 20:11:28,2026-09-07 16:15:05
NVDA,NVDA260916P00195000,NVDA,2026-09-16,P,195.0,0.02,96.0,0.25,1.0,0.4942,118.0,31.0,-0.0295,0.0032,0.0284,-0.0538,-0.0016,0.2347,-0.01,0.21,0.25,0.2,down,0.23,2026-09-04T15:18:10,-4.16667,0.234999999403954,229.4873,2026-09-07 20:11:28,2026-09-07 16:15:05
NVDA,NVDA260916P00200000,NVDA,2026-09-16,P,200.0,0.27,45.0,0.33,1.0,0.4501,916.0,592.0,-0.0395,0.0045,0.0361,-0.0629,-0.0022,0.2986,-0.035,0.3,0.32,0.23,down,0.29,2026-09-04T15:41:36,-10.7692,0.295000001788139,229.4873,2026-09-07 20:11:28,2026-09-07 16:15:05
NVDA,NVDA260916P00205000,NVDA,2026-09-16,P,205.0,0.36,22.0,0.41,2.0,0.4045,1158.0,119.0,-0.0553,0.0065,0.0474,-0.0759,-0.003,0.4017,-0.07,0.43,0.43,0.31,up,0.41,2026-09-04T15:46:25,-14.5833,0.394999995827675,229.4873,2026-09-07 20:11:28,2026-09-07 16:15:05
NVDA,NVDA260916P00210000,NVDA,2026-09-16,P,210.0,0.54,42.0,0.81,184.0,0.3698,847.0,302.0,-0.083,0.0098,0.0646,-0.0963,-0.0045,0.5935,-0.15,0.63,0.63,0.47,no_change,0.59,2026-09-04T15:48:51,-20.2703,0.590000003576279,229.4873,2026-09-07 20:11:28,2026-09-07 16:15:05
NVDA,NVDA260916P00215000,NVDA,2026-09-16,P,215.0,0.92,39.0,1.01,10.0,0.3452,564.0,988.0,-0.1324,0.0148,0.0904,-0.1276,-0.0072,0.975,-0.35,0.87,1.08,0.71,down,0.91,2026-09-04T15:52:59,-27.7778,0.979999989271164,229.4873,2026-09-07 20:11:28,2026-09-07 16:15:05
NVDA,NVDA260916P00220000,NVDA,2026-09-16,P,220.0,1.5,108.0,1.8,90.0,0.3278,483.0,637.0,-0.2162,0.0213,0.123,-0.1685,-0.0114,1.7274,-0.46,1.86,1.86,1.18,down,1.72,2026-09-04T15:59:15,-21.1009,1.74500000476837,229.4873,2026-09-07 20:11:28,2026-09-07 16:15:05
NVDA,NVDA260916P00225000,NVDA,2026-09-16,P,225.0,2.66,109.0,3.25,88.0,0.318,766.0,1010.0,-0.3369,0.0275,0.1526,-0.2059,-0.0174,3.0488,-0.575,3.9,3.9,2.06,up,3.1,2026-09-04T15:59:12,-15.6463,3.07500004768372,229.4873,2026-09-07 20:11:28,2026-09-07 16:15:05
NVDA,NVDA260916P00230000,NVDA,2026-09-16,P,230.0,4.1,1.0,5.2,10.0,0.3123,422.0,883.0,-0.4837,0.0306,0.1663,-0.2222,-0.0236,5.1072,-0.775,4.85,5.35,3.5,up,5.1,2026-09-04T15:59:02,-13.1915,5.17499995231628,229.4873,2026-09-07 20:11:28,2026-09-07 16:15:05
NVDA,NVDA260916P00235000,NVDA,2026-09-16,P,235.0,7.65,59.0,8.05,42.0,0.3022,162.0,458.0,-0.6344,0.0294,0.1569,-0.2079,-0.0288,7.9603,-1.32,7.2,8.25,5.72,down,7.58,2026-09-04T15:53:18,-14.8315,8.07499980926514,229.4873,2026-09-07 20:11:28,2026-09-07 16:15:05
NVDA,NVDA260916P00240000,NVDA,2026-09-16,P,240.0,11.25,24.0,12.0,63.0,0.3137,59.0,114.0,-0.7658,0.0242,0.1286,-0.169,-0.0301,11.5575,-1.12,11.85,11.85,8.72,down,11.48,2026-09-04T15:49:15,-8.88889,11.7000002861023,229.4873,2026-09-07 20:11:28,2026-09-07 16:15:05
NVDA,NVDA260916P00245000,NVDA,2026-09-16,P,245.0,15.45,25.0,15.85,9.0,0.2999,6.0,3.0,-0.8616,0.0175,0.0931,-0.1227,-0.0315,15.7589,-4.225,13.1,13.1,12.5,up,12.6,2026-09-04T09:58:21,-25.1114,15.9250001907349,229.4873,2026-09-07 20:11:28,2026-09-07 16:15:05
NVDA,NVDA260916P00250000,NVDA,2026-09-16,P,250.0,19.75,32.0,20.5,31.0,0.2767,27.0,43.0,-0.9204,0.0115,0.0628,-0.0843,-0.0294,20.3569,-1.0,17.28,20.55,17.15,up,20.5,2026-09-04T15:42:41,-4.65116,20.5500001907349,229.4873,2026-09-07 20:11:28,2026-09-07 16:15:05
NVDA,NVDA260916P00255000,NVDA,2026-09-16,P,255.0,24.55,41.0,25.45,32.0,0.2834,2.0,2.0,-0.953,0.0073,0.0421,-0.058,-0.0264,25.1633,-1.7,22.35,24.6,22.35,up,24.6,2026-09-04T15:55:00,-6.46388,25.3500003814697,229.4873,2026-09-07 20:11:28,2026-09-07 16:15:05
NVDA,NVDA260916P00260000,NVDA,2026-09-16,P,260.0,27.9,11.0,31.75,11.0,0.0,5.0,0.0,-0.9706,0.0048,0.0286,-0.0413,-0.0256,30.0675,0.0,0.0,0.0,0.0,up,31.3,2026-09-03T15:54:05,0.0,30.8000001907349,229.4873,2026-09-07 20:11:28,2026-09-07 16:15:05
NVDA,NVDA260916P00265000,NVDA,2026-09-16,P,265.0,30.8,56.0,38.85,11.0,0.0,0.0,0.0,-0.9806,0.0032,0.0204,-0.0305,-0.0261,35.0154,0.0,0.0,0.0,0.0,no_change,0.0,,0.0,35.0,229.4873,2026-09-07 20:11:28,2026-09-07 16:15:05
NVDA,NVDA260916P00270000,NVDA,2026-09-16,P,270.0,35.8,19.0,43.9,11.0,0.0,0.0,0.0,-0.9866,0.0022,0.0147,-0.0232,-0.0252,39.9844,0.0,0.0,0.0,0.0,no_change,0.0,,0.0,41.25,229.4873,2026-09-07 20:11:28,2026-09-07 16:15:05
NVDA,NVDA260916P00275000,NVDA,2026-09-16,P,275.0,40.75,6.0,48.9,11.0,0.0,0.0,0.0,-0.9904,0.0016,0.0107,-0.018,-0.0247,44.9639,0.0,0.0,0.0,0.0,no_change,0.0,,0.0,45.1000003814697,229.4873,2026-09-07 20:11:28,2026-09-07 16:15:05
NVDA,NVDA260916P00280000,NVDA,2026-09-16,P,280.0,45.75,11.0,53.8,11.0,0.0,0.0,0.0,-0.993,0.0011,0.0083,-0.0142,-0.0251,49.9496,0.0,0.0,0.0,0.0,no_change,0.0,,0.0,50.0249996185303,229.4873,2026-09-07 20:11:28,2026-09-07 16:15:05
NVDA,NVDA260916P00285000,NVDA,2026-09-16,P,285.0,50.75,56.0,58.8,11.0,0.0,0.0,0.0,-0.9948,0.0008,0.0062,-0.0113,-0.0248,54.9392,0.0,0.0,0.0,0.0,no_change,0.0,,0.0,55.0249996185303,229.4873,2026-09-07 20:11:28,2026-09-07 16:15:05
NVDA,NVDA260916P00290000,NVDA,2026-09-16,P,290.0,55.7,56.0,63.8,11.0,0.0,0.0,0.0,-0.996,0.0006,0.005,-0.0091,-0.0252,59.9314,0.0,0.0,0.0,0.0,no_change,0.0,,0.0,60.0249996185303,229.4873,2026-09-07 20:11:28,2026-09-07 16:15:05
NVDA,NVDA260916P00295000,NVDA,2026-09-16,P,295.0,60.7,11.0,68.85,11.0,0.0,0.0,0.0,-0.9969,0.0005,0.004,-0.0074,-0.025,64.9251,0.0,0.0,0.0,0.0,no_change,0.0,,0.0,65.0499992370606,229.4873,2026-09-07 20:11:28,2026-09-07 16:15:05
NVDA,NVDA260918C00005000,NVDA,2026-09-18,C,5.0,221.4,10.0,230.0,12.0,0.0,102.0,4.0,1.0,0.0,0.0,0.0,0.0002,225.2351,1.135,229.0,229.0,224.76,down,224.76,2026-09-04T15:20:43,0.507546,225.075004577637,229.4873,2026-09-07 20:11:28,2026-09-07 16:15:05
NVDA,NVDA260918C00010000,NVDA,2026-09-18,C,10.0,217.8,51.0,222.8,51.0,7.3395,1470.0,0.0,1.0,0.0,0.0,0.0,0.0005,220.2362,0.0,0.0,0.0,0.0,down,201.48,2026-08-25T10:35:59,0.0,219.950004577637,229.4873,2026-09-07 20:11:28,2026-09-07 16:15:05
NVDA,NVDA260918C00015000,NVDA,2026-09-18,C,15.0,211.4,10.0,220.0,12.0,6.3458,52.0,0.0,1.0,0.0,0.0,0.0,0.0008,215.2374,0.0,0.0,0.0,0.0,up,214.41,2026-09-03T14:46:35,0.0,215.149993896484,229.4873,2026-09-07 20:11:28,2026-09-07 16:15:05
NVDA,NVDA260918C00020000,NVDA,2026-09-18,C,20.0,206.4,10.0,214.65,50.0,5.1912,54.0,0.0,1.0,0.0,0.0,-0.0001,0.0011,210.2386,0.0,0.0,0.0,0.0,down,191.47,2026-08-26T11:37:42,0.0,210.149993896484,229.4873,2026-09-07 20:11:28,2026-09-07 16:15:05
NVDA,NVDA260918C00025000,NVDA,2026-09-18,C,25.0,201.4,10.0,210.0,12.0,5.0488,883.0,0.0,1.0,0.0,0.0,-0.0001,0.0014,205.2399,0.0,0.0,0.0,0.0,down,204.89,2026-08-27T13:20:20,0.0,204.900001525879,229.4873,2026-09-07 20:11:28,2026-09-07 16:15:05
NVDA,NVDA260918C00030000,NVDA,2026-09-18,C,30.0,196.3,10.0,205.0,12.0,3.9594,60.0,6.0,1.0,0.0,0.0,-0.0002,0.0016,200.2412,2.135,200.11,200.11,199.74,up,199.96,2026-09-04T15:43:57,1.07923,199.925003051758,229.4873,2026-09-07 20:11:28,2026-09-07 16:15:05
NVDA,NVDA260918C00035000,NVDA,2026-09-18,C,35.0,191.3,10.0,200.0,12.0,3.9239,382.0,8.0,1.0,0.0,0.0,-0.0002,0.0019,195.2424,1.53,195.22,195.22,194.35,up,194.98,2026-09-04T15:43:57,0.790904,195.0,229.4873,2026-09-07 20:11:28,2026-09-07 16:15:05
NVDA,NVDA260918C00040000,NVDA,2026-09-18,C,40.0,186.3,10.0,195.0,12.0,3.8036,266.0,6.0,1.0,0.0,0.0,-0.0004,0.0022,190.2438,0.935,189.93,190.4,189.46,up,189.96,2026-09-04T15:34:32,0.494643,190.0,229.4873,2026-09-07 20:11:28,2026-09-07 16:15:05
NVDA,NVDA260918C00045000,NVDA,2026-09-18,C,45.0,182.8,50.0,187.35,117.0,0.0,116.0,19.0,1.0,0.0,0.0,-0.0005,0.0025,185.2451,1.26,186.74,186.74,184.73,up,184.96,2026-09-04T15:44:09,0.685903,184.825004577637,229.4873,2026-09-07 20:11:28,2026-09-07 16:15:05
NVDA,NVDA260918C00050000,NVDA,2026-09-18,C,50.0,177.6,15.0,182.4,99.0,3.0537,172.0,19.0,1.0,0.0,0.0001,-0.0006,0.0028,180.2465,1.18,182.0,182.0,179.43,down,179.98,2026-09-04T15:44:09,0.659958,180.049995422363,229.4873,2026-09-07 20:11:28,2026-09-07 16:15:05
NVDA,NVDA260918C00055000,NVDA,2026-09-18,C,55.0,171.45,51.0,178.15,53.0,0.0,80.0,6.0,0.9999,0.0,0.0001,-0.0008,0.0031,175.248,1.155,175.17,176.57,174.53,down,174.78,2026-09-04T15:40:20,0.665227,175.425003051758,229.4873,2026-09-07 20:11:28,2026-09-07 16:15:05
NVDA,NVDA260918C00060000,NVDA,2026-09-18,C,60.0,166.4,53.0,171.35,50.0,0.0,284.0,4.0,0.9999,0.0,0.0001,-0.001,0.0034,170.2495,1.375,169.59,170.14,169.59,down,169.8,2026-09-04T15:40:20,0.816385,170.599998474121,229.4873,2026-09-07 20:11:28,2026-09-07 16:15:05
NVDA,NVDA260918C00065000,NVDA,2026-09-18,C,65.0,161.6,50.0,169.2,132.0,2.9447,269.0,4.0,0.9999,0.0,0.0002,-0.0012,0.0038,165.251,1.435,164.67,165.16,164.67,up,165.16,2026-09-04T15:35:05,0.876471,164.899993896484,229.4873,2026-09-07 20:11:28,2026-09-07 16:15:05
NVDA,NVDA260918C00070000,NVDA,2026-09-18,C,70.0,157.75,201.0,164.2,125.0,3.201,254.0,2.0,0.9998,0.0,0.0002,-0.0016,0.0041,160.2528,0.205,159.77,159.77,159.73,down,159.73,2026-09-04T15:32:40,0.12851,159.974998474121,229.4873,2026-09-07 20:11:28,2026-09-07 16:15:05
NVDA,NVDA260918C00075000,NVDA,2026-09-18,C,75.0,153.25,184.0,159.2,116.0,3.1701,124.0,5.0,0.9998,0.0,0.0003,-0.002,0.0044,155.2546,0.89,154.42,155.34,154.42,up,155.34,2026-09-04T14:57:42,0.576235,155.099998474121,229.4873,2026-09-07 20:11:28,2026-09-07 16:15:05
NVDA,NVDA260918C00080000,NVDA,2026-09-18,C,80.0,148.35,172.0,154.2,108.0,3.0222,204.0,12.0,0.9998,0.0,0.0003,-0.0023,0.0047,150.2564,0.69,152.32,152.5,149.95,up,149.99,2026-09-04T15:32:54,0.46216,150.299995422363,229.4873,2026-09-07 20:11:28,2026-09-07 16:15:05
NVDA,NVDA260918C00085000,NVDA,2026-09-18,C,85.0,143.95,146.0,149.2,114.0,2.9922,450.0,4.0,0.9997,0.0,0.0005,-0.0028,0.0053,145.2585,1.16,145.05,145.21,145.01,up,145.21,2026-09-04T15:35:19,0.805279,145.224998474121,229.4873,2026-09-07 20:11:28,2026-09-07 16:15:05
NVDA,NVDA260918C00090000,NVDA,2026-09-18,C,90.0,139.05,155.0,142.2,114.0,2.3223,944.0,24.0,0.9996,0.0,0.0006,-0.0034,0.0056,140.2608,1.19,140.27,140.29,139.76,up,140.29,2026-09-04T15:50:38,0.855495,139.875,229.4873,2026-09-07 20:11:28,2026-09-07 16:15:05
NVDA,NVDA260918C00095000,NVDA,2026-09-18,C,95.0,133.95,164.0,139.2,113.0,2.6833,726.0,2.0,0.9995,0.0,0.0007,-0.004,0.0059,135.2632,1.015,135.25,135.29,135.25,up,135.29,2026-09-04T15:50:38,0.75591,134.974998474121,229.4873,2026-09-07 20:11:28,2026-09-07 16:15:05
NVDA,NVDA260918C00100000,NVDA,2026-09-18,C,100.0,128.4,176.0,132.2,117.0,1.6473,2303.0,7.0,0.9994,0.0,0.001,-0.0047,0.0068,130.2657,1.075,132.19,132.19,130.1,up,130.2,2026-09-04T14:21:04,0.832524,130.324996948242,229.4873,2026-09-07 20:11:28,2026-09-07 16:15:05
NVDA,NVDA260918C00105000,NVDA,2026-09-18,C,105.0,124.15,175.0,126.95,116.0,1.9025,1276.0,32.0,0.9992,0.0,0.0011,-0.0056,0.0072,125.2689,0.905,129.75,129.75,124.8,up,125.03,2026-09-04T15:39:57,0.729104,124.875,229.4873,2026-09-07 20:11:28,2026-09-07 16:15:05
NVDA,NVDA260918C00110000,NVDA,2026-09-18,C,110.0,118.6,155.0,122.2,115.0,1.647,1511.0,22.0,0.999,0.0001,0.0013,-0.0065,0.0075,120.2722,0.93,123.67,123.67,119.9,up,120.03,2026-09-04T15:39:57,0.780858,119.825000762939,229.4873,2026-09-07 20:11:28,2026-09-07 16:15:05
NVDA,NVDA260918C00115000,NVDA,2026-09-18,C,115.0,114.55,105.0,116.9,111.0,1.8096,2527.0,15.0,0.9988,0.0001,0.0018,-0.0075,0.0084,115.2757,1.56,115.73,118.85,114.79,down,115.36,2026-09-04T15:58:00,1.37083,114.724998474121,229.4873,2026-09-07 20:11:28,2026-09-07 16:15:05
NVDA,NVDA260918C00120000,NVDA,2026-09-18,C,120.0,109.1,137.0,112.4,116.0,1.7207,2802.0,3.0,0.9986,0.0001,0.0021,-0.0088,0.0094,110.2802,1.015,113.52,113.52,110.52,up,110.54,2026-09-04T15:01:50,0.926731,109.799999237061,229.4873,2026-09-07 20:11:28,2026-09-07 16:15:05
NVDA,NVDA260918C00125000,NVDA,2026-09-18,C,125.0,104.05,348.0,105.75,129.0,0.0,5123.0,26.0,0.9982,0.0001,0.0024,-0.0102,0.0098,105.2851,0.98,105.94,109.55,105.23,no_change,105.23,2026-09-04T14:21:37,0.940048,104.474998474121,229.4873,2026-09-07 20:11:28,2026-09-07 16:15:05
NVDA,NVDA260918C00130000,NVDA,2026-09-18,C,130.0,99.05,356.0,100.8,86.0,0.0,3820.0,43.0,0.9978,0.0002,0.0031,-0.0117,0.0117,100.2904,1.14,100.95,104.7,100.0,up,100.09,2026-09-04T14:41:13,1.1521,100.125,229.4873,2026-09-07 20:11:28,2026-09-07 16:15:05
NVDA,NVDA260918C00135000,NVDA,2026-09-18,C,135.0,94.1,273.0,97.25,167.0,1.3994,2579.0,11.0,0.9973,0.0002,0.0036,-0.0134,0.0126,95.2972,0.075,96.3,98.8,93.8,down,93.8,2026-09-04T15:39:34,0.080023,95.0499992370606,229.4873,2026-09-07 20:11:28,2026-09-07 16:15:05
NVDA,NVDA260918C00140000,NVDA,2026-09-18,C,140.0,89.05,251.0,92.25,164.0,1.3005,13491.0,23.0,0.9967,0.0002,0.0042,-0.0154,0.013,90.3047,1.325,92.77,94.29,90.45,down,90.45,2026-09-04T13:50:05,1.48668,89.875,229.4873,2026-09-07 20:11:28,2026-09-07 16:15:05
NVDA,NVDA260918C00145000,NVDA,2026-09-18,C,145.0,84.15,275.0,86.15,58.0,0.0,3227.0,5.0,0.996,0.0003,0.0054,-0.0175,0.0166,85.3134,3.09,87.0,88.91,86.5,up,87.49,2026-09-04T11:10:38,3.66114,84.7999992370606,229.4873,2026-09-07 20:11:28,2026-09-07 16:15:05
NVDA,NVDA260918C00150000,NVDA,2026-09-18,C,150.0,79.15,319.0,80.85,92.0,0.0,21958.0,330.0,0.9951,0.0004,0.0063,-0.02,0.0171,80.324,0.9,81.1,84.6,80.5,down,80.5,2026-09-04T13:47:31,1.13066,79.7999992370606,229.4873,2026-09-07 20:11:28,2026-09-07 16:15:05
NVDA,NVDA260918C00155000,NVDA,2026-09-18,C,155.0,74.5,210.0,77.35,103.0,0.0,5653.0,62.0,0.9939,0.0005,0.0079,-0.0226,0.0216,75.3358,1.175,78.69,78.69,75.2,no_change,75.2,2026-09-04T15:46:41,1.5873,75.2000007629394,229.4873,2026-09-07 20:11:28,2026-09-07 16:15:05
NVDA,NVDA260918C00160000,NVDA,2026-09-18,C,160.0,69.6,224.0,70.95,32.0,0.61,6411.0,63.0,0.9925,0.0006,0.0092,-0.0256,0.0224,70.3507,0.1,71.15,74.5,69.49,no_change,69.5,2026-09-04T15:35:31,0.144096,69.875,229.4873,2026-09-07 20:11:28,2026-09-07 16:15:05
NVDA,NVDA260918C00165000,NVDA,2026-09-18,C,165.0,64.5,281.0,67.35,158.0,0.0,7904.0,22.0,0.9908,0.0008,0.0114,-0.0289,0.0282,65.3677,1.55,66.7,69.6,65.45,down,65.45,2026-09-04T13:50:44,2.42567,64.8499984741211,229.4873,2026-09-07 20:11:28,2026-09-07 16:15:05
NVDA,NVDA260918C00170000,NVDA,2026-09-18,C,170.0,59.2,238.0,61.15,102.0,0.0,8397.0,135.0,0.9886,0.001,0.0134,-0.0325,0.0289,60.3888,1.5,64.46,64.46,60.41,down,60.5,2026-09-04T15:50:00,2.54237,60.1499996185303,229.4873,2026-09-07 20:11:28,2026-09-07 16:15:05
NVDA,NVDA260918C00175000,NVDA,2026-09-18,C,175.0,55.1,98.0,55.85,21.0,0.6946,8401.0,88.0,0.9859,0.0012,0.0164,-0.0364,0.0356,55.4136,1.975,55.5,59.6,55.45,up,56.1,2026-09-04T15:52:53,3.64896,55.1499996185303,229.4873,2026-09-07 20:11:28,2026-09-07 16:15:05
NVDA,NVDA260918C00180000,NVDA,2026-09-18,C,180.0,49.5,292.0,50.75,4.0,0.0,14230.0,132.0,0.9824,0.0016,0.0198,-0.0408,0.042,50.4438,1.08,50.4,54.59,50.0,no_change,50.23,2026-09-04T15:24:51,2.19736,50.1499996185303,229.4873,2026-09-07 20:11:28,2026-09-07 16:15:05
NVDA,NVDA260918C00185000,NVDA,2026-09-18,C,185.0,45.15,58.0,45.75,12.0,0.5556,10421.0,51.0,0.978,0.0021,0.0239,-0.0456,0.048,45.4809,1.025,45.5,49.9,45.25,down,45.25,2026-09-04T15:39:38,2.31769,45.1499996185303,229.4873,2026-09-07 20:11:28,2026-09-07 16:15:05
NVDA,NVDA260918C00187500,NVDA,2026-09-18,C,187.5,39.6,12.0,46.95,11.0,0.6303,71.0,7.0,0.9754,0.0024,0.0263,-0.0482,0.0514,43.0028,0.41,44.44,44.91,43.01,down,43.01,2026-09-04T15:41:14,0.96244,42.6500015258789,229.4873,2026-09-07 20:11:28,2026-09-07 16:15:05
NVDA,NVDA260918C00190000,NVDA,2026-09-18,C,190.0,40.35,20.0,40.8,7.0,0.5412,27222.0,277.0,0.9723,0.0027,0.0291,-0.051,0.0567,40.5273,1.04,41.8,45.0,40.01,up,40.34,2026-09-04T15:42:55,2.64631,40.2000007629394,229.4873,2026-09-07 20:11:28,2026-09-07 16:15:05
NVDA,NVDA260918C00192500,NVDA,2026-09-18,C,192.5,36.2,57.0,40.7,68.0,0.5989,60.0,0.0,0.9687,0.0031,0.0322,-0.0541,0.0629,38.0553,0.0,0.0,0.0,0.0,down,32.4,2026-09-02T15:33:45,0.0,38.1749992370606,229.4873,2026-09-07 20:11:28,2026-09-07 16:15:05
NVDA,NVDA260918C00195000,NVDA,2026-09-18,C,195.0,35.4,52.0,35.85,10.0,0.4915,79471.0,1466.0,0.9644,0.0036,0.0358,-0.0575,0.0663,35.5881,1.475,36.17,40.0,35.2,down,35.85,2026-09-04T15:58:14,4.29091,35.3250007629394,229.4873,2026-09-07 20:11:28,2026-09-07 16:15:05
NVDA,NVDA260918C00197500,NVDA,2026-09-18,C,197.5,32.3,217.0,34.7,165.0,0.5374,97.0,29.0,0.9593,0.0042,0.0399,-0.0616,0.0668,33.1274,2.075,33.72,34.11,33.72,no_change,34.1,2026-09-04T15:02:26,6.47931,32.8999996185303,229.4873,2026-09-07 20:11:28,2026-09-07 16:15:05
NVDA,NVDA260918C00200000,NVDA,2026-09-18,C,200.0,30.5,69.0,30.95,50.0,0.4503,38718.0,827.0,0.953,0.0049,0.0449,-0.0665,0.0672,30.6758,1.48,31.4,35.0,30.31,up,31.03,2026-09-04T15:57:11,5.00846,30.375,229.4873,2026-09-07 20:11:28,2026-09-07 16:15:05
NVDA,NVDA260918C00202500,NVDA,2026-09-18,C,202.5,28.1,48.0,28.5,51.0,0.4321,298.0,35.0,0.945,0.0058,0.0509,-0.0724,0.0674,28.238,0.845,29.93,32.05,27.97,down,27.97,2026-09-04T15:44:58,3.11521,27.9749994277954,229.4873,2026-09-07 20:11:28,2026-09-07 16:15:05
NVDA,NVDA260918C00205000,NVDA,2026-09-18,C,205.0,25.7,101.0,26.05,38.0,0.4074,19100.0,333.0,0.9345,0.007,0.0583,-0.08,0.0674,25.8204,1.125,26.2,30.0,25.5,down,25.85,2026-09-04T15:59:34,4.55005,25.5500001907349,229.4873,2026-09-07 20:11:28,2026-09-07 16:15:05
NVDA,NVDA260918C00207500,NVDA,2026-09-18,C,207.5,23.25,57.0,23.7,11.0,0.3927,448.0,37.0,0.9207,0.0084,0.0675,-0.0895,0.0671,23.4321,1.505,25.0,27.39,23.15,up,23.88,2026-09-04T15:52:21,6.72626,23.1999998092651,229.4873,2026-09-07 20:11:28,2026-09-07 16:15:05
NVDA,NVDA260918C00210000,NVDA,2026-09-18,C,210.0,21.0,71.0,21.25,10.0,0.3775,60144.0,2836.0,0.9025,0.0102,0.0786,-0.1012,0.0665,21.0853,1.065,21.85,25.43,20.7,up,21.14,2026-09-04T15:59:43,5.3051,20.8249998092651,229.4873,2026-09-07 20:11:28,2026-09-07 16:15:05
NVDA,NVDA260918C00212500,NVDA,2026-09-18,C,212.5,18.65,33.0,19.05,36.0,0.3667,1651.0,128.0,0.8788,0.0123,0.0917,-0.1154,0.0654,18.7954,0.4,20.73,23.0,18.25,down,18.25,2026-09-04T15:30:40,2.24089,18.5500001907349,229.4873,2026-09-07 20:11:28,2026-09-07 16:15:05
NVDA,NVDA260918C00215000,NVDA,2026-09-18,C,215.0,16.45,56.0,16.75,1.0,0.3529,29822.0,1386.0,0.8485,0.0148,0.1067,-0.1316,0.0637,16.5803,0.9,17.25,20.8,16.15,down,16.6,2026-09-04T15:59:09,5.73248,16.3500003814697,229.4873,2026-09-07 20:11:28,2026-09-07 16:15:05
NVDA,NVDA260918C00217500,NVDA,2026-09-18,C,217.5,14.35,36.0,14.7,9.0,0.3464,2188.0,875.0,0.8109,0.0174,0.1228,-0.1493,0.0613,14.4602,1.095,15.12,18.59,14.08,up,14.77,2026-09-04T15:56:17,8.00731,14.25,229.4873,2026-09-07 20:11:28,2026-09-07 16:15:05
NVDA,NVDA260918C00220000,NVDA,2026-09-18,C,220.0,12.35,44.0,12.65,17.0,0.3382,44147.0,7048.0,0.7655,0.0201,0.139,-0.167,0.0583,12.4561,0.78,13.1,16.42,12.0,up,12.53,2026-09-04T15:59:58,6.6383,12.25,229.4873,2026-09-07 20:11:28,2026-09-07 16:15:05
NVDA,NVDA260918C00222500,NVDA,2026-09-18,C,222.5,10.5,47.0,10.75,3.0,0.3342,3167.0,830.0,0.7128,0.0227,0.154,-0.1835,0.0547,10.5883,0.77,10.7,14.3,10.3,down,10.77,2026-09-04T15:58:25,7.7,10.4000000953674,229.4873,2026-09-07 20:11:28,2026-09-07 16:15:05
NVDA,NVDA260918C00225000,NVDA,2026-09-18,C,225.0,8.8,42.0,9.05,10.0,0.3294,45344.0,4319.0,0.6535,0.0249,0.1666,-0.1969,0.0504,8.8744,0.45,9.5,12.43,8.52,no_change,8.8,2026-09-04T15:59:21,5.38922,8.67500019073486,229.4873,2026-09-07 20:11:28,2026-09-07 16:15:05
NVDA,NVDA260918C00227500,NVDA,2026-09-18,C,227.5,7.25,61.0,7.5,26.0,0.3259,11243.0,1297.0,0.5893,0.0265,0.1754,-0.206,0.0457,7.3285,0.65,7.9,10.6,7.05,down,7.55,2026-09-04T15:56:51,9.42029,7.14999985694885,229.4873,2026-09-07 20:11:28,2026-09-07 16:15:05
NVDA,NVDA260918C00230000,NVDA,2026-09-18,C,230.0,5.9,307.0,6.1,10.0,0.323,55394.0,17248.0,0.5219,0.0273,0.1796,-0.2095,0.0406,5.9595,0.3,6.45,8.97,5.68,down,5.9,2026-09-04T15:59:59,5.35714,5.79999995231628,229.4873,2026-09-07 20:11:28,2026-09-07 16:15:05
NVDA,NVDA260918C00232500,NVDA,2026-09-18,C,232.5,4.7,71.0,4.85,5.0,0.3205,6106.0,6892.0,0.4538,0.0273,0.1787,-0.207,0.0354,4.7706,0.32,5.2,7.45,4.52,down,4.77,2026-09-04T15:59:52,7.19101,4.64999985694885,229.4873,2026-09-07 20:11:28,2026-09-07 16:15:05
NVDA,NVDA260918C00235000,NVDA,2026-09-18,C,235.0,3.75,5.0,3.9,39.0,0.3183,43391.0,20035.0,0.3871,0.0265,0.1728,-0.1988,0.0303,3.7598,0.3,4.1,6.15,3.56,up,3.8,2026-09-04T15:59:58,8.57143,3.64999997615814,229.4873,2026-09-07 20:11:28,2026-09-07 16:15:05
NVDA,NVDA260918C00237500,NVDA,2026-09-18,C,237.5,2.89,16.0,3.0,2.0,0.3188,7799.0,17456.0,0.3241,0.025,0.1625,-0.1857,0.0254,2.9194,0.16,3.2,5.0,2.77,down,2.88,2026-09-04T15:59:47,5.88235,2.82999992370606,229.4873,2026-09-07 20:11:28,2026-09-07 16:15:05
NVDA,NVDA260918C00240000,NVDA,2026-09-18,C,240.0,2.2,10.0,2.3,9.0,0.3185,81241.0,57039.0,0.2665,0.0228,0.1487,-0.1689,0.0209,2.2371,0.195,2.48,4.05,2.1,up,2.27,2026-09-04T15:59:58,9.39759,2.16500008106232,229.4873,2026-09-07 20:11:28,2026-09-07 16:15:05
NVDA,NVDA260918C00245000,NVDA,2026-09-18,C,245.0,1.24,31.0,1.31,2.0,0.3212,34651.0,13915.0,0.1722,0.0176,0.116,-0.1306,0.0135,1.2775,0.1,1.41,2.49,1.21,no_change,1.28,2026-09-04T15:59:29,8.47458,1.24000000953674,229.4873,2026-09-07 20:11:28,2026-09-07 16:15:05
NVDA,NVDA260918C00250000,NVDA,2026-09-18,C,250.0,0.71,21.0,0.75,18.0,0.3264,97160.0,30609.0,0.1072,0.0125,0.0845,-0.0949,0.0084,0.7232,0.06,0.82,1.49,0.68,down,0.72,2026-09-04T15:59:46,9.09091,0.7049999833107,229.4873,2026-09-07 20:11:28,2026-09-07 16:15:05
NVDA,NVDA260918C00255000,NVDA,2026-09-18,C,255.0,0.41,21.0,0.44,23.0,0.3359,19658.0,4322.0,0.0669,0.0085,0.0596,-0.0677,0.0052,0.423,0.04,0.41,0.88,0.38,no_change,0.42,2026-09-04T15:59:45,10.5263,0.41499999165535,229.4873,2026-09-07 20:11:28,2026-09-07 16:15:05
NVDA,NVDA260918C00260000,NVDA,2026-09-18,C,260.0,0.25,25.0,0.28,10.0,0.3502,33329.0,13615.0,0.0429,0.0057,0.0422,-0.0488,0.0034,0.2612,0.03,0.26,0.54,0.22,no_change,0.26,2026-09-04T15:59:45,13.0435,0.254999995231628,229.4873,2026-09-07 20:11:28,2026-09-07 16:15:05
NVDA,NVDA260918C00265000,NVDA,2026-09-18,C,265.0,0.16,156.0,0.19,93.0,0.3684,51048.0,2088.0,0.0288,0.0039,0.0305,-0.0364,0.0022,0.1727,0.005,0.18,0.34,0.16,down,0.17,2026-09-04T15:59:36,3.0303,0.175000004470348,229.4873,2026-09-07 20:11:28,2026-09-07 16:15:05
NVDA,NVDA260918C00270000,NVDA,2026-09-18,C,270.0,0.11,51.0,0.14,109.0,0.3905,27052.0,1578.0,0.0203,0.0028,0.0227,-0.0281,0.0016,0.1215,0.025,0.12,0.24,0.12,up,0.14,2026-09-04T15:58:58,21.7391,0.12499999627471,229.4873,2026-09-07 20:11:28,2026-09-07 16:15:05
NVDA,NVDA260918C00275000,NVDA,2026-09-18,C,275.0,0.09,10.0,0.12,5.0,0.41,11524.0,1463.0,0.0148,0.002,0.0174,-0.0224,0.0011,0.0895,0.005,0.08,0.17,0.08,no_change,0.09,2026-09-04T15:52:18,5.88235,0.0950000025331974,229.4873,2026-09-07 20:11:28,2026-09-07 16:15:05
NVDA,NVDA260918C00280000,NVDA,2026-09-18,C,280.0,0.06,184.0,0.08,112.0,0.4278,26552.0,3283.0,0.0112,0.0015,0.0137,-0.0182,0.0009,0.0685,0.005,0.07,0.13,0.07,no_change,0.07,2026-09-04T15:51:14,7.69231,0.0749999992549419,229.4873,2026-09-07 20:11:28,2026-09-07 16:15:05
NVDA,NVDA260918C00285000,NVDA,2026-09-18,C,285.0,0.04,128.0,0.06,516.0,0.4431,3549.0,68.0,0.0087,0.0012,0.0109,-0.0151,0.0007,0.0537,0.005,0.06,0.09,0.05,up,0.06,2026-09-04T15:59:55,9.09091,0.0549999997019768,229.4873,2026-09-07 20:11:28,2026-09-07 16:15:05
NVDA,NVDA260918C00290000,NVDA,2026-09-18,C,290.0,0.03,130.0,0.05,16.0,0.4627,7070.0,304.0,0.0068,0.0009,0.0089,-0.0127,0.0005,0.043,0.005,0.05,0.09,0.04,up,0.05,2026-09-04T15:50:00,11.1111,0.0449999999254942,229.4873,2026-09-07 20:11:28,2026-09-07 16:15:05
NVDA,NVDA260918C00295000,NVDA,2026-09-18,C,295.0,0.03,1.0,0.04,54.0,0.4857,4613.0,1945.0,0.0055,0.0007,0.0073,-0.0107,0.0004,0.035,-0.005,0.05,0.07,0.03,down,0.03,2026-09-04T14:50:39,-14.2857,0.034999999217689,229.4873,2026-09-07 20:11:28,2026-09-07 16:15:05
NVDA,NVDA260918C00300000,NVDA,2026-09-18,C,300.0,0.02,43.0,0.03,991.0,0.4972,37071.0,3130.0,0.0044,0.0006,0.006,-0.0092,0.0003,0.0289,-0.005,0.02,0.06,0.02,down,0.02,2026-09-04T15:50:08,-20.0,0.0249999994412065,229.4873,2026-09-07 20:11:28,2026-09-07 16:15:05
NVDA,NVDA260918C00310000,NVDA,2026-09-18,C,310.0,0.02,12.0,0.03,65.0,0.5516,5463.0,332.0,0.003,0.0004,0.0043,-0.0069,0.0002,0.0203,0.015,0.02,0.04,0.02,up,0.03,2026-09-04T15:50:39,100.0,0.0249999994412065,229.4873,2026-09-07 20:11:28,2026-09-07 16:15:05
NVDA,NVDA260918C00320000,NVDA,2026-09-18,C,320.0,0.01,10.0,0.02,40.0,0.576,7911.0,82.0,0.0022,0.0003,0.0031,-0.0053,0.0002,0.0148,0.005,0.03,0.03,0.01,no_change,0.02,2026-09-04T11:53:05,33.3333,0.0149999996647239,229.4873,2026-09-07 20:11:28,2026-09-07 16:15:05
NVDA,NVDA260918C00330000,NVDA,2026-09-18,C,330.0,0.0,0.0,0.01,403.0,0.571,5749.0,249.0,0.0016,0.0002,0.0024,-0.0042,0.0001,0.0111,-0.005,0.02,0.02,0.01,no_change,0.01,2026-09-04T15:53:05,-33.3333,0.0149999996647239,229.4873,2026-09-07 20:11:28,2026-09-07 16:15:05
NVDA,NVDA260918C00340000,NVDA,2026-09-18,C,340.0,0.0,0.0,0.01,168.0,0.614,6343.0,446.0,0.0012,0.0001,0.0018,-0.0033,0.0001,0.0085,0.0,0.01,0.02,0.01,no_change,0.01,2026-09-04T15:26:23,2.23517e-06,0.00499999988824129,229.4873,2026-09-07 20:11:28,2026-09-07 16:15:05
NVDA,NVDA260918C00350000,NVDA,2026-09-18,C,350.0,0.0,0.0,0.01,3.0,0.6556,26425.0,407.0,0.0009,0.0001,0.0014,-0.0027,0.0001,0.0067,0.005,0.02,0.02,0.01,no_change,0.01,2026-09-04T15:56:40,100.0,0.00499999988824129,229.4873,2026-09-07 20:11:28,2026-09-07 16:15:05
NVDA,NVDA260918C00360000,NVDA,2026-09-18,C,360.0,0.0,0.0,0.01,3.0,0.6957,5625.0,0.0,0.0007,0.0001,0.0011,-0.0022,0.0,0.0054,0.0,0.0,0.0,0.0,no_change,0.01,2026-09-03T11:14:29,0.0,0.00499999988824129,229.4873,2026-09-07 20:11:28,2026-09-07 16:15:05
NVDA,NVDA260918C00370000,NVDA,2026-09-18,C,370.0,0.0,0.0,0.01,13332.0,0.7345,2881.0,0.0,0.0006,0.0001,0.0009,-0.0019,0.0,0.0043,0.0,0.0,0.0,0.0,no_change,0.01,2026-09-03T15:47:02,0.0,0.00499999988824129,229.4873,2026-09-07 20:11:28,2026-09-07 16:15:05
NVDA,NVDA260918C00380000,NVDA,2026-09-18,C,380.0,0.0,0.0,0.01,8888.0,0.772,3674.0,0.0,0.0005,0.0,0.0008,-0.0016,0.0,0.0036,0.0,0.0,0.0,0.0,no_change,0.01,2026-09-01T12:33:53,0.0,0.00499999988824129,229.4873,2026-09-07 20:11:28,2026-09-07 16:15:05
NVDA,NVDA260918C00390000,NVDA,2026-09-18,C,390.0,0.0,0.0,0.01,22285.0,0.8084,7836.0,1.0,0.0004,0.0,0.0006,-0.0013,0.0,0.003,0.005,0.01,0.01,0.01,no_change,0.01,2026-09-04T15:34:08,100.0,0.00499999988824129,229.4873,2026-09-07 20:11:28,2026-09-07 16:15:05
NVDA,NVDA260918C00400000,NVDA,2026-09-18,C,400.0,0.0,0.0,0.01,40293.0,0.8438,19001.0,0.0,0.0003,0.0,0.0005,-0.0012,0.0,0.0025,0.0,0.0,0.0,0.0,no_change,0.01,2026-09-03T10:49:48,0.0,0.00499999988824129,229.4873,2026-09-07 20:11:28,2026-09-07 16:15:05
NVDA,NVDA260918C00410000,NVDA,2026-09-18,C,410.0,0.0,0.0,0.01,1.0,0.878,5972.0,0.0,0.0003,0.0,0.0004,-0.001,0.0,0.0021,0.0,0.0,0.0,0.0,no_change,0.01,2026-09-03T12:42:25,0.0,0.00499999988824129,229.4873,2026-09-07 20:11:28,2026-09-07 16:15:05
NVDA,NVDA260918C00420000,NVDA,2026-09-18,C,420.0,0.0,0.0,0.01,83.0,0.9114,7926.0,0.0,0.0002,0.0,0.0004,-0.0009,0.0,0.0018,0.0,0.0,0.0,0.0,no_change,0.01,2026-08-27T13:30:19,0.0,0.00499999988824129,229.4873,2026-09-07 20:11:28,2026-09-07 16:15:05
NVDA,NVDA260918C00430000,NVDA,2026-09-18,C,430.0,0.0,0.0,0.01,38.0,0.9438,1657.0,1.0,0.0002,0.0,0.0003,-0.0008,0.0,0.0016,0.005,0.01,0.01,0.01,no_change,0.01,2026-09-04T10:20:05,100.0,0.00499999988824129,229.4873,2026-09-07 20:11:28,2026-09-07 16:15:05
NVDA,NVDA260918C00440000,NVDA,2026-09-18,C,440.0,0.0,0.0,0.01,2.0,0.9754,849.0,0.0,0.0002,0.0,0.0003,-0.0007,0.0,0.0013,0.0,0.0,0.0,0.0,down,0.01,2026-09-03T09:38:46,0.0,0.00499999988824129,229.4873,2026-09-07 20:11:28,2026-09-07 16:15:05
NVDA,NVDA260918C00450000,NVDA,2026-09-18,C,450.0,0.0,0.0,0.01,30.0,1.0061,2941.0,0.0,0.0001,0.0,0.0002,-0.0006,0.0,0.0012,0.0,0.0,0.0,0.0,no_change,0.01,2026-08-27T14:05:30,0.0,0.00499999988824129,229.4873,2026-09-07 20:11:28,2026-09-07 16:15:05
NVDA,NVDA260918C00455000,NVDA,2026-09-18,C,455.0,0.0,0.0,0.01,20.0,1.0212,3506.0,0.0,0.0001,0.0,0.0002,-0.0006,0.0,0.0011,0.0,0.0,0.0,0.0,no_change,0.01,2026-09-02T13:04:51,0.0,0.00499999988824129,229.4873,2026-09-07 20:11:28,2026-09-07 16:15:05
NVDA,NVDA260918C00460000,NVDA,2026-09-18,C,460.0,0.0,0.0,0.01,12909.0,1.0361,32685.0,0.0,0.0001,0.0,0.0002,-0.0005,0.0,0.001,0.0,0.0,0.0,0.0,no_change,0.01,2026-09-03T10:40:03,0.0,0.00499999988824129,229.4873,2026-09-07 20:11:28,2026-09-07 16:15:05
NVDA,NVDA260918P00005000,NVDA,2026-09-18,P,5.0,0.0,0.0,0.01,2000.0,6.0308,1952.0,0.0,0.0,0.0,0.0,-0.0003,0.0,0.0007,0.0,0.0,0.0,0.0,down,0.01,2026-08-10T15:09:59,0.0,0.00499999988824129,229.4873,2026-09-07 20:11:28,2026-09-07 16:15:05
NVDA,NVDA260918P00010000,NVDA,2026-09-18,P,10.0,0.0,0.0,0.01,1000.0,4.8673,970.0,0.0,0.0,0.0,0.0,-0.0005,0.0,0.0011,0.0,0.0,0.0,0.0,no_change,0.01,2026-01-28T11:08:35,0.0,0.00499999988824129,229.4873,2026-09-07 20:11:28,2026-09-07 16:15:05
NVDA,NVDA260918P00015000,NVDA,2026-09-18,P,15.0,0.0,0.0,0.01,1000.0,4.2109,486.0,0.0,0.0,0.0,0.0001,-0.0007,0.0,0.0015,0.0,0.0,0.0,0.0,no_change,0.01,2026-07-20T10:33:53,0.0,0.00499999988824129,229.4873,2026-09-07 20:11:28,2026-09-07 16:15:05
NVDA,NVDA260918P00020000,NVDA,2026-09-18,P,20.0,0.0,0.0,0.01,1000.0,3.7546,581.0,0.0,0.0,0.0,0.0001,-0.0009,0.0,0.0019,0.0,0.0,0.0,0.0,no_change,0.01,2026-06-05T15:19:29,0.0,0.00499999988824129,229.4873,2026-09-07 20:11:28,2026-09-07 16:15:05
NVDA,NVDA260918P00025000,NVDA,2026-09-18,P,25.0,0.0,0.0,0.01,1000.0,3.4053,3427.0,0.0,-0.0001,0.0,0.0001,-0.0011,0.0,0.0024,0.0,0.0,0.0,0.0,up,0.02,2026-08-10T15:22:26,0.0,0.00499999988824129,229.4873,2026-09-07 20:11:28,2026-09-07 16:15:05
NVDA,NVDA260918P00030000,NVDA,2026-09-18,P,30.0,0.0,0.0,0.01,1000.0,3.1228,690.0,0.0,-0.0001,0.0,0.0001,-0.0013,0.0,0.0029,0.0,0.0,0.0,0.0,no_change,0.01,2026-08-26T12:37:18,0.0,0.00499999988824129,229.4873,2026-09-07 20:11:28,2026-09-07 16:15:05
NVDA,NVDA260918P00035000,NVDA,2026-09-18,P,35.0,0.0,0.0,0.01,1000.0,2.886,6016.0,0.0,-0.0001,0.0,0.0002,-0.0015,0.0,0.0034,0.0,0.0,0.0,0.0,no_change,0.01,2026-08-05T15:10:08,0.0,0.00499999988824129,229.4873,2026-09-07 20:11:28,2026-09-07 16:15:05
NVDA,NVDA260918P00040000,NVDA,2026-09-18,P,40.0,0.0,0.0,0.01,1000.0,2.6818,4693.0,0.0,-0.0001,0.0,0.0002,-0.0018,0.0,0.004,0.0,0.0,0.0,0.0,no_change,0.01,2026-08-10T11:43:59,0.0,0.00499999988824129,229.4873,2026-09-07 20:11:28,2026-09-07 16:15:05
NVDA,NVDA260918P00045000,NVDA,2026-09-18,P,45.0,0.0,0.0,0.01,1000.0,2.5026,1634.0,0.0,-0.0002,0.0,0.0003,-0.002,0.0,0.0047,0.0,0.0,0.0,0.0,no_change,0.01,2026-08-14T10:30:13,0.0,0.00499999988824129,229.4873,2026-09-07 20:11:28,2026-09-07 16:15:05
NVDA,NVDA260918P00050000,NVDA,2026-09-18,P,50.0,0.0,0.0,0.01,13332.0,2.343,7773.0,0.0,-0.0002,0.0,0.0003,-0.0023,0.0,0.0055,0.0,0.0,0.0,0.0,no_change,0.01,2026-08-28T10:04:13,0.0,0.00499999988824129,229.4873,2026-09-07 20:11:28,2026-09-07 16:15:05
NVDA,NVDA260918P00055000,NVDA,2026-09-18,P,55.0,0.0,0.0,0.03,11.0,2.199,5819.0,4874.0,-0.0002,0.0,0.0004,-0.0026,0.0,0.0063,0.005,0.01,0.01,0.01,no_change,0.01,2026-09-04T10:54:59,100.0,0.00499999988824129,229.4873,2026-09-07 20:11:28,2026-09-07 16:15:05
NVDA,NVDA260918P00060000,NVDA,2026-09-18,P,60.0,0.0,0.0,0.02,2.0,2.0679,14199.0,11775.0,-0.0003,0.0,0.0005,-0.003,0.0,0.0073,0.0,0.01,0.02,0.01,no_change,0.01,2026-09-04T12:24:03,2.23517e-06,0.00499999988824129,229.4873,2026-09-07 20:11:28,2026-09-07 16:15:05
NVDA,NVDA260918P00065000,NVDA,2026-09-18,P,65.0,0.0,0.0,0.03,11.0,1.9475,3941.0,2783.0,-0.0004,0.0,0.0006,-0.0034,0.0,0.0083,0.0,0.01,0.02,0.01,no_change,0.01,2026-09-04T12:24:05,2.23517e-06,0.00499999988824129,229.4873,2026-09-07 20:11:28,2026-09-07 16:15:05
NVDA,NVDA260918P00070000,NVDA,2026-09-18,P,70.0,0.0,0.0,0.01,20.0,1.8363,3158.0,821.0,-0.0004,0.0,0.0006,-0.0038,0.0,0.0095,0.005,0.01,0.01,0.01,no_change,0.01,2026-09-04T11:42:47,100.0,0.00999999977648258,229.4873,2026-09-07 20:11:28,2026-09-07 16:15:05
NVDA,NVDA260918P00075000,NVDA,2026-09-18,P,75.0,0.0,0.0,0.01,27.0,1.7329,2368.0,1453.0,-0.0005,0.0,0.0008,-0.0042,0.0,0.0108,0.0,0.01,0.02,0.01,down,0.01,2026-09-04T15:46:13,2.23517e-06,0.0149999996647239,229.4873,2026-09-07 20:11:28,2026-09-07 16:15:05
NVDA,NVDA260918P00080000,NVDA,2026-09-18,P,80.0,0.0,0.0,0.01,14.0,1.6362,5039.0,234.0,-0.0006,0.0,0.0009,-0.0048,0.0,0.0123,-0.005,0.02,0.02,0.01,no_change,0.01,2026-09-04T15:56:47,-33.3333,0.0149999996647239,229.4873,2026-09-07 20:11:28,2026-09-07 16:15:05
NVDA,NVDA260918P00085000,NVDA,2026-09-18,P,85.0,0.0,0.0,0.02,10.0,1.6828,5211.0,0.0,-0.0007,0.0,0.001,-0.0053,-0.0001,0.014,0.0,0.0,0.0,0.0,no_change,0.01,2026-09-03T13:17:43,0.0,0.0149999996647239,229.4873,2026-09-07 20:11:28,2026-09-07 16:15:05
NVDA,NVDA260918P00090000,NVDA,2026-09-18,P,90.0,0.0,0.0,0.02,10.0,1.5902,11339.0,360.0,-0.0008,0.0,0.0012,-0.0059,-0.0001,0.0159,0.005,0.02,0.02,0.02,no_change,0.02,2026-09-04T12:24:50,33.3333,0.0149999996647239,229.4873,2026-09-07 20:11:28,2026-09-07 16:15:05
NVDA,NVDA260918P00095000,NVDA,2026-09-18,P,95.0,0.0,0.0,0.02,10.0,1.5026,16430.0,188.0,-0.0009,0.0,0.0014,-0.0066,-0.0001,0.018,0.0,0.02,0.03,0.02,down,0.02,2026-09-04T15:28:48,2.23517e-06,0.0149999996647239,229.4873,2026-09-07 20:11:28,2026-09-07 16:15:05
NVDA,NVDA260918P00100000,NVDA,2026-09-18,P,100.0,0.0,0.0,0.02,10.0,1.4196,25977.0,260.0,-0.0011,0.0001,0.0016,-0.0073,-0.0001,0.0204,0.01,0.02,0.03,0.02,no_change,0.03,2026-09-04T15:14:15,50.0,0.0149999996647239,229.4873,2026-09-07 20:11:28,2026-09-07 16:15:05
NVDA,NVDA260918P00105000,NVDA,2026-09-18,P,105.0,0.0,0.0,0.04,7.0,1.4022,8949.0,175.0,-0.0013,0.0001,0.0019,-0.0081,-0.0001,0.0231,0.01,0.03,0.03,0.02,up,0.03,2026-09-04T12:51:47,50.0,0.0249999994412065,229.4873,2026-09-07 20:11:28,2026-09-07 16:15:05
NVDA,NVDA260918P00110000,NVDA,2026-09-18,P,110.0,0.02,150.0,0.04,16.0,1.3463,23812.0,539.0,-0.0015,0.0001,0.0022,-0.0091,-0.0001,0.0262,0.0,0.03,0.04,0.03,no_change,0.03,2026-09-04T14:26:19,2.23517e-06,0.0249999994412065,229.4873,2026-09-07 20:11:28,2026-09-07 16:15:05
NVDA,NVDA260918P00115000,NVDA,2026-09-18,P,115.0,0.01,60.0,0.04,125.0,1.27,9910.0,190.0,-0.0018,0.0001,0.0026,-0.0101,-0.0001,0.0298,0.005,0.03,0.04,0.03,no_change,0.03,2026-09-04T10:44:47,20.0,0.0299999993294477,229.4873,2026-09-07 20:11:28,2026-09-07 16:15:05
NVDA,NVDA260918P00120000,NVDA,2026-09-18,P,120.0,0.03,220.0,0.05,39.0,1.2312,41065.0,4253.0,-0.0021,0.0001,0.003,-0.0112,-0.0002,0.0337,0.01,0.03,0.04,0.03,no_change,0.04,2026-09-04T15:28:50,33.3333,0.034999999217689,229.4873,2026-09-07 20:11:28,2026-09-07 16:15:05
NVDA,NVDA260918P00125000,NVDA,2026-09-18,P,125.0,0.02,3.0,0.04,9.0,1.1441,50217.0,795.0,-0.0025,0.0001,0.0034,-0.0124,-0.0002,0.0383,0.005,0.04,0.05,0.04,down,0.04,2026-09-04T14:35:00,14.2857,0.034999999217689,229.4873,2026-09-07 20:11:28,2026-09-07 16:15:05
NVDA,NVDA260918P00130000,NVDA,2026-09-18,P,130.0,0.04,1.0,0.25,189.0,1.1033,34855.0,553.0,-0.0029,0.0002,0.004,-0.0138,-0.0002,0.0436,0.01,0.04,0.05,0.04,up,0.05,2026-09-04T15:59:46,25.0,0.0449999999254942,229.4873,2026-09-07 20:11:28,2026-09-07 16:15:05
NVDA,NVDA260918P00135000,NVDA,2026-09-18,P,135.0,0.04,20.0,0.05,18.0,1.0357,18638.0,37.0,-0.0034,0.0002,0.0046,-0.0153,-0.0003,0.0496,0.005,0.04,0.06,0.04,no_change,0.05,2026-09-04T12:35:53,11.1111,0.0449999999254942,229.4873,2026-09-07 20:11:28,2026-09-07 16:15:05
NVDA,NVDA260918P00140000,NVDA,2026-09-18,P,140.0,0.03,6.0,0.07,11.0,0.9814,51067.0,2845.0,-0.0041,0.0003,0.0054,-0.017,-0.0003,0.0566,-0.005,0.05,0.06,0.05,down,0.05,2026-09-04T15:48:19,-9.09091,0.0549999997019768,229.4873,2026-09-07 20:11:28,2026-09-07 16:15:05
NVDA,NVDA260918P00145000,NVDA,2026-09-18,P,145.0,0.05,2.0,0.08,11.0,0.9362,26935.0,391.0,-0.0048,0.0003,0.0063,-0.0189,-0.0004,0.0647,0.0,0.06,0.07,0.05,up,0.06,2026-09-04T15:10:42,-8.69234e-07,0.0649999994784594,229.4873,2026-09-07 20:11:28,2026-09-07 16:15:05
NVDA,NVDA260918P00150000,NVDA,2026-09-18,P,150.0,0.05,3.0,0.09,11.0,0.8954,36257.0,425.0,-0.0057,0.0004,0.0074,-0.021,-0.0004,0.0743,0.005,0.07,0.08,0.07,up,0.08,2026-09-04T15:06:41,6.66667,0.0749999992549419,229.4873,2026-09-07 20:11:28,2026-09-07 16:15:05
NVDA,NVDA260918P00155000,NVDA,2026-09-18,P,155.0,0.06,132.0,0.1,18.0,0.8394,22176.0,656.0,-0.0068,0.0005,0.0086,-0.0234,-0.0005,0.0853,0.01,0.07,0.1,0.07,up,0.09,2026-09-04T15:31:01,12.5,0.0850000008940697,229.4873,2026-09-07 20:11:28,2026-09-07 16:15:05
NVDA,NVDA260918P00160000,NVDA,2026-09-18,P,160.0,0.1,1.0,0.11,1.0,0.8052,43309.0,105.0,-0.0082,0.0006,0.0102,-0.0261,-0.0006,0.0983,0.015,0.1,0.11,0.08,up,0.11,2026-09-04T15:22:29,15.7895,0.100000001490116,229.4873,2026-09-07 20:11:28,2026-09-07 16:15:05
NVDA,NVDA260918P00165000,NVDA,2026-09-18,P,165.0,0.1,1.0,0.12,6.0,0.753,32340.0,2727.0,-0.0099,0.0008,0.012,-0.0291,-0.0008,0.1138,0.0,0.11,0.12,0.1,down,0.11,2026-09-04T15:57:34,5.4186e-07,0.114999998360872,229.4873,2026-09-07 20:11:28,2026-09-07 16:15:05
NVDA,NVDA260918P00170000,NVDA,2026-09-18,P,170.0,0.13,1.0,0.14,1.0,0.7078,44368.0,2605.0,-0.012,0.001,0.0142,-0.0325,-0.0009,0.1321,0.0,0.15,0.15,0.11,no_change,0.13,2026-09-04T15:51:26,8.0237e-07,0.140000000596046,229.4873,2026-09-07 20:11:28,2026-09-07 16:15:05
NVDA,NVDA260918P00175000,NVDA,2026-09-18,P,175.0,0.14,95.0,0.17,10.0,0.6637,35141.0,1906.0,-0.0146,0.0012,0.0168,-0.0363,-0.0011,0.1541,0.02,0.14,0.17,0.13,up,0.17,2026-09-04T15:53:14,13.3333,0.160000003874302,229.4873,2026-09-07 20:11:28,2026-09-07 16:15:05
NVDA,NVDA260918P00180000,NVDA,2026-09-18,P,180.0,0.17,112.0,0.2,4.0,0.6171,70981.0,1451.0,-0.018,0.0016,0.0201,-0.0406,-0.0014,0.1806,0.015,0.16,0.19,0.15,no_change,0.19,2026-09-04T15:59:00,8.57143,0.185000002384186,229.4873,2026-09-07 20:11:28,2026-09-07 16:15:05
NVDA,NVDA260918P00185000,NVDA,2026-09-18,P,185.0,0.21,3.0,0.24,5.0,0.5708,41673.0,3172.0,-0.0222,0.002,0.0242,-0.0454,-0.0017,0.213,0.005,0.2,0.22,0.18,down,0.21,2026-09-04T15:58:27,2.43903,0.214999996125698,229.4873,2026-09-07 20:11:28,2026-09-07 16:15:05
NVDA,NVDA260918P00187500,NVDA,2026-09-18,P,187.5,0.21,100.0,0.26,6.0,0.5487,516.0,98.0,-0.0248,0.0023,0.0265,-0.0481,-0.0019,0.2322,0.01,0.2,0.24,0.19,no_change,0.24,2026-09-04T14:45:30,4.34783,0.234999999403954,229.4873,2026-09-07 20:11:28,2026-09-07 16:15:05
NVDA,NVDA260918P00190000,NVDA,2026-09-18,P,190.0,0.25,9.0,0.28,76.0,0.5257,28655.0,765.0,-0.0279,0.0027,0.0293,-0.051,-0.0021,0.2537,-0.005,0.24,0.28,0.21,down,0.25,2026-09-04T15:58:43,-1.96078,0.254999995231628,229.4873,2026-09-07 20:11:28,2026-09-07 16:15:05
NVDA,NVDA260918P00192500,NVDA,2026-09-18,P,192.5,0.26,100.0,0.31,17.0,0.5036,1391.0,35.0,-0.0314,0.0031,0.0323,-0.0542,-0.0024,0.2786,-0.01,0.25,0.29,0.23,no_change,0.28,2026-09-04T15:44:54,-3.44828,0.280000001192093,229.4873,2026-09-07 20:11:28,2026-09-07 16:15:05
NVDA,NVDA260918P00195000,NVDA,2026-09-18,P,195.0,0.3,1.0,0.33,22.0,0.4805,30331.0,1567.0,-0.0356,0.0036,0.0358,-0.0577,-0.0027,0.3079,-0.025,0.3,0.33,0.25,down,0.3,2026-09-04T15:59:46,-7.69231,0.305000007152557,229.4873,2026-09-07 20:11:28,2026-09-07 16:15:05
NVDA,NVDA260918P00197500,NVDA,2026-09-18,P,197.5,0.31,26.0,0.37,12.0,0.4592,3278.0,130.0,-0.0407,0.0042,0.04,-0.0618,-0.0031,0.3434,-0.02,0.31,0.36,0.28,up,0.35,2026-09-04T15:27:55,-5.40541,0.344999998807907,229.4873,2026-09-07 20:11:28,2026-09-07 16:15:05
NVDA,NVDA260918P00200000,NVDA,2026-09-18,P,200.0,0.37,1.0,0.39,1.0,0.4388,47109.0,3651.0,-0.0471,0.0049,0.045,-0.0667,-0.0035,0.3882,-0.045,0.43,0.43,0.32,up,0.39,2026-09-04T15:59:49,-10.3448,0.390000000596046,229.4873,2026-09-07 20:11:28,2026-09-07 16:15:05
NVDA,NVDA260918P00202500,NVDA,2026-09-18,P,202.5,0.43,20.0,0.47,7.0,0.4188,1564.0,345.0,-0.0552,0.0059,0.051,-0.0728,-0.0041,0.4466,-0.08,0.43,0.48,0.36,up,0.44,2026-09-04T15:55:32,-15.3846,0.450000002980232,229.4873,2026-09-07 20:11:28,2026-09-07 16:15:05
NVDA,NVDA260918P00205000,NVDA,2026-09-18,P,205.0,0.5,25.0,0.55,9.0,0.4023,19890.0,2389.0,-0.0657,0.007,0.0585,-0.0804,-0.0048,0.5254,-0.1,0.56,0.56,0.41,up,0.53,2026-09-04T15:59:04,-15.873,0.530000001192093,229.4873,2026-09-07 20:11:28,2026-09-07 16:15:05
NVDA,NVDA260918P00207500,NVDA,2026-09-18,P,207.5,0.54,114.0,0.69,19.0,0.3866,2870.0,1930.0,-0.0796,0.0085,0.0676,-0.0899,-0.0059,0.6334,-0.15,0.72,0.72,0.49,up,0.63,2026-09-04T15:57:18,-19.2308,0.644999980926514,229.4873,2026-09-07 20:11:28,2026-09-07 16:15:05
NVDA,NVDA260918P00210000,NVDA,2026-09-18,P,210.0,0.76,20.0,0.8,31.0,0.3724,45785.0,3439.0,-0.098,0.0103,0.0789,-0.1019,-0.0071,0.7849,-0.195,0.85,0.89,0.6,no_change,0.79,2026-09-04T15:59:42,-19.797,0.7950000166893,229.4873,2026-09-07 20:11:28,2026-09-07 16:15:05
NVDA,NVDA260918P00212500,NVDA,2026-09-18,P,212.5,0.96,10.0,1.02,19.0,0.3604,9559.0,2652.0,-0.1219,0.0124,0.0922,-0.1162,-0.0086,0.9924,-0.27,0.96,1.1,0.75,down,0.98,2026-09-04T15:59:36,-21.6,1.00499999523163,229.4873,2026-09-07 20:11:28,2026-09-07 16:15:05
NVDA,NVDA260918P00215000,NVDA,2026-09-18,P,215.0,1.26,2.0,1.32,98.0,0.3505,20854.0,4356.0,-0.1524,0.0149,0.1074,-0.1326,-0.0108,1.275,-0.34,1.4,1.4,0.94,down,1.26,2026-09-04T15:59:46,-21.25,1.30500000715256,229.4873,2026-09-07 20:11:28,2026-09-07 16:15:05
NVDA,NVDA260918P00217500,NVDA,2026-09-18,P,217.5,1.59,40.0,1.68,1.0,0.3432,3753.0,1651.0,-0.1903,0.0175,0.123,-0.1504,-0.0135,1.6539,-0.43,1.75,1.79,1.2,down,1.63,2026-09-04T15:59:54,-20.8738,1.69499999284744,229.4873,2026-09-07 20:11:28,2026-09-07 16:15:05
NVDA,NVDA260918P00220000,NVDA,2026-09-18,P,220.0,2.1,1.0,2.2,15.0,0.3376,21547.0,5626.0,-0.2361,0.0203,0.1393,-0.1684,-0.0164,2.1497,-0.48,2.12,2.35,1.54,down,2.15,2026-09-04T15:59:52,-18.2509,2.20500004291534,229.4873,2026-09-07 20:11:28,2026-09-07 16:15:05
NVDA,NVDA260918P00222500,NVDA,2026-09-18,P,222.5,2.69,16.0,2.82,10.0,0.3316,2709.0,1827.0,-0.2893,0.0229,0.1544,-0.185,-0.0196,2.7828,-0.55,2.75,2.96,2.0,no_change,2.8,2026-09-04T15:59:39,-16.4179,2.84999990463257,229.4873,2026-09-07 20:11:28,2026-09-07 16:15:05
NVDA,NVDA260918P00225000,NVDA,2026-09-18,P,225.0,3.45,5.0,3.65,10.0,0.3281,11745.0,4439.0,-0.3491,0.0251,0.1669,-0.1986,-0.023,3.5713,-0.63,3.85,3.85,2.54,up,3.57,2026-09-04T15:59:54,-15.0,3.64999997615814,229.4873,2026-09-07 20:11:28,2026-09-07 16:15:05
NVDA,NVDA260918P00227500,NVDA,2026-09-18,P,227.5,4.45,1.0,4.6,10.0,0.3244,5415.0,2645.0,-0.414,0.0267,0.1756,-0.2078,-0.0265,4.5292,-0.73,4.4,4.8,3.29,down,4.52,2026-09-04T15:59:34,-13.9048,4.60000014305115,229.4873,2026-09-07 20:11:28,2026-09-07 16:15:05
NVDA,NVDA260918P00230000,NVDA,2026-09-18,P,230.0,5.55,10.0,5.7,21.0,0.3199,11491.0,6187.0,-0.482,0.0276,0.1795,-0.2115,-0.0298,5.6656,-0.83,5.6,5.95,4.1,down,5.62,2026-09-04T15:59:54,-12.8682,5.75,229.4873,2026-09-07 20:11:28,2026-09-07 16:15:05
NVDA,NVDA260918P00232500,NVDA,2026-09-18,P,232.5,6.8,22.0,7.05,45.0,0.3184,1603.0,4834.0,-0.5508,0.0276,0.1783,-0.2092,-0.0333,6.9841,-0.855,7.0,7.3,5.14,no_change,6.97,2026-09-04T15:59:19,-10.9265,7.10000014305115,229.4873,2026-09-07 20:11:28,2026-09-07 16:15:05
NVDA,NVDA260918P00235000,NVDA,2026-09-18,P,235.0,7.2,102.0,8.55,43.0,0.317,4871.0,3426.0,-0.6182,0.0268,0.1719,-0.2011,-0.0356,8.4825,-0.875,8.05,8.85,6.35,up,8.5,2026-09-04T15:59:02,-9.33333,8.625,229.4873,2026-09-07 20:11:28,2026-09-07 16:15:05
NVDA,NVDA260918P00237500,NVDA,2026-09-18,P,237.5,9.95,13.0,10.25,47.0,0.3163,506.0,379.0,-0.682,0.0253,0.161,-0.1879,-0.0377,10.1531,-1.11,9.25,10.55,7.75,down,9.99,2026-09-04T15:55:57,-10.0,10.3249998092651,229.4873,2026-09-07 20:11:28,2026-09-07 16:15:05
NVDA,NVDA260918P00240000,NVDA,2026-09-18,P,240.0,11.75,13.0,12.05,13.0,0.3139,2702.0,601.0,-0.7403,0.0231,0.1464,-0.171,-0.0391,11.9835,-1.2,11.65,12.45,9.25,up,11.8,2026-09-04T15:57:36,-9.23077,12.1500000953674,229.4873,2026-09-07 20:11:28,2026-09-07 16:15:05
NVDA,NVDA260918P00245000,NVDA,2026-09-18,P,245.0,15.8,24.0,16.15,55.0,0.313,769.0,306.0,-0.8357,0.0178,0.1119,-0.132,-0.0381,16.053,-1.725,13.62,16.19,12.8,up,15.4,2026-09-04T15:54:33,-10.073,16.25,229.4873,2026-09-07 20:11:28,2026-09-07 16:15:05
NVDA,NVDA260918P00250000,NVDA,2026-09-18,P,250.0,20.25,18.0,20.6,18.0,0.3121,3514.0,144.0,-0.9009,0.0125,0.0789,-0.095,-0.0348,20.529,-0.975,18.91,20.65,16.85,up,20.65,2026-09-04T15:19:37,-4.50867,20.75,229.4873,2026-09-07 20:11:28,2026-09-07 16:15:05
NVDA,NVDA260918P00255000,NVDA,2026-09-18,P,255.0,24.75,76.0,25.65,71.0,0.3256,384.0,83.0,-0.9408,0.0083,0.0536,-0.0662,-0.0329,25.2538,-0.975,23.13,25.4,21.85,no_change,25.4,2026-09-04T15:42:41,-3.69668,25.4750003814697,229.4873,2026-09-07 20:11:28,2026-09-07 16:15:05
NVDA,NVDA260918P00260000,NVDA,2026-09-18,P,260.0,29.6,121.0,30.2,41.0,0.0,1084.0,29.0,-0.9638,0.0055,0.0368,-0.0463,-0.031,30.1123,-2.475,27.91,29.36,26.4,down,28.75,2026-09-04T13:01:52,-7.92634,30.3500003814697,229.4873,2026-09-07 20:11:28,2026-09-07 16:15:05
NVDA,NVDA260918P00265000,NVDA,2026-09-18,P,265.0,33.05,64.0,36.8,64.0,0.2611,79.0,21.0,-0.9769,0.0036,0.0254,-0.0333,-0.0289,35.0385,-1.215,34.2,34.26,34.05,no_change,34.26,2026-09-04T11:59:59,-3.42495,35.375,229.4873,2026-09-07 20:11:28,2026-09-07 16:15:05
NVDA,NVDA260918P00270000,NVDA,2026-09-18,P,270.0,37.4,38.0,41.5,32.0,0.0,23.0,10.0,-0.9844,0.0025,0.0176,-0.0247,-0.0271,39.9974,-1.09,37.5,39.31,37.47,up,39.31,2026-09-04T12:02:19,-2.69802,40.1499996185303,229.4873,2026-09-07 20:11:28,2026-09-07 16:15:05
NVDA,NVDA260918P00275000,NVDA,2026-09-18,P,275.0,42.2,11.0,46.7,11.0,0.0,1.0,0.0,-0.9891,0.0018,0.0129,-0.0189,-0.0259,44.972,0.0,0.0,0.0,0.0,up,58.38,2026-08-20T14:07:07,0.0,44.8500003814697,229.4873,2026-09-07 20:11:28,2026-09-07 16:15:05
NVDA,NVDA260918P00280000,NVDA,2026-09-18,P,280.0,48.9,81.0,51.45,81.0,0.539,400.0,0.0,-0.9921,0.0013,0.0101,-0.0148,-0.0264,49.9553,0.0,0.0,0.0,0.0,down,54.83,2026-09-02T13:31:18,0.0,50.1999988555908,229.4873,2026-09-07 20:11:28,2026-09-07 16:15:05
NVDA,NVDA260918P00285000,NVDA,2026-09-18,P,285.0,52.15,11.0,56.65,11.0,0.0,0.0,0.0,-0.9941,0.0009,0.0073,-0.0118,-0.0255,54.9437,0.0,0.0,0.0,0.0,up,67.24,2026-08-21T09:36:04,0.0,54.9750003814697,229.4873,2026-09-07 20:11:28,2026-09-07 16:15:05
NVDA,NVDA260918P00290000,NVDA,2026-09-18,P,290.0,57.15,56.0,61.65,56.0,0.0,3.0,0.0,-0.9955,0.0007,0.006,-0.0096,-0.026,59.935,0.0,0.0,0.0,0.0,up,78.99,2026-08-26T14:54:32,0.0,60.3999996185303,229.4873,2026-09-07 20:11:28,2026-09-07 16:15:05
NVDA,NVDA260918P00295000,NVDA,2026-09-18,P,295.0,62.2,15.0,66.65,15.0,0.0,0.0,0.0,-0.9966,0.0005,0.0048,-0.0078,-0.0255,64.9281,0.0,0.0,0.0,0.0,up,66.37,2026-05-14T13:45:56,0.0,64.9000015258789,229.4873,2026-09-07 20:11:28,2026-09-07 16:15:05
NVDA,NVDA260918P00300000,NVDA,2026-09-18,P,300.0,67.1,11.0,71.6,11.0,0.0,0.0,1.0,-0.9973,0.0004,0.0036,-0.0065,-0.0259,69.9228,-2.735,68.04,68.04,68.04,down,68.04,2026-09-04T11:33:47,-3.86436,70.5,229.4873,2026-09-07 20:11:28,2026-09-07 16:15:05
NVDA,NVDA260918P00310000,NVDA,2026-09-18,P,310.0,77.1,56.0,81.4,56.0,0.0,0.0,0.0,-0.9983,0.0003,0.0026,-0.0045,-0.0262,79.9142,0.0,0.0,0.0,0.0,no_change,84.45,2026-08-27T14:56:32,0.0,79.875,229.4873,2026-09-07 20:11:28,2026-09-07 16:15:05
NVDA,NVDA260918P00320000,NVDA,2026-09-18,P,320.0,87.1,11.0,91.65,11.0,0.0,0.0,0.0,-0.9988,0.0002,0.0017,-0.0032,-0.027,89.9079,0.0,0.0,0.0,0.0,down,96.7,2026-05-21T10:06:48,0.0,90.0,229.4873,2026-09-07 20:11:28,2026-09-07 16:15:05
NVDA,NVDA260918P00330000,NVDA,2026-09-18,P,330.0,97.1,56.0,101.6,56.0,0.0,0.0,0.0,-0.9992,0.0001,0.0012,-0.0024,-0.0275,99.9024,0.0,0.0,0.0,0.0,down,108.62,2026-08-05T13:19:48,0.0,99.6749992370606,229.4873,2026-09-07 20:11:28,2026-09-07 16:15:05
NVDA,NVDA260918P00340000,NVDA,2026-09-18,P,340.0,107.1,56.0,111.6,56.0,0.0,0.0,0.0,-0.9994,0.0001,0.0008,-0.0018,-0.0283,109.8978,0.0,0.0,0.0,0.0,down,117.65,2026-05-19T13:52:17,0.0,109.824996948242,229.4873,2026-09-07 20:11:28,2026-09-07 16:15:05
NVDA,NVDA260918P00350000,NVDA,2026-09-18,P,350.0,117.1,56.0,121.6,56.0,0.0,0.0,0.0,-0.9996,0.0001,0.0007,-0.0014,-0.0291,119.8933,0.0,0.0,0.0,0.0,up,162.89,2026-02-02T15:19:45,0.0,119.849998474121,229.4873,2026-09-07 20:11:28,2026-09-07 16:15:05
NVDA,NVDA260918P00360000,NVDA,2026-09-18,P,360.0,127.1,56.0,131.55,52.0,0.0,0.0,0.0,-0.9997,0.0,0.0004,-0.001,-0.0298,129.8892,0.0,0.0,0.0,0.0,down,130.2,2026-05-15T13:45:45,0.0,129.824996948242,229.4873,2026-09-07 20:11:28,2026-09-07 16:15:05
NVDA,NVDA260918P00370000,NVDA,2026-09-18,P,370.0,137.05,10.0,141.55,3.0,0.0,0.0,0.0,-0.9998,0.0,0.0004,-0.0008,-0.0306,139.8853,0.0,0.0,0.0,0.0,down,142.35,2026-08-27T12:13:06,0.0,139.674995422363,229.4873,2026-09-07 20:11:28,2026-09-07 16:15:05
NVDA,NVDA260918P00380000,NVDA,2026-09-18,P,380.0,147.1,11.0,151.55,11.0,0.0,0.0,0.0,-0.9998,0.0,0.0003,-0.0006,-0.0314,149.8814,0.0,0.0,0.0,0.0,no_change,0.0,,0.0,150.025001525879,229.4873,2026-09-07 20:11:28,2026-09-07 16:15:05
NVDA,NVDA260918P00390000,NVDA,2026-09-18,P,390.0,157.05,56.0,161.6,52.0,0.0,0.0,0.0,-0.9999,0.0,0.0002,-0.0005,-0.0321,159.8776,0.0,0.0,0.0,0.0,no_change,0.0,,0.0,159.650001525879,229.4873,2026-09-07 20:11:28,2026-09-07 16:15:05
NVDA,NVDA260918P00400000,NVDA,2026-09-18,P,400.0,167.05,56.0,171.55,56.0,0.0,0.0,0.0,-0.9999,0.0,0.0002,-0.0004,-0.033,169.8739,0.0,0.0,0.0,0.0,up,215.09,2026-02-26T15:54:14,0.0,170.074996948242,229.4873,2026-09-07 20:11:28,2026-09-07 16:15:05
NVDA,NVDA260918P00410000,NVDA,2026-09-18,P,410.0,177.05,10.0,181.55,10.0,0.0,0.0,0.0,-0.9999,0.0,0.0001,-0.0004,-0.0338,179.8702,0.0,0.0,0.0,0.0,up,225.11,2026-02-26T15:54:14,0.0,179.774993896484,229.4873,2026-09-07 20:11:28,2026-09-07 16:15:05
NVDA,NVDA260918P00420000,NVDA,2026-09-18,P,420.0,187.05,56.0,191.55,56.0,0.0,0.0,0.0,-0.9999,0.0,0.0001,-0.0003,-0.0346,189.8665,0.0,0.0,0.0,0.0,up,229.0,2025-11-06T10:37:33,0.0,189.774993896484,229.4873,2026-09-07 20:11:28,2026-09-07 16:15:05
NVDA,NVDA260918P00430000,NVDA,2026-09-18,P,430.0,197.25,56.0,201.35,56.0,0.0,0.0,0.0,-0.9999,0.0,0.0001,-0.0002,-0.0354,199.8628,0.0,0.0,0.0,0.0,no_change,0.0,,0.0,199.774993896484,229.4873,2026-09-07 20:11:28,2026-09-07 16:15:05
NVDA,NVDA260918P00440000,NVDA,2026-09-18,P,440.0,207.05,11.0,211.55,11.0,0.0,0.0,0.0,-1.0,0.0,0.0001,-0.0002,-0.0362,209.8592,0.0,0.0,0.0,0.0,no_change,0.0,,0.0,209.774993896484,229.4873,2026-09-07 20:11:28,2026-09-07 16:15:05
NVDA,NVDA260918P00450000,NVDA,2026-09-18,P,450.0,217.0,52.0,221.5,52.0,0.0,0.0,0.0,-1.0,0.0,0.0001,-0.0002,-0.037,219.8556,0.0,0.0,0.0,0.0,no_change,0.0,,0.0,219.774993896484,229.4873,2026-09-07 20:11:28,2026-09-07 16:15:05
NVDA,NVDA260918P00455000,NVDA,2026-09-18,P,455.0,222.0,10.0,226.5,10.0,0.0,0.0,0.0,-1.0,0.0,0.0001,-0.0002,-0.0374,224.8538,0.0,0.0,0.0,0.0,no_change,0.0,,0.0,225.099998474121,229.4873,2026-09-07 20:11:28,2026-09-07 16:15:05
NVDA,NVDA260918P00460000,NVDA,2026-09-18,P,460.0,227.2,51.0,231.5,52.0,0.0,0.0,0.0,-1.0,0.0,0.0,-0.0001,-0.0378,229.8519,0.0,0.0,0.0,0.0,up,238.0,2026-08-28T11:52:20,0.0,229.774993896484,229.4873,2026-09-07 20:11:28,2026-09-07 16:15:05
NVDA,NVDA260921C00160000,NVDA,2026-09-21,C,160.0,0.0,0.0,0.0,0.0,0.0,0.0,0.0,0.0,0.0,0.0,0.0,0.0,0.0,0.0,0.0,0.0,0.0,no_change,0.0,,0.0,0.0,229.4873,2026-09-07 20:11:28,2026-09-07 16:15:05
NVDA,NVDA260921C00165000,NVDA,2026-09-21,C,165.0,0.0,0.0,0.0,0.0,0.0,0.0,0.0,0.0,0.0,0.0,0.0,0.0,0.0,0.0,0.0,0.0,0.0,no_change,0.0,,0.0,0.0,229.4873,2026-09-07 20:11:28,2026-09-07 16:15:05
NVDA,NVDA260921C00170000,NVDA,2026-09-21,C,170.0,0.0,0.0,0.0,0.0,0.0,0.0,0.0,0.0,0.0,0.0,0.0,0.0,0.0,0.0,0.0,0.0,0.0,no_change,0.0,,0.0,0.0,229.4873,2026-09-07 20:11:28,2026-09-07 16:15:05
NVDA,NVDA260921C00175000,NVDA,2026-09-21,C,175.0,0.0,0.0,0.0,0.0,0.0,0.0,0.0,0.0,0.0,0.0,0.0,0.0,0.0,0.0,0.0,0.0,0.0,no_change,0.0,,0.0,0.0,229.4873,2026-09-07 20:11:28,2026-09-07 16:15:05
NVDA,NVDA260921C00180000,NVDA,2026-09-21,C,180.0,0.0,0.0,0.0,0.0,0.0,0.0,0.0,0.0,0.0,0.0,0.0,0.0,0.0,0.0,0.0,0.0,0.0,no_change,0.0,,0.0,0.0,229.4873,2026-09-07 20:11:28,2026-09-07 16:15:05
NVDA,NVDA260921C00185000,NVDA,2026-09-21,C,185.0,0.0,0.0,0.0,0.0,0.0,0.0,0.0,0.0,0.0,0.0,0.0,0.0,0.0,0.0,0.0,0.0,0.0,no_change,0.0,,0.0,0.0,229.4873,2026-09-07 20:11:28,2026-09-07 16:15:05
NVDA,NVDA260921C00190000,NVDA,2026-09-21,C,190.0,0.0,0.0,0.0,0.0,0.0,0.0,0.0,0.0,0.0,0.0,0.0,0.0,0.0,0.0,0.0,0.0,0.0,no_change,0.0,,0.0,0.0,229.4873,2026-09-07 20:11:28,2026-09-07 16:15:05
NVDA,NVDA260921C00195000,NVDA,2026-09-21,C,195.0,0.0,0.0,0.0,0.0,0.0,0.0,0.0,0.0,0.0,0.0,0.0,0.0,0.0,0.0,0.0,0.0,0.0,no_change,0.0,,0.0,0.0,229.4873,2026-09-07 20:11:28,2026-09-07 16:15:05
NVDA,NVDA260921C00200000,NVDA,2026-09-21,C,200.0,0.0,0.0,0.0,0.0,0.0,0.0,0.0,0.0,0.0,0.0,0.0,0.0,0.0,0.0,0.0,0.0,0.0,no_change,0.0,,0.0,0.0,229.4873,2026-09-07 20:11:28,2026-09-07 16:15:05
NVDA,NVDA260921C00205000,NVDA,2026-09-21,C,205.0,0.0,0.0,0.0,0.0,0.0,0.0,0.0,0.0,0.0,0.0,0.0,0.0,0.0,0.0,0.0,0.0,0.0,no_change,0.0,,0.0,0.0,229.4873,2026-09-07 20:11:28,2026-09-07 16:15:05
NVDA,NVDA260921C00210000,NVDA,2026-09-21,C,210.0,0.0,0.0,0.0,0.0,0.0,0.0,0.0,0.0,0.0,0.0,0.0,0.0,0.0,0.0,0.0,0.0,0.0,no_change,0.0,,0.0,0.0,229.4873,2026-09-07 20:11:28,2026-09-07 16:15:05
NVDA,NVDA260921C00215000,NVDA,2026-09-21,C,215.0,0.0,0.0,0.0,0.0,0.0,0.0,0.0,0.0,0.0,0.0,0.0,0.0,0.0,0.0,0.0,0.0,0.0,no_change,0.0,,0.0,0.0,229.4873,2026-09-07 20:11:28,2026-09-07 16:15:05
NVDA,NVDA260921C00220000,NVDA,2026-09-21,C,220.0,0.0,0.0,0.0,0.0,0.0,0.0,0.0,0.0,0.0,0.0,0.0,0.0,0.0,0.0,0.0,0.0,0.0,no_change,0.0,,0.0,0.0,229.4873,2026-09-07 20:11:28,2026-09-07 16:15:05
NVDA,NVDA260921C00225000,NVDA,2026-09-21,C,225.0,0.0,0.0,0.0,0.0,0.0,0.0,0.0,0.0,0.0,0.0,0.0,0.0,0.0,0.0,0.0,0.0,0.0,no_change,0.0,,0.0,0.0,229.4873,2026-09-07 20:11:28,2026-09-07 16:15:05
NVDA,NVDA260921C00230000,NVDA,2026-09-21,C,230.0,0.0,0.0,0.0,0.0,0.0,0.0,0.0,0.0,0.0,0.0,0.0,0.0,0.0,0.0,0.0,0.0,0.0,no_change,0.0,,0.0,0.0,229.4873,2026-09-07 20:11:28,2026-09-07 16:15:05
NVDA,NVDA260921C00235000,NVDA,2026-09-21,C,235.0,0.0,0.0,0.0,0.0,0.0,0.0,0.0,0.0,0.0,0.0,0.0,0.0,0.0,0.0,0.0,0.0,0.0,no_change,0.0,,0.0,0.0,229.4873,2026-09-07 20:11:28,2026-09-07 16:15:05
NVDA,NVDA260921C00240000,NVDA,2026-09-21,C,240.0,0.0,0.0,0.0,0.0,0.0,0.0,0.0,0.0,0.0,0.0,0.0,0.0,0.0,0.0,0.0,0.0,0.0,no_change,0.0,,0.0,0.0,229.4873,2026-09-07 20:11:28,2026-09-07 16:15:05
NVDA,NVDA260921C00245000,NVDA,2026-09-21,C,245.0,0.0,0.0,0.0,0.0,0.0,0.0,0.0,0.0,0.0,0.0,0.0,0.0,0.0,0.0,0.0,0.0,0.0,no_change,0.0,,0.0,0.0,229.4873,2026-09-07 20:11:28,2026-09-07 16:15:05
NVDA,NVDA260921C00250000,NVDA,2026-09-21,C,250.0,0.0,0.0,0.0,0.0,0.0,0.0,0.0,0.0,0.0,0.0,0.0,0.0,0.0,0.0,0.0,0.0,0.0,no_change,0.0,,0.0,0.0,229.4873,2026-09-07 20:11:28,2026-09-07 16:15:05
NVDA,NVDA260921C00255000,NVDA,2026-09-21,C,255.0,0.0,0.0,0.0,0.0,0.0,0.0,0.0,0.0,0.0,0.0,0.0,0.0,0.0,0.0,0.0,0.0,0.0,no_change,0.0,,0.0,0.0,229.4873,2026-09-07 20:11:28,2026-09-07 16:15:05
NVDA,NVDA260921C00260000,NVDA,2026-09-21,C,260.0,0.0,0.0,0.0,0.0,0.0,0.0,0.0,0.0,0.0,0.0,0.0,0.0,0.0,0.0,0.0,0.0,0.0,no_change,0.0,,0.0,0.0,229.4873,2026-09-07 20:11:28,2026-09-07 16:15:05
NVDA,NVDA260921C00265000,NVDA,2026-09-21,C,265.0,0.0,0.0,0.0,0.0,0.0,0.0,0.0,0.0,0.0,0.0,0.0,0.0,0.0,0.0,0.0,0.0,0.0,no_change,0.0,,0.0,0.0,229.4873,2026-09-07 20:11:28,2026-09-07 16:15:05
NVDA,NVDA260921C00270000,NVDA,2026-09-21,C,270.0,0.0,0.0,0.0,0.0,0.0,0.0,0.0,0.0,0.0,0.0,0.0,0.0,0.0,0.0,0.0,0.0,0.0,no_change,0.0,,0.0,0.0,229.4873,2026-09-07 20:11:28,2026-09-07 16:15:05
NVDA,NVDA260921C00275000,NVDA,2026-09-21,C,275.0,0.0,0.0,0.0,0.0,0.0,0.0,0.0,0.0,0.0,0.0,0.0,0.0,0.0,0.0,0.0,0.0,0.0,no_change,0.0,,0.0,0.0,229.4873,2026-09-07 20:11:28,2026-09-07 16:15:05
NVDA,NVDA260921C00280000,NVDA,2026-09-21,C,280.0,0.0,0.0,0.0,0.0,0.0,0.0,0.0,0.0,0.0,0.0,0.0,0.0,0.0,0.0,0.0,0.0,0.0,no_change,0.0,,0.0,0.0,229.4873,2026-09-07 20:11:28,2026-09-07 16:15:05
NVDA,NVDA260921C00285000,NVDA,2026-09-21,C,285.0,0.0,0.0,0.0,0.0,0.0,0.0,0.0,0.0,0.0,0.0,0.0,0.0,0.0,0.0,0.0,0.0,0.0,no_change,0.0,,0.0,0.0,229.4873,2026-09-07 20:11:28,2026-09-07 16:15:05
NVDA,NVDA260921C00290000,NVDA,2026-09-21,C,290.0,0.0,0.0,0.0,0.0,0.0,0.0,0.0,0.0,0.0,0.0,0.0,0.0,0.0,0.0,0.0,0.0,0.0,no_change,0.0,,0.0,0.0,229.4873,2026-09-07 20:11:28,2026-09-07 16:15:05
NVDA,NVDA260921C00295000,NVDA,2026-09-21,C,295.0,0.0,0.0,0.0,0.0,0.0,0.0,0.0,0.0,0.0,0.0,0.0,0.0,0.0,0.0,0.0,0.0,0.0,no_change,0.0,,0.0,0.0,229.4873,2026-09-07 20:11:28,2026-09-07 16:15:05
NVDA,NVDA260921C00300000,NVDA,2026-09-21,C,300.0,0.0,0.0,0.0,0.0,0.0,0.0,0.0,0.0,0.0,0.0,0.0,0.0,0.0,0.0,0.0,0.0,0.0,no_change,0.0,,0.0,0.0,229.4873,2026-09-07 20:11:28,2026-09-07 16:15:05
NVDA,NVDA260921C00305000,NVDA,2026-09-21,C,305.0,0.0,0.0,0.0,0.0,0.0,0.0,0.0,0.0,0.0,0.0,0.0,0.0,0.0,0.0,0.0,0.0,0.0,no_change,0.0,,0.0,0.0,229.4873,2026-09-07 20:11:28,2026-09-07 16:15:05
NVDA,NVDA260921P00160000,NVDA,2026-09-21,P,160.0,0.0,0.0,0.0,0.0,0.0,0.0,0.0,0.0,0.0,0.0,0.0,0.0,0.0,0.0,0.0,0.0,0.0,no_change,0.0,,0.0,0.0,229.4873,2026-09-07 20:11:28,2026-09-07 16:15:05
NVDA,NVDA260921P00165000,NVDA,2026-09-21,P,165.0,0.0,0.0,0.0,0.0,0.0,0.0,0.0,0.0,0.0,0.0,0.0,0.0,0.0,0.0,0.0,0.0,0.0,no_change,0.0,,0.0,0.0,229.4873,2026-09-07 20:11:28,2026-09-07 16:15:05
NVDA,NVDA260921P00170000,NVDA,2026-09-21,P,170.0,0.0,0.0,0.0,0.0,0.0,0.0,0.0,0.0,0.0,0.0,0.0,0.0,0.0,0.0,0.0,0.0,0.0,no_change,0.0,,0.0,0.0,229.4873,2026-09-07 20:11:28,2026-09-07 16:15:05
NVDA,NVDA260921P00175000,NVDA,2026-09-21,P,175.0,0.0,0.0,0.0,0.0,0.0,0.0,0.0,0.0,0.0,0.0,0.0,0.0,0.0,0.0,0.0,0.0,0.0,no_change,0.0,,0.0,0.0,229.4873,2026-09-07 20:11:28,2026-09-07 16:15:05
NVDA,NVDA260921P00180000,NVDA,2026-09-21,P,180.0,0.0,0.0,0.0,0.0,0.0,0.0,0.0,0.0,0.0,0.0,0.0,0.0,0.0,0.0,0.0,0.0,0.0,no_change,0.0,,0.0,0.0,229.4873,2026-09-07 20:11:28,2026-09-07 16:15:05
NVDA,NVDA260921P00185000,NVDA,2026-09-21,P,185.0,0.0,0.0,0.0,0.0,0.0,0.0,0.0,0.0,0.0,0.0,0.0,0.0,0.0,0.0,0.0,0.0,0.0,no_change,0.0,,0.0,0.0,229.4873,2026-09-07 20:11:28,2026-09-07 16:15:05
NVDA,NVDA260921P00190000,NVDA,2026-09-21,P,190.0,0.0,0.0,0.0,0.0,0.0,0.0,0.0,0.0,0.0,0.0,0.0,0.0,0.0,0.0,0.0,0.0,0.0,no_change,0.0,,0.0,0.0,229.4873,2026-09-07 20:11:28,2026-09-07 16:15:05
NVDA,NVDA260921P00195000,NVDA,2026-09-21,P,195.0,0.0,0.0,0.0,0.0,0.0,0.0,0.0,0.0,0.0,0.0,0.0,0.0,0.0,0.0,0.0,0.0,0.0,no_change,0.0,,0.0,0.0,229.4873,2026-09-07 20:11:28,2026-09-07 16:15:05
NVDA,NVDA260921P00200000,NVDA,2026-09-21,P,200.0,0.0,0.0,0.0,0.0,0.0,0.0,0.0,0.0,0.0,0.0,0.0,0.0,0.0,0.0,0.0,0.0,0.0,no_change,0.0,,0.0,0.0,229.4873,2026-09-07 20:11:28,2026-09-07 16:15:05
NVDA,NVDA260921P00205000,NVDA,2026-09-21,P,205.0,0.0,0.0,0.0,0.0,0.0,0.0,0.0,0.0,0.0,0.0,0.0,0.0,0.0,0.0,0.0,0.0,0.0,no_change,0.0,,0.0,0.0,229.4873,2026-09-07 20:11:28,2026-09-07 16:15:05
NVDA,NVDA260921P00210000,NVDA,2026-09-21,P,210.0,0.0,0.0,0.0,0.0,0.0,0.0,0.0,0.0,0.0,0.0,0.0,0.0,0.0,0.0,0.0,0.0,0.0,no_change,0.0,,0.0,0.0,229.4873,2026-09-07 20:11:28,2026-09-07 16:15:05
NVDA,NVDA260921P00215000,NVDA,2026-09-21,P,215.0,0.0,0.0,0.0,0.0,0.0,0.0,0.0,0.0,0.0,0.0,0.0,0.0,0.0,0.0,0.0,0.0,0.0,no_change,0.0,,0.0,0.0,229.4873,2026-09-07 20:11:28,2026-09-07 16:15:05
NVDA,NVDA260921P00220000,NVDA,2026-09-21,P,220.0,0.0,0.0,0.0,0.0,0.0,0.0,0.0,0.0,0.0,0.0,0.0,0.0,0.0,0.0,0.0,0.0,0.0,no_change,0.0,,0.0,0.0,229.4873,2026-09-07 20:11:28,2026-09-07 16:15:05
NVDA,NVDA260921P00225000,NVDA,2026-09-21,P,225.0,0.0,0.0,0.0,0.0,0.0,0.0,0.0,0.0,0.0,0.0,0.0,0.0,0.0,0.0,0.0,0.0,0.0,no_change,0.0,,0.0,0.0,229.4873,2026-09-07 20:11:28,2026-09-07 16:15:05
NVDA,NVDA260921P00230000,NVDA,2026-09-21,P,230.0,0.0,0.0,0.0,0.0,0.0,0.0,0.0,0.0,0.0,0.0,0.0,0.0,0.0,0.0,0.0,0.0,0.0,no_change,0.0,,0.0,0.0,229.4873,2026-09-07 20:11:28,2026-09-07 16:15:05
NVDA,NVDA260921P00235000,NVDA,2026-09-21,P,235.0,0.0,0.0,0.0,0.0,0.0,0.0,0.0,0.0,0.0,0.0,0.0,0.0,0.0,0.0,0.0,0.0,0.0,no_change,0.0,,0.0,0.0,229.4873,2026-09-07 20:11:28,2026-09-07 16:15:05
NVDA,NVDA260921P00240000,NVDA,2026-09-21,P,240.0,0.0,0.0,0.0,0.0,0.0,0.0,0.0,0.0,0.0,0.0,0.0,0.0,0.0,0.0,0.0,0.0,0.0,no_change,0.0,,0.0,0.0,229.4873,2026-09-07 20:11:28,2026-09-07 16:15:05
NVDA,NVDA260921P00245000,NVDA,2026-09-21,P,245.0,0.0,0.0,0.0,0.0,0.0,0.0,0.0,0.0,0.0,0.0,0.0,0.0,0.0,0.0,0.0,0.0,0.0,no_change,0.0,,0.0,0.0,229.4873,2026-09-07 20:11:28,2026-09-07 16:15:05
NVDA,NVDA260921P00250000,NVDA,2026-09-21,P,250.0,0.0,0.0,0.0,0.0,0.0,0.0,0.0,0.0,0.0,0.0,0.0,0.0,0.0,0.0,0.0,0.0,0.0,no_change,0.0,,0.0,0.0,229.4873,2026-09-07 20:11:28,2026-09-07 16:15:05
NVDA,NVDA260921P00255000,NVDA,2026-09-21,P,255.0,0.0,0.0,0.0,0.0,0.0,0.0,0.0,0.0,0.0,0.0,0.0,0.0,0.0,0.0,0.0,0.0,0.0,no_change,0.0,,0.0,0.0,229.4873,2026-09-07 20:11:28,2026-09-07 16:15:05
NVDA,NVDA260921P00260000,NVDA,2026-09-21,P,260.0,0.0,0.0,0.0,0.0,0.0,0.0,0.0,0.0,0.0,0.0,0.0,0.0,0.0,0.0,0.0,0.0,0.0,no_change,0.0,,0.0,0.0,229.4873,2026-09-07 20:11:28,2026-09-07 16:15:05
NVDA,NVDA260921P00265000,NVDA,2026-09-21,P,265.0,0.0,0.0,0.0,0.0,0.0,0.0,0.0,0.0,0.0,0.0,0.0,0.0,0.0,0.0,0.0,0.0,0.0,no_change,0.0,,0.0,0.0,229.4873,2026-09-07 20:11:28,2026-09-07 16:15:05
NVDA,NVDA260921P00270000,NVDA,2026-09-21,P,270.0,0.0,0.0,0.0,0.0,0.0,0.0,0.0,0.0,0.0,0.0,0.0,0.0,0.0,0.0,0.0,0.0,0.0,no_change,0.0,,0.0,0.0,229.4873,2026-09-07 20:11:28,2026-09-07 16:15:05
NVDA,NVDA260921P00275000,NVDA,2026-09-21,P,275.0,0.0,0.0,0.0,0.0,0.0,0.0,0.0,0.0,0.0,0.0,0.0,0.0,0.0,0.0,0.0,0.0,0.0,no_change,0.0,,0.0,0.0,229.4873,2026-09-07 20:11:28,2026-09-07 16:15:05
NVDA,NVDA260921P00280000,NVDA,2026-09-21,P,280.0,0.0,0.0,0.0,0.0,0.0,0.0,0.0,0.0,0.0,0.0,0.0,0.0,0.0,0.0,0.0,0.0,0.0,no_change,0.0,,0.0,0.0,229.4873,2026-09-07 20:11:28,2026-09-07 16:15:05
NVDA,NVDA260921P00285000,NVDA,2026-09-21,P,285.0,0.0,0.0,0.0,0.0,0.0,0.0,0.0,0.0,0.0,0.0,0.0,0.0,0.0,0.0,0.0,0.0,0.0,no_change,0.0,,0.0,0.0,229.4873,2026-09-07 20:11:28,2026-09-07 16:15:05
NVDA,NVDA260921P00290000,NVDA,2026-09-21,P,290.0,0.0,0.0,0.0,0.0,0.0,0.0,0.0,0.0,0.0,0.0,0.0,0.0,0.0,0.0,0.0,0.0,0.0,no_change,0.0,,0.0,0.0,229.4873,2026-09-07 20:11:28,2026-09-07 16:15:05
NVDA,NVDA260921P00295000,NVDA,2026-09-21,P,295.0,0.0,0.0,0.0,0.0,0.0,0.0,0.0,0.0,0.0,0.0,0.0,0.0,0.0,0.0,0.0,0.0,0.0,no_change,0.0,,0.0,0.0,229.4873,2026-09-07 20:11:28,2026-09-07 16:15:05
NVDA,NVDA260921P00300000,NVDA,2026-09-21,P,300.0,0.0,0.0,0.0,0.0,0.0,0.0,0.0,0.0,0.0,0.0,0.0,0.0,0.0,0.0,0.0,0.0,0.0,no_change,0.0,,0.0,0.0,229.4873,2026-09-07 20:11:28,2026-09-07 16:15:05
NVDA,NVDA260921P00305000,NVDA,2026-09-21,P,305.0,0.0,0.0,0.0,0.0,0.0,0.0,0.0,0.0,0.0,0.0,0.0,0.0,0.0,0.0,0.0,0.0,0.0,no_change,0.0,,0.0,0.0,229.4873,2026-09-07 20:11:28,2026-09-07 16:15:05
NVDA,NVDA260923C00160000,NVDA,2026-09-23,C,160.0,0.0,0.0,0.0,0.0,0.0,0.0,0.0,0.0,0.0,0.0,0.0,0.0,0.0,0.0,0.0,0.0,0.0,no_change,0.0,,0.0,0.0,229.4873,2026-09-07 20:11:28,2026-09-07 16:15:05
NVDA,NVDA260923C00165000,NVDA,2026-09-23,C,165.0,0.0,0.0,0.0,0.0,0.0,0.0,0.0,0.0,0.0,0.0,0.0,0.0,0.0,0.0,0.0,0.0,0.0,no_change,0.0,,0.0,0.0,229.4873,2026-09-07 20:11:28,2026-09-07 16:15:05
NVDA,NVDA260923C00170000,NVDA,2026-09-23,C,170.0,0.0,0.0,0.0,0.0,0.0,0.0,0.0,0.0,0.0,0.0,0.0,0.0,0.0,0.0,0.0,0.0,0.0,no_change,0.0,,0.0,0.0,229.4873,2026-09-07 20:11:28,2026-09-07 16:15:05
NVDA,NVDA260923C00175000,NVDA,2026-09-23,C,175.0,0.0,0.0,0.0,0.0,0.0,0.0,0.0,0.0,0.0,0.0,0.0,0.0,0.0,0.0,0.0,0.0,0.0,no_change,0.0,,0.0,0.0,229.4873,2026-09-07 20:11:28,2026-09-07 16:15:05
NVDA,NVDA260923C00180000,NVDA,2026-09-23,C,180.0,0.0,0.0,0.0,0.0,0.0,0.0,0.0,0.0,0.0,0.0,0.0,0.0,0.0,0.0,0.0,0.0,0.0,no_change,0.0,,0.0,0.0,229.4873,2026-09-07 20:11:28,2026-09-07 16:15:05
NVDA,NVDA260923C00185000,NVDA,2026-09-23,C,185.0,0.0,0.0,0.0,0.0,0.0,0.0,0.0,0.0,0.0,0.0,0.0,0.0,0.0,0.0,0.0,0.0,0.0,no_change,0.0,,0.0,0.0,229.4873,2026-09-07 20:11:28,2026-09-07 16:15:05
NVDA,NVDA260923C00190000,NVDA,2026-09-23,C,190.0,0.0,0.0,0.0,0.0,0.0,0.0,0.0,0.0,0.0,0.0,0.0,0.0,0.0,0.0,0.0,0.0,0.0,no_change,0.0,,0.0,0.0,229.4873,2026-09-07 20:11:28,2026-09-07 16:15:05
NVDA,NVDA260923C00195000,NVDA,2026-09-23,C,195.0,0.0,0.0,0.0,0.0,0.0,0.0,0.0,0.0,0.0,0.0,0.0,0.0,0.0,0.0,0.0,0.0,0.0,no_change,0.0,,0.0,0.0,229.4873,2026-09-07 20:11:28,2026-09-07 16:15:05
NVDA,NVDA260923C00200000,NVDA,2026-09-23,C,200.0,0.0,0.0,0.0,0.0,0.0,0.0,0.0,0.0,0.0,0.0,0.0,0.0,0.0,0.0,0.0,0.0,0.0,no_change,0.0,,0.0,0.0,229.4873,2026-09-07 20:11:28,2026-09-07 16:15:05
NVDA,NVDA260923C00205000,NVDA,2026-09-23,C,205.0,0.0,0.0,0.0,0.0,0.0,0.0,0.0,0.0,0.0,0.0,0.0,0.0,0.0,0.0,0.0,0.0,0.0,no_change,0.0,,0.0,0.0,229.4873,2026-09-07 20:11:28,2026-09-07 16:15:05
NVDA,NVDA260923C00210000,NVDA,2026-09-23,C,210.0,0.0,0.0,0.0,0.0,0.0,0.0,0.0,0.0,0.0,0.0,0.0,0.0,0.0,0.0,0.0,0.0,0.0,no_change,0.0,,0.0,0.0,229.4873,2026-09-07 20:11:28,2026-09-07 16:15:05
NVDA,NVDA260923C00215000,NVDA,2026-09-23,C,215.0,0.0,0.0,0.0,0.0,0.0,0.0,0.0,0.0,0.0,0.0,0.0,0.0,0.0,0.0,0.0,0.0,0.0,no_change,0.0,,0.0,0.0,229.4873,2026-09-07 20:11:28,2026-09-07 16:15:05
NVDA,NVDA260923C00220000,NVDA,2026-09-23,C,220.0,0.0,0.0,0.0,0.0,0.0,0.0,0.0,0.0,0.0,0.0,0.0,0.0,0.0,0.0,0.0,0.0,0.0,no_change,0.0,,0.0,0.0,229.4873,2026-09-07 20:11:28,2026-09-07 16:15:05
NVDA,NVDA260923C00225000,NVDA,2026-09-23,C,225.0,0.0,0.0,0.0,0.0,0.0,0.0,0.0,0.0,0.0,0.0,0.0,0.0,0.0,0.0,0.0,0.0,0.0,no_change,0.0,,0.0,0.0,229.4873,2026-09-07 20:11:28,2026-09-07 16:15:05
NVDA,NVDA260923C00230000,NVDA,2026-09-23,C,230.0,0.0,0.0,0.0,0.0,0.0,0.0,0.0,0.0,0.0,0.0,0.0,0.0,0.0,0.0,0.0,0.0,0.0,no_change,0.0,,0.0,0.0,229.4873,2026-09-07 20:11:28,2026-09-07 16:15:05
NVDA,NVDA260923C00235000,NVDA,2026-09-23,C,235.0,0.0,0.0,0.0,0.0,0.0,0.0,0.0,0.0,0.0,0.0,0.0,0.0,0.0,0.0,0.0,0.0,0.0,no_change,0.0,,0.0,0.0,229.4873,2026-09-07 20:11:28,2026-09-07 16:15:05
NVDA,NVDA260923C00240000,NVDA,2026-09-23,C,240.0,0.0,0.0,0.0,0.0,0.0,0.0,0.0,0.0,0.0,0.0,0.0,0.0,0.0,0.0,0.0,0.0,0.0,no_change,0.0,,0.0,0.0,229.4873,2026-09-07 20:11:28,2026-09-07 16:15:05
NVDA,NVDA260923C00245000,NVDA,2026-09-23,C,245.0,0.0,0.0,0.0,0.0,0.0,0.0,0.0,0.0,0.0,0.0,0.0,0.0,0.0,0.0,0.0,0.0,0.0,no_change,0.0,,0.0,0.0,229.4873,2026-09-07 20:11:28,2026-09-07 16:15:05
NVDA,NVDA260923C00250000,NVDA,2026-09-23,C,250.0,0.0,0.0,0.0,0.0,0.0,0.0,0.0,0.0,0.0,0.0,0.0,0.0,0.0,0.0,0.0,0.0,0.0,no_change,0.0,,0.0,0.0,229.4873,2026-09-07 20:11:28,2026-09-07 16:15:05
NVDA,NVDA260923C00255000,NVDA,2026-09-23,C,255.0,0.0,0.0,0.0,0.0,0.0,0.0,0.0,0.0,0.0,0.0,0.0,0.0,0.0,0.0,0.0,0.0,0.0,no_change,0.0,,0.0,0.0,229.4873,2026-09-07 20:11:28,2026-09-07 16:15:05
NVDA,NVDA260923C00260000,NVDA,2026-09-23,C,260.0,0.0,0.0,0.0,0.0,0.0,0.0,0.0,0.0,0.0,0.0,0.0,0.0,0.0,0.0,0.0,0.0,0.0,no_change,0.0,,0.0,0.0,229.4873,2026-09-07 20:11:28,2026-09-07 16:15:05
NVDA,NVDA260923C00265000,NVDA,2026-09-23,C,265.0,0.0,0.0,0.0,0.0,0.0,0.0,0.0,0.0,0.0,0.0,0.0,0.0,0.0,0.0,0.0,0.0,0.0,no_change,0.0,,0.0,0.0,229.4873,2026-09-07 20:11:28,2026-09-07 16:15:05
NVDA,NVDA260923C00270000,NVDA,2026-09-23,C,270.0,0.0,0.0,0.0,0.0,0.0,0.0,0.0,0.0,0.0,0.0,0.0,0.0,0.0,0.0,0.0,0.0,0.0,no_change,0.0,,0.0,0.0,229.4873,2026-09-07 20:11:28,2026-09-07 16:15:05
NVDA,NVDA260923C00275000,NVDA,2026-09-23,C,275.0,0.0,0.0,0.0,0.0,0.0,0.0,0.0,0.0,0.0,0.0,0.0,0.0,0.0,0.0,0.0,0.0,0.0,no_change,0.0,,0.0,0.0,229.4873,2026-09-07 20:11:28,2026-09-07 16:15:05
NVDA,NVDA260923C00280000,NVDA,2026-09-23,C,280.0,0.0,0.0,0.0,0.0,0.0,0.0,0.0,0.0,0.0,0.0,0.0,0.0,0.0,0.0,0.0,0.0,0.0,no_change,0.0,,0.0,0.0,229.4873,2026-09-07 20:11:28,2026-09-07 16:15:05
NVDA,NVDA260923C00285000,NVDA,2026-09-23,C,285.0,0.0,0.0,0.0,0.0,0.0,0.0,0.0,0.0,0.0,0.0,0.0,0.0,0.0,0.0,0.0,0.0,0.0,no_change,0.0,,0.0,0.0,229.4873,2026-09-07 20:11:28,2026-09-07 16:15:05
NVDA,NVDA260923C00290000,NVDA,2026-09-23,C,290.0,0.0,0.0,0.0,0.0,0.0,0.0,0.0,0.0,0.0,0.0,0.0,0.0,0.0,0.0,0.0,0.0,0.0,no_change,0.0,,0.0,0.0,229.4873,2026-09-07 20:11:28,2026-09-07 16:15:05
NVDA,NVDA260923C00295000,NVDA,2026-09-23,C,295.0,0.0,0.0,0.0,0.0,0.0,0.0,0.0,0.0,0.0,0.0,0.0,0.0,0.0,0.0,0.0,0.0,0.0,no_change,0.0,,0.0,0.0,229.4873,2026-09-07 20:11:28,2026-09-07 16:15:05
NVDA,NVDA260923C00300000,NVDA,2026-09-23,C,300.0,0.0,0.0,0.0,0.0,0.0,0.0,0.0,0.0,0.0,0.0,0.0,0.0,0.0,0.0,0.0,0.0,0.0,no_change,0.0,,0.0,0.0,229.4873,2026-09-07 20:11:28,2026-09-07 16:15:05
NVDA,NVDA260923C00305000,NVDA,2026-09-23,C,305.0,0.0,0.0,0.0,0.0,0.0,0.0,0.0,0.0,0.0,0.0,0.0,0.0,0.0,0.0,0.0,0.0,0.0,no_change,0.0,,0.0,0.0,229.4873,2026-09-07 20:11:28,2026-09-07 16:15:05
NVDA,NVDA260923P00160000,NVDA,2026-09-23,P,160.0,0.0,0.0,0.0,0.0,0.0,0.0,0.0,0.0,0.0,0.0,0.0,0.0,0.0,0.0,0.0,0.0,0.0,no_change,0.0,,0.0,0.0,229.4873,2026-09-07 20:11:28,2026-09-07 16:15:05
NVDA,NVDA260923P00165000,NVDA,2026-09-23,P,165.0,0.0,0.0,0.0,0.0,0.0,0.0,0.0,0.0,0.0,0.0,0.0,0.0,0.0,0.0,0.0,0.0,0.0,no_change,0.0,,0.0,0.0,229.4873,2026-09-07 20:11:28,2026-09-07 16:15:05
NVDA,NVDA260923P00170000,NVDA,2026-09-23,P,170.0,0.0,0.0,0.0,0.0,0.0,0.0,0.0,0.0,0.0,0.0,0.0,0.0,0.0,0.0,0.0,0.0,0.0,no_change,0.0,,0.0,0.0,229.4873,2026-09-07 20:11:28,2026-09-07 16:15:05
NVDA,NVDA260923P00175000,NVDA,2026-09-23,P,175.0,0.0,0.0,0.0,0.0,0.0,0.0,0.0,0.0,0.0,0.0,0.0,0.0,0.0,0.0,0.0,0.0,0.0,no_change,0.0,,0.0,0.0,229.4873,2026-09-07 20:11:28,2026-09-07 16:15:05
NVDA,NVDA260923P00180000,NVDA,2026-09-23,P,180.0,0.0,0.0,0.0,0.0,0.0,0.0,0.0,0.0,0.0,0.0,0.0,0.0,0.0,0.0,0.0,0.0,0.0,no_change,0.0,,0.0,0.0,229.4873,2026-09-07 20:11:28,2026-09-07 16:15:05
NVDA,NVDA260923P00185000,NVDA,2026-09-23,P,185.0,0.0,0.0,0.0,0.0,0.0,0.0,0.0,0.0,0.0,0.0,0.0,0.0,0.0,0.0,0.0,0.0,0.0,no_change,0.0,,0.0,0.0,229.4873,2026-09-07 20:11:28,2026-09-07 16:15:05
NVDA,NVDA260923P00190000,NVDA,2026-09-23,P,190.0,0.0,0.0,0.0,0.0,0.0,0.0,0.0,0.0,0.0,0.0,0.0,0.0,0.0,0.0,0.0,0.0,0.0,no_change,0.0,,0.0,0.0,229.4873,2026-09-07 20:11:28,2026-09-07 16:15:05
NVDA,NVDA260923P00195000,NVDA,2026-09-23,P,195.0,0.0,0.0,0.0,0.0,0.0,0.0,0.0,0.0,0.0,0.0,0.0,0.0,0.0,0.0,0.0,0.0,0.0,no_change,0.0,,0.0,0.0,229.4873,2026-09-07 20:11:28,2026-09-07 16:15:05
NVDA,NVDA260923P00200000,NVDA,2026-09-23,P,200.0,0.0,0.0,0.0,0.0,0.0,0.0,0.0,0.0,0.0,0.0,0.0,0.0,0.0,0.0,0.0,0.0,0.0,no_change,0.0,,0.0,0.0,229.4873,2026-09-07 20:11:28,2026-09-07 16:15:05
NVDA,NVDA260923P00205000,NVDA,2026-09-23,P,205.0,0.0,0.0,0.0,0.0,0.0,0.0,0.0,0.0,0.0,0.0,0.0,0.0,0.0,0.0,0.0,0.0,0.0,no_change,0.0,,0.0,0.0,229.4873,2026-09-07 20:11:28,2026-09-07 16:15:05
NVDA,NVDA260923P00210000,NVDA,2026-09-23,P,210.0,0.0,0.0,0.0,0.0,0.0,0.0,0.0,0.0,0.0,0.0,0.0,0.0,0.0,0.0,0.0,0.0,0.0,no_change,0.0,,0.0,0.0,229.4873,2026-09-07 20:11:28,2026-09-07 16:15:05
NVDA,NVDA260923P00215000,NVDA,2026-09-23,P,215.0,0.0,0.0,0.0,0.0,0.0,0.0,0.0,0.0,0.0,0.0,0.0,0.0,0.0,0.0,0.0,0.0,0.0,no_change,0.0,,0.0,0.0,229.4873,2026-09-07 20:11:28,2026-09-07 16:15:05
NVDA,NVDA260923P00220000,NVDA,2026-09-23,P,220.0,0.0,0.0,0.0,0.0,0.0,0.0,0.0,0.0,0.0,0.0,0.0,0.0,0.0,0.0,0.0,0.0,0.0,no_change,0.0,,0.0,0.0,229.4873,2026-09-07 20:11:28,2026-09-07 16:15:05
NVDA,NVDA260923P00225000,NVDA,2026-09-23,P,225.0,0.0,0.0,0.0,0.0,0.0,0.0,0.0,0.0,0.0,0.0,0.0,0.0,0.0,0.0,0.0,0.0,0.0,no_change,0.0,,0.0,0.0,229.4873,2026-09-07 20:11:28,2026-09-07 16:15:05
NVDA,NVDA260923P00230000,NVDA,2026-09-23,P,230.0,0.0,0.0,0.0,0.0,0.0,0.0,0.0,0.0,0.0,0.0,0.0,0.0,0.0,0.0,0.0,0.0,0.0,no_change,0.0,,0.0,0.0,229.4873,2026-09-07 20:11:28,2026-09-07 16:15:05
NVDA,NVDA260923P00235000,NVDA,2026-09-23,P,235.0,0.0,0.0,0.0,0.0,0.0,0.0,0.0,0.0,0.0,0.0,0.0,0.0,0.0,0.0,0.0,0.0,0.0,no_change,0.0,,0.0,0.0,229.4873,2026-09-07 20:11:28,2026-09-07 16:15:05
NVDA,NVDA260923P00240000,NVDA,2026-09-23,P,240.0,0.0,0.0,0.0,0.0,0.0,0.0,0.0,0.0,0.0,0.0,0.0,0.0,0.0,0.0,0.0,0.0,0.0,no_change,0.0,,0.0,0.0,229.4873,2026-09-07 20:11:28,2026-09-07 16:15:05
NVDA,NVDA260923P00245000,NVDA,2026-09-23,P,245.0,0.0,0.0,0.0,0.0,0.0,0.0,0.0,0.0,0.0,0.0,0.0,0.0,0.0,0.0,0.0,0.0,0.0,no_change,0.0,,0.0,0.0,229.4873,2026-09-07 20:11:28,2026-09-07 16:15:05
NVDA,NVDA260923P00250000,NVDA,2026-09-23,P,250.0,0.0,0.0,0.0,0.0,0.0,0.0,0.0,0.0,0.0,0.0,0.0,0.0,0.0,0.0,0.0,0.0,0.0,no_change,0.0,,0.0,0.0,229.4873,2026-09-07 20:11:28,2026-09-07 16:15:05
NVDA,NVDA260923P00255000,NVDA,2026-09-23,P,255.0,0.0,0.0,0.0,0.0,0.0,0.0,0.0,0.0,0.0,0.0,0.0,0.0,0.0,0.0,0.0,0.0,0.0,no_change,0.0,,0.0,0.0,229.4873,2026-09-07 20:11:28,2026-09-07 16:15:05
NVDA,NVDA260923P00260000,NVDA,2026-09-23,P,260.0,0.0,0.0,0.0,0.0,0.0,0.0,0.0,0.0,0.0,0.0,0.0,0.0,0.0,0.0,0.0,0.0,0.0,no_change,0.0,,0.0,0.0,229.4873,2026-09-07 20:11:28,2026-09-07 16:15:05
NVDA,NVDA260923P00265000,NVDA,2026-09-23,P,265.0,0.0,0.0,0.0,0.0,0.0,0.0,0.0,0.0,0.0,0.0,0.0,0.0,0.0,0.0,0.0,0.0,0.0,no_change,0.0,,0.0,0.0,229.4873,2026-09-07 20:11:28,2026-09-07 16:15:05
NVDA,NVDA260923P00270000,NVDA,2026-09-23,P,270.0,0.0,0.0,0.0,0.0,0.0,0.0,0.0,0.0,0.0,0.0,0.0,0.0,0.0,0.0,0.0,0.0,0.0,no_change,0.0,,0.0,0.0,229.4873,2026-09-07 20:11:28,2026-09-07 16:15:05
NVDA,NVDA260923P00275000,NVDA,2026-09-23,P,275.0,0.0,0.0,0.0,0.0,0.0,0.0,0.0,0.0,0.0,0.0,0.0,0.0,0.0,0.0,0.0,0.0,0.0,no_change,0.0,,0.0,0.0,229.4873,2026-09-07 20:11:28,2026-09-07 16:15:05
NVDA,NVDA260923P00280000,NVDA,2026-09-23,P,280.0,0.0,0.0,0.0,0.0,0.0,0.0,0.0,0.0,0.0,0.0,0.0,0.0,0.0,0.0,0.0,0.0,0.0,no_change,0.0,,0.0,0.0,229.4873,2026-09-07 20:11:28,2026-09-07 16:15:05
NVDA,NVDA260923P00285000,NVDA,2026-09-23,P,285.0,0.0,0.0,0.0,0.0,0.0,0.0,0.0,0.0,0.0,0.0,0.0,0.0,0.0,0.0,0.0,0.0,0.0,no_change,0.0,,0.0,0.0,229.4873,2026-09-07 20:11:28,2026-09-07 16:15:05
NVDA,NVDA260923P00290000,NVDA,2026-09-23,P,290.0,0.0,0.0,0.0,0.0,0.0,0.0,0.0,0.0,0.0,0.0,0.0,0.0,0.0,0.0,0.0,0.0,0.0,no_change,0.0,,0.0,0.0,229.4873,2026-09-07 20:11:28,2026-09-07 16:15:05
NVDA,NVDA260923P00295000,NVDA,2026-09-23,P,295.0,0.0,0.0,0.0,0.0,0.0,0.0,0.0,0.0,0.0,0.0,0.0,0.0,0.0,0.0,0.0,0.0,0.0,no_change,0.0,,0.0,0.0,229.4873,2026-09-07 20:11:28,2026-09-07 16:15:05
NVDA,NVDA260923P00300000,NVDA,2026-09-23,P,300.0,0.0,0.0,0.0,0.0,0.0,0.0,0.0,0.0,0.0,0.0,0.0,0.0,0.0,0.0,0.0,0.0,0.0,no_change,0.0,,0.0,0.0,229.4873,2026-09-07 20:11:28,2026-09-07 16:15:05
NVDA,NVDA260923P00305000,NVDA,2026-09-23,P,305.0,0.0,0.0,0.0,0.0,0.0,0.0,0.0,0.0,0.0,0.0,0.0,0.0,0.0,0.0,0.0,0.0,0.0,no_change,0.0,,0.0,0.0,229.4873,2026-09-07 20:11:28,2026-09-07 16:15:05
NVDA,NVDA260925C00050000,NVDA,2026-09-25,C,50.0,176.4,2.0,185.0,2.0,2.5071,0.0,0.0,0.9999,0.0,0.0001,-0.0006,0.0029,180.2769,0.0,0.0,0.0,0.0,no_change,0.0,,0.0,180.174995422363,229.4873,2026-09-07 20:11:28,2026-09-07 16:15:05
NVDA,NVDA260925C00055000,NVDA,2026-09-25,C,55.0,171.4,2.0,180.0,2.0,2.3413,0.0,0.0,0.9999,0.0,0.0001,-0.0008,0.0032,175.2785,0.0,0.0,0.0,0.0,no_change,0.0,,0.0,175.174995422363,229.4873,2026-09-07 20:11:28,2026-09-07 16:15:05
NVDA,NVDA260925C00060000,NVDA,2026-09-25,C,60.0,166.4,1.0,175.0,2.0,2.1909,6.0,0.0,0.9999,0.0,0.0002,-0.0012,0.0038,170.2802,0.0,0.0,0.0,0.0,down,159.31,2026-08-18T14:35:18,0.0,170.174995422363,229.4873,2026-09-07 20:11:28,2026-09-07 16:15:05
NVDA,NVDA260925C00065000,NVDA,2026-09-25,C,65.0,161.4,51.0,170.0,2.0,2.0532,0.0,0.0,0.9998,0.0,0.0003,-0.0016,0.0041,165.2821,0.0,0.0,0.0,0.0,no_change,0.0,,0.0,165.199996948242,229.4873,2026-09-07 20:11:28,2026-09-07 16:15:05
NVDA,NVDA260925C00070000,NVDA,2026-09-25,C,70.0,156.4,1.0,165.0,2.0,1.9264,0.0,0.0,0.9998,0.0,0.0005,-0.002,0.0053,160.2841,0.0,0.0,0.0,0.0,no_change,0.0,,0.0,160.199996948242,229.4873,2026-09-07 20:11:28,2026-09-07 16:15:05
NVDA,NVDA260925C00075000,NVDA,2026-09-25,C,75.0,151.4,2.0,160.0,2.0,1.8087,8.0,0.0,0.9997,0.0,0.0006,-0.0026,0.0057,155.2867,0.0,0.0,0.0,0.0,up,145.2,2026-08-31T15:50:00,0.0,155.199996948242,229.4873,2026-09-07 20:11:28,2026-09-07 16:15:05
NVDA,NVDA260925C00080000,NVDA,2026-09-25,C,80.0,146.4,2.0,155.0,2.0,1.699,5.0,0.0,0.9996,0.0,0.0007,-0.0032,0.006,150.2893,0.0,0.0,0.0,0.0,up,143.11,2026-08-12T15:03:16,0.0,150.199996948242,229.4873,2026-09-07 20:11:28,2026-09-07 16:15:05
NVDA,NVDA260925C00085000,NVDA,2026-09-25,C,85.0,141.4,1.0,150.0,2.0,1.5946,5.0,0.0,0.9994,0.0,0.0011,-0.0039,0.0082,145.2925,0.0,0.0,0.0,0.0,no_change,132.04,2026-08-20T11:32:13,0.0,145.199996948242,229.4873,2026-09-07 20:11:28,2026-09-07 16:15:05
NVDA,NVDA260925C00090000,NVDA,2026-09-25,C,90.0,136.4,2.0,145.0,2.0,1.4963,6.0,0.0,0.9992,0.0,0.0012,-0.0048,0.0087,140.2963,0.0,0.0,0.0,0.0,up,129.7,2026-08-28T14:36:28,0.0,140.199996948242,229.4873,2026-09-07 20:11:28,2026-09-07 16:15:05
NVDA,NVDA260925C00095000,NVDA,2026-09-25,C,95.0,131.4,51.0,140.0,2.0,1.4034,1.0,0.0,0.999,0.0,0.0018,-0.0058,0.0125,135.3006,0.0,0.0,0.0,0.0,down,121.08,2026-08-21T14:10:21,0.0,135.199996948242,229.4873,2026-09-07 20:11:28,2026-09-07 16:15:05
NVDA,NVDA260925C00100000,NVDA,2026-09-25,C,100.0,126.45,51.0,135.0,55.0,1.3752,4.0,0.0,0.9988,0.0001,0.002,-0.0068,0.0131,130.306,0.0,0.0,0.0,0.0,down,119.39,2026-08-31T13:46:20,0.0,130.174995422363,229.4873,2026-09-07 20:11:28,2026-09-07 16:15:05
NVDA,NVDA260925C00105000,NVDA,2026-09-25,C,105.0,121.45,5.0,130.0,2.0,1.3333,1.0,5.0,0.9984,0.0001,0.0028,-0.008,0.0189,125.3123,2.465,126.59,126.59,126.59,up,126.59,2026-09-04T11:41:09,1.9859,125.474998474121,229.4873,2026-09-07 20:11:28,2026-09-07 16:15:05
NVDA,NVDA260925C00110000,NVDA,2026-09-25,C,110.0,116.45,2.0,125.0,5.0,1.2496,10.0,0.0,0.998,0.0001,0.0034,-0.0092,0.0256,120.32,0.0,0.0,0.0,0.0,up,109.3,2026-08-28T14:35:13,0.0,120.199996948242,229.4873,2026-09-07 20:11:28,2026-09-07 16:15:05
NVDA,NVDA260925C00115000,NVDA,2026-09-25,C,115.0,111.45,2.0,120.0,2.0,1.1696,0.0,0.0,0.9976,0.0001,0.0041,-0.0103,0.0345,115.3298,0.0,0.0,0.0,0.0,no_change,0.0,,0.0,115.199996948242,229.4873,2026-09-07 20:11:28,2026-09-07 16:15:05
NVDA,NVDA260925C00120000,NVDA,2026-09-25,C,120.0,106.5,1.0,115.0,2.0,1.1241,14.0,0.0,0.997,0.0002,0.0049,-0.0113,0.0522,110.3423,0.0,0.0,0.0,0.0,no_change,103.23,2026-09-02T10:20:16,0.0,110.125,229.4873,2026-09-07 20:11:28,2026-09-07 16:15:05
NVDA,NVDA260925C00125000,NVDA,2026-09-25,C,125.0,101.5,10.0,109.8,10.0,1.0745,19.0,0.0,0.9965,0.0002,0.0057,-0.0122,0.0678,105.3593,0.0,0.0,0.0,0.0,up,104.87,2026-09-03T14:05:43,0.0,105.150001525879,229.4873,2026-09-07 20:11:28,2026-09-07 16:15:05
NVDA,NVDA260925C00130000,NVDA,2026-09-25,C,130.0,96.5,11.0,104.45,11.0,0.9988,7.0,6.0,0.9959,0.0002,0.0066,-0.0133,0.0705,100.3785,2.075,104.8,104.8,101.4,down,101.4,2026-09-04T13:12:13,2.0891,100.700000762939,229.4873,2026-09-07 20:11:28,2026-09-07 16:15:05
NVDA,NVDA260925C00135000,NVDA,2026-09-25,C,135.0,91.55,10.0,97.55,11.0,0.0,1.0,0.0,0.9952,0.0003,0.0075,-0.0146,0.0732,95.3986,0.0,0.0,0.0,0.0,down,86.25,2026-08-18T09:44:12,0.0,94.1999969482422,229.4873,2026-09-07 20:11:28,2026-09-07 16:15:05
NVDA,NVDA260925C00140000,NVDA,2026-09-25,C,140.0,86.6,21.0,93.15,18.0,0.0,25.0,2.0,0.9945,0.0003,0.0087,-0.016,0.0758,90.4198,4.025,93.6,93.6,93.6,up,93.6,2026-09-04T09:44:33,4.49344,89.4500007629394,229.4873,2026-09-07 20:11:28,2026-09-07 16:15:05
NVDA,NVDA260925C00145000,NVDA,2026-09-25,C,145.0,81.55,10.0,86.95,1.0,0.0,1.0,0.0,0.9935,0.0004,0.01,-0.0175,0.0784,85.4423,0.0,0.0,0.0,0.0,up,76.23,2026-08-11T09:45:21,0.0,84.0750007629394,229.4873,2026-09-07 20:11:28,2026-09-07 16:15:05
NVDA,NVDA260925C00150000,NVDA,2026-09-25,C,150.0,76.6,10.0,85.0,2.0,0.0,54.0,53.0,0.9924,0.0005,0.0115,-0.0191,0.081,80.4663,1.12,81.4,81.4,80.57,down,80.57,2026-09-04T15:52:11,1.40969,81.0499992370606,229.4873,2026-09-07 20:11:28,2026-09-07 16:15:05
NVDA,NVDA260925C00155000,NVDA,2026-09-25,C,155.0,71.7,55.0,79.75,51.0,0.7883,3.0,4.0,0.9911,0.0006,0.0133,-0.021,0.0836,75.4923,1.555,76.41,76.42,76.03,down,76.03,2026-09-04T13:26:28,2.08795,75.1749992370606,229.4873,2026-09-07 20:11:28,2026-09-07 16:15:05
NVDA,NVDA260925C00160000,NVDA,2026-09-25,C,160.0,66.65,58.0,74.75,51.0,0.7136,27.0,2.0,0.9895,0.0007,0.0154,-0.023,0.0861,70.5205,1.255,71.27,71.27,71.08,down,71.08,2026-09-04T13:26:28,1.79735,71.0499992370606,229.4873,2026-09-07 20:11:28,2026-09-07 16:15:05
NVDA,NVDA260925C00165000,NVDA,2026-09-25,C,165.0,61.75,55.0,69.8,51.0,0.6892,42.0,30.0,0.9875,0.0009,0.018,-0.0254,0.0886,65.5518,1.455,66.63,66.63,66.43,no_change,66.43,2026-09-04T13:33:02,2.23932,65.8250007629394,229.4873,2026-09-07 20:11:28,2026-09-07 16:15:05
NVDA,NVDA260925C00170000,NVDA,2026-09-25,C,170.0,57.0,11.0,64.55,11.0,0.6747,51.0,73.0,0.985,0.0011,0.0211,-0.028,0.091,60.5872,-0.075,61.66,61.66,60.05,down,60.45,2026-09-04T15:46:41,-0.123915,61.0250015258789,229.4873,2026-09-07 20:11:28,2026-09-07 16:15:05
NVDA,NVDA260925C00175000,NVDA,2026-09-25,C,175.0,52.25,159.0,59.55,105.0,0.65,117.0,48.0,0.9818,0.0014,0.0249,-0.0311,0.0933,55.6282,0.66,57.6,57.6,55.54,no_change,55.76,2026-09-04T13:37:56,1.19782,55.8500003814697,229.4873,2026-09-07 20:11:28,2026-09-07 16:15:05
NVDA,NVDA260925C00180000,NVDA,2026-09-25,C,180.0,49.95,47.0,51.45,13.0,0.5356,406.0,100.0,0.9777,0.0018,0.0297,-0.0349,0.0955,50.6776,1.055,51.7,52.2,50.57,up,51.33,2026-09-04T14:30:19,2.09846,50.4749984741211,229.4873,2026-09-07 20:11:28,2026-09-07 16:15:05
NVDA,NVDA260925C00185000,NVDA,2026-09-25,C,185.0,44.15,169.0,46.4,32.0,0.0,126.0,15.0,0.972,0.0023,0.0359,-0.0395,0.0975,45.7395,0.815,49.2,49.55,45.49,down,45.49,2026-09-04T15:57:24,1.82429,45.0249996185303,229.4873,2026-09-07 20:11:28,2026-09-07 16:15:05
NVDA,NVDA260925C00190000,NVDA,2026-09-25,C,190.0,39.8,102.0,42.85,106.0,0.55,242.0,16.0,0.9642,0.0031,0.044,-0.0454,0.0992,40.8209,0.915,41.5,44.95,40.59,down,40.59,2026-09-04T15:42:05,2.30624,40.5499992370606,229.4873,2026-09-07 20:11:28,2026-09-07 16:15:05
NVDA,NVDA260925C00195000,NVDA,2026-09-25,C,195.0,35.6,32.0,38.75,173.0,0.5871,373.0,22.0,0.9529,0.0041,0.0551,-0.0533,0.1005,35.9353,3.44,38.52,40.0,38.0,up,38.29,2026-09-04T11:09:46,9.87088,35.7749996185303,229.4873,2026-09-07 20:11:28,2026-09-07 16:15:05
NVDA,NVDA260925C00200000,NVDA,2026-09-25,C,200.0,30.95,39.0,31.5,47.0,0.4164,613.0,287.0,0.9358,0.0056,0.0703,-0.0643,0.101,31.1092,1.25,32.85,35.38,30.65,up,31.3,2026-09-04T15:57:40,4.15974,30.9750003814697,229.4873,2026-09-07 20:11:28,2026-09-07 16:15:05
NVDA,NVDA260925C00205000,NVDA,2026-09-25,C,205.0,26.0,72.0,26.75,21.0,0.3756,1135.0,234.0,0.9092,0.0078,0.0913,-0.0796,0.1002,26.3894,1.495,27.15,30.35,26.25,up,26.87,2026-09-04T15:55:00,5.89163,26.2749996185303,229.4873,2026-09-07 20:11:28,2026-09-07 16:15:05
NVDA,NVDA260925C00210000,NVDA,2026-09-25,C,210.0,21.55,66.0,22.15,21.0,0.3596,2283.0,190.0,0.8686,0.0107,0.1188,-0.0997,0.0976,21.847,1.125,24.38,26.0,21.45,down,22.0,2026-09-04T15:58:10,5.38922,21.6499996185303,229.4873,2026-09-07 20:11:28,2026-09-07 16:15:05
NVDA,NVDA260925C00215000,NVDA,2026-09-25,C,215.0,17.3,69.0,17.85,13.0,0.3459,2428.0,324.0,0.81,0.0141,0.1507,-0.1232,0.0925,17.576,0.895,18.3,21.5,17.15,up,17.62,2026-09-04T15:59:51,5.35127,17.4500007629395,229.4873,2026-09-07 20:11:28,2026-09-07 16:15:05
NVDA,NVDA260925C00220000,NVDA,2026-09-25,C,220.0,13.6,32.0,13.9,9.0,0.3398,4517.0,1274.0,0.7317,0.0177,0.1825,-0.1463,0.0848,13.6824,0.7,13.96,17.45,13.34,up,13.65,2026-09-04T15:59:18,5.4054,13.5,229.4873,2026-09-07 20:11:28,2026-09-07 16:15:05
NVDA,NVDA260925C00225000,NVDA,2026-09-25,C,225.0,10.15,10.0,10.5,5.0,0.3294,10716.0,1437.0,0.6357,0.0206,0.2076,-0.1638,0.0745,10.267,0.645,10.95,13.65,9.95,up,10.27,2026-09-04T15:59:45,6.7013,10.0749998092651,229.4873,2026-09-07 20:11:28,2026-09-07 16:15:05
NVDA,NVDA260925C00230000,NVDA,2026-09-25,C,230.0,7.3,32.0,7.5,10.0,0.3214,11525.0,3836.0,0.528,0.0222,0.2197,-0.1711,0.0625,7.404,0.5,7.93,10.3,7.15,no_change,7.4,2026-09-04T15:59:31,7.24638,7.22500014305115,229.4873,2026-09-07 20:11:28,2026-09-07 16:15:05
NVDA,NVDA260925C00235000,NVDA,2026-09-25,C,235.0,5.05,18.0,5.25,38.0,0.3192,7294.0,8507.0,0.4178,0.022,0.2157,-0.1659,0.0497,5.1248,0.4,5.5,7.55,4.95,up,5.15,2026-09-04T15:59:58,8.42105,5.0,229.4873,2026-09-07 20:11:28,2026-09-07 16:15:05
NVDA,NVDA260925C00240000,NVDA,2026-09-25,C,240.0,3.35,10.0,3.5,13.0,0.318,15193.0,10467.0,0.3146,0.0201,0.1965,-0.1494,0.0376,3.4092,0.25,3.78,5.35,3.25,down,3.4,2026-09-04T15:59:47,7.93651,3.35000002384186,229.4873,2026-09-07 20:11:28,2026-09-07 16:15:05
NVDA,NVDA260925C00245000,NVDA,2026-09-25,C,245.0,2.13,26.0,2.21,1.0,0.3169,12743.0,2738.0,0.2261,0.017,0.167,-0.1257,0.0271,2.1928,0.28,2.35,3.65,2.11,up,2.28,2026-09-04T15:58:08,14.0,2.1450001001358,229.4873,2026-09-07 20:11:28,2026-09-07 16:15:05
NVDA,NVDA260925C00250000,NVDA,2026-09-25,C,250.0,1.36,12.0,1.43,20.0,0.3209,10443.0,3166.0,0.1564,0.0135,0.1337,-0.1,0.0188,1.3778,0.15,1.48,2.42,1.34,down,1.4,2026-09-04T15:59:22,12.0,1.36000001430511,229.4873,2026-09-07 20:11:28,2026-09-07 16:15:05
NVDA,NVDA260925C00255000,NVDA,2026-09-25,C,255.0,0.83,114.0,0.93,91.0,0.3253,2733.0,1373.0,0.1065,0.0102,0.1029,-0.0771,0.0128,0.8708,0.09,0.94,1.58,0.86,down,0.87,2026-09-04T15:59:49,11.5385,0.859999984502792,229.4873,2026-09-07 20:11:28,2026-09-07 16:15:05
NVDA,NVDA260925C00260000,NVDA,2026-09-25,C,260.0,0.55,10.0,0.6,150.0,0.3346,17159.0,1480.0,0.0731,0.0075,0.0781,-0.0591,0.0087,0.5669,0.07,0.6,1.05,0.54,down,0.57,2026-09-04T15:59:30,14.0,0.564999997615814,229.4873,2026-09-07 20:11:28,2026-09-07 16:15:05
NVDA,NVDA260925C00265000,NVDA,2026-09-25,C,265.0,0.35,252.0,0.41,278.0,0.3458,2170.0,479.0,0.051,0.0055,0.0592,-0.0457,0.0061,0.3832,0.045,0.43,0.7,0.37,no_change,0.38,2026-09-04T15:59:08,13.4328,0.379999995231628,229.4873,2026-09-07 20:11:28,2026-09-07 16:15:05
NVDA,NVDA260925C00270000,NVDA,2026-09-25,C,270.0,0.27,1.0,0.29,137.0,0.3584,19160.0,1254.0,0.0369,0.0041,0.0457,-0.0362,0.0044,0.2726,0.05,0.26,0.47,0.23,no_change,0.28,2026-09-04T15:59:16,21.7391,0.280000001192093,229.4873,2026-09-07 20:11:28,2026-09-07 16:15:05
NVDA,NVDA260925C00275000,NVDA,2026-09-25,C,275.0,0.18,29.0,0.22,142.0,0.3735,3073.0,8784.0,0.0274,0.003,0.0358,-0.0291,0.0032,0.2007,0.04,0.17,0.34,0.17,down,0.21,2026-09-04T15:52:36,23.5294,0.21000000089407,229.4873,2026-09-07 20:11:28,2026-09-07 16:15:05
NVDA,NVDA260925C00280000,NVDA,2026-09-25,C,280.0,0.14,19.0,0.16,75.0,0.3878,4796.0,7024.0,0.0209,0.0023,0.0285,-0.0239,0.0025,0.153,0.025,0.15,0.27,0.15,no_change,0.15,2026-09-04T15:56:03,20.0,0.160000003874302,229.4873,2026-09-07 20:11:28,2026-09-07 16:15:05
NVDA,NVDA260925C00285000,NVDA,2026-09-25,C,285.0,0.11,231.0,0.13,1.0,0.4023,6186.0,2507.0,0.0164,0.0018,0.0232,-0.0201,0.0019,0.1206,0.04,0.16,0.21,0.14,down,0.14,2026-09-04T13:01:13,40.0,0.129999998956919,229.4873,2026-09-07 20:11:28,2026-09-07 16:15:05
NVDA,NVDA260925C00290000,NVDA,2026-09-25,C,290.0,0.08,122.0,0.11,122.0,0.4174,2003.0,345.0,0.013,0.0014,0.019,-0.017,0.0015,0.0964,0.025,0.07,0.17,0.07,down,0.1,2026-09-04T15:57:58,33.3333,0.109999999403954,229.4873,2026-09-07 20:11:28,2026-09-07 16:15:05
NVDA,NVDA260925C00295000,NVDA,2026-09-25,C,295.0,0.06,23.0,0.09,129.0,0.4343,731.0,616.0,0.0105,0.0012,0.0158,-0.0145,0.0012,0.0786,0.03,0.11,0.11,0.08,no_change,0.09,2026-09-04T15:54:03,50.0,0.0899999998509884,229.4873,2026-09-07 20:11:28,2026-09-07 16:15:05
NVDA,NVDA260925C00300000,NVDA,2026-09-25,C,300.0,0.05,126.0,0.07,106.0,0.4485,916.0,734.0,0.0086,0.0009,0.0133,-0.0125,0.001,0.065,0.005,0.06,0.11,0.06,no_change,0.06,2026-09-04T15:57:39,9.09091,0.0699999984353781,229.4873,2026-09-07 20:11:28,2026-09-07 16:15:05
NVDA,NVDA260925C00305000,NVDA,2026-09-25,C,305.0,0.03,191.0,0.07,21.0,0.464,131.0,56.0,0.0071,0.0008,0.0113,-0.0109,0.0008,0.0545,0.02,0.05,0.08,0.05,no_change,0.06,2026-09-04T14:59:46,50.0,0.0600000005215406,229.4873,2026-09-07 20:11:28,2026-09-07 16:15:05
NVDA,NVDA260925C00310000,NVDA,2026-09-25,C,310.0,0.03,116.0,0.06,124.0,0.477,254.0,135.0,0.006,0.0006,0.0096,-0.0096,0.0007,0.0461,0.025,0.05,0.06,0.05,no_change,0.06,2026-09-04T14:23:47,71.4286,0.0499999988824129,229.4873,2026-09-07 20:11:28,2026-09-07 16:15:05
NVDA,NVDA260925C00315000,NVDA,2026-09-25,C,315.0,0.02,101.0,0.05,104.0,0.4866,13.0,4.0,0.005,0.0005,0.0083,-0.0085,0.0006,0.0394,-0.01,0.07,0.07,0.02,no_change,0.02,2026-09-04T15:56:28,-33.3333,0.0400000000372529,229.4873,2026-09-07 20:11:28,2026-09-07 16:15:05
NVDA,NVDA260925C00320000,NVDA,2026-09-25,C,320.0,0.0,0.0,0.06,8.0,0.5005,460.0,0.0,0.0043,0.0004,0.0072,-0.0075,0.0005,0.034,0.0,0.0,0.0,0.0,down,0.03,2026-08-31T11:47:37,0.0,0.0350000001490116,229.4873,2026-09-07 20:11:28,2026-09-07 16:15:05
NVDA,NVDA260925C00325000,NVDA,2026-09-25,C,325.0,0.01,3.0,0.04,10.0,0.5126,909.0,11.0,0.0037,0.0004,0.0063,-0.0067,0.0004,0.0295,0.025,0.03,0.04,0.03,up,0.04,2026-09-04T14:18:24,166.667,0.0299999993294477,229.4873,2026-09-07 20:11:28,2026-09-07 16:15:05
NVDA,NVDA260925C00330000,NVDA,2026-09-25,C,330.0,0.0,0.0,0.24,10.0,0.5328,858.0,21.0,0.0032,0.0003,0.0055,-0.006,0.0004,0.0259,0.01,0.02,0.03,0.02,no_change,0.03,2026-09-04T12:29:43,50.0,0.0199999995529652,229.4873,2026-09-07 20:11:28,2026-09-07 16:15:05
NVDA,NVDA260925C00335000,NVDA,2026-09-25,C,335.0,0.01,1.0,0.03,10.0,0.5414,132.0,21.0,0.0028,0.0003,0.0049,-0.0054,0.0003,0.0228,0.005,0.02,0.02,0.02,no_change,0.02,2026-09-04T09:59:56,33.3333,0.0199999995529652,229.4873,2026-09-07 20:11:28,2026-09-07 16:15:05
NVDA,NVDA260925C00340000,NVDA,2026-09-25,C,340.0,0.0,0.0,0.04,4.0,0.5606,353.0,66.0,0.0024,0.0002,0.0043,-0.0049,0.0003,0.0202,0.005,0.02,0.04,0.02,no_change,0.02,2026-09-04T14:27:39,33.3333,0.0199999995529652,229.4873,2026-09-07 20:11:28,2026-09-07 16:15:05
NVDA,NVDA260925C00345000,NVDA,2026-09-25,C,345.0,0.0,0.0,0.04,5.0,0.5912,29.0,1.0,0.0022,0.0002,0.0038,-0.0045,0.0002,0.018,0.0,0.02,0.02,0.02,up,0.02,2026-09-04T10:26:27,2.23517e-06,0.0149999996647239,229.4873,2026-09-07 20:11:28,2026-09-07 16:15:05
NVDA,NVDA260925C00350000,NVDA,2026-09-25,C,350.0,0.0,0.0,0.04,9.0,0.5978,36.0,10.0,0.0019,0.0002,0.0034,-0.0041,0.0002,0.0161,0.005,0.02,0.02,0.02,no_change,0.02,2026-09-04T12:06:58,33.3333,0.0149999996647239,229.4873,2026-09-07 20:11:28,2026-09-07 16:15:05
NVDA,NVDA260925C00360000,NVDA,2026-09-25,C,360.0,0.0,0.0,0.02,10.0,0.598,11.0,0.0,0.0015,0.0001,0.0028,-0.0034,0.0002,0.013,0.0,0.0,0.0,0.0,no_change,0.06,2026-08-26T11:09:03,0.0,0.00999999977648258,229.4873,2026-09-07 20:11:28,2026-09-07 16:15:05
NVDA,NVDA260925C00370000,NVDA,2026-09-25,C,370.0,0.0,0.0,0.04,8.0,0.6684,7.0,1.0,0.0012,0.0001,0.0023,-0.0029,0.0001,0.0107,0.0,0.01,0.01,0.01,no_change,0.01,2026-09-04T12:28:45,2.23517e-06,0.00999999977648258,229.4873,2026-09-07 20:11:28,2026-09-07 16:15:05
NVDA,NVDA260925C00380000,NVDA,2026-09-25,C,380.0,0.0,0.0,0.04,15.0,0.7019,72.0,50.0,0.001,0.0001,0.0019,-0.0025,0.0001,0.009,0.005,0.01,0.01,0.01,no_change,0.01,2026-09-04T12:28:13,100.0,0.00999999977648258,229.4873,2026-09-07 20:11:28,2026-09-07 16:15:05
NVDA,NVDA260925C00390000,NVDA,2026-09-25,C,390.0,0.0,0.0,0.02,5744.0,0.6942,692.0,489.0,0.0008,0.0001,0.0016,-0.0022,0.0001,0.0076,0.0,0.01,0.01,0.01,no_change,0.01,2026-09-04T14:22:33,2.23517e-06,0.00999999977648258,229.4873,2026-09-07 20:11:28,2026-09-07 16:15:05
NVDA,NVDA260925P00050000,NVDA,2026-09-25,P,50.0,0.0,0.0,0.03,5.0,1.9143,2.0,0.0,-0.0003,0.0,0.0006,-0.0027,0.0,0.0097,0.0,0.0,0.0,0.0,no_change,0.03,2026-08-26T13:30:06,0.0,0.00499999988824129,229.4873,2026-09-07 20:11:28,2026-09-07 16:15:05
NVDA,NVDA260925P00055000,NVDA,2026-09-25,P,55.0,0.0,0.0,0.03,4.0,1.7967,5.0,0.0,-0.0004,0.0,0.0008,-0.0031,0.0,0.0112,0.0,0.0,0.0,0.0,down,0.01,2026-08-27T14:55:51,0.0,0.00499999988824129,229.4873,2026-09-07 20:11:28,2026-09-07 16:15:05
NVDA,NVDA260925P00060000,NVDA,2026-09-25,P,60.0,0.0,0.0,0.01,4630.0,1.6896,620.0,620.0,-0.0005,0.0,0.0009,-0.0034,-0.0001,0.0127,0.0,0.01,0.01,0.01,no_change,0.01,2026-09-04T12:28:45,2.23517e-06,0.00499999988824129,229.4873,2026-09-07 20:11:28,2026-09-07 16:15:05
NVDA,NVDA260925P00065000,NVDA,2026-09-25,P,65.0,0.0,0.0,0.02,10.0,1.7314,766.0,766.0,-0.0006,0.0,0.001,-0.0038,-0.0001,0.0145,-0.005,0.01,0.02,0.01,no_change,0.01,2026-09-04T10:57:07,-33.3333,0.0149999996647239,229.4873,2026-09-07 20:11:28,2026-09-07 16:15:05
NVDA,NVDA260925P00070000,NVDA,2026-09-25,P,70.0,0.0,0.0,0.04,5.0,1.7059,195.0,0.0,-0.0006,0.0,0.0012,-0.0043,-0.0001,0.0164,0.0,0.0,0.0,0.0,up,0.02,2026-09-03T15:59:12,0.0,0.0199999995529652,229.4873,2026-09-07 20:11:28,2026-09-07 16:15:05
NVDA,NVDA260925P00075000,NVDA,2026-09-25,P,75.0,0.0,0.0,0.02,10.0,1.5413,0.0,0.0,-0.0008,0.0,0.0014,-0.0047,-0.0001,0.0185,0.0,0.0,0.0,0.0,no_change,0.0,,0.0,0.0149999996647239,229.4873,2026-09-07 20:11:28,2026-09-07 16:15:05
NVDA,NVDA260925P00080000,NVDA,2026-09-25,P,80.0,0.0,0.0,0.02,10.0,1.4558,10.0,0.0,-0.0009,0.0,0.0016,-0.0052,-0.0001,0.0208,0.0,0.0,0.0,0.0,down,0.03,2026-08-10T09:58:18,0.0,0.0149999996647239,229.4873,2026-09-07 20:11:28,2026-09-07 16:15:05
NVDA,NVDA260925P00085000,NVDA,2026-09-25,P,85.0,0.0,0.0,0.05,6.0,1.4379,30.0,30.0,-0.001,0.0,0.0019,-0.0058,-0.0001,0.0234,0.005,0.04,0.04,0.02,no_change,0.02,2026-09-04T10:43:11,33.3333,0.0249999994412065,229.4873,2026-09-07 20:11:28,2026-09-07 16:15:05
NVDA,NVDA260925P00090000,NVDA,2026-09-25,P,90.0,0.0,0.0,0.04,1.0,1.3591,0.0,0.0,-0.0012,0.0,0.0022,-0.0064,-0.0001,0.0263,0.0,0.0,0.0,0.0,down,0.03,2026-08-17T10:57:20,0.0,0.0299999993294477,229.4873,2026-09-07 20:11:28,2026-09-07 16:15:05
NVDA,NVDA260925P00095000,NVDA,2026-09-25,P,95.0,0.0,0.0,0.06,12.0,1.2843,71.0,50.0,-0.0014,0.0001,0.0025,-0.007,-0.0002,0.0296,0.015,0.02,0.04,0.02,no_change,0.04,2026-09-04T10:27:37,60.0,0.0299999993294477,229.4873,2026-09-07 20:11:28,2026-09-07 16:15:05
NVDA,NVDA260925P00100000,NVDA,2026-09-25,P,100.0,0.01,4.0,0.05,6.0,1.2342,364.0,0.0,-0.0016,0.0001,0.0029,-0.0077,-0.0002,0.0332,0.0,0.0,0.0,0.0,down,0.02,2026-09-03T11:21:12,0.0,0.0350000001490116,229.4873,2026-09-07 20:11:28,2026-09-07 16:15:05
NVDA,NVDA260925P00105000,NVDA,2026-09-25,P,105.0,0.01,5.0,0.05,50.0,1.1659,1683.0,1638.0,-0.0019,0.0001,0.0033,-0.0085,-0.0002,0.0372,0.005,0.05,0.05,0.04,no_change,0.04,2026-09-04T11:35:07,14.2857,0.0400000000372529,229.4873,2026-09-07 20:11:28,2026-09-07 16:15:05
NVDA,NVDA260925P00110000,NVDA,2026-09-25,P,110.0,0.02,3.0,0.07,7.0,1.1453,34.0,3.0,-0.0022,0.0001,0.0038,-0.0093,-0.0003,0.0415,0.01,0.05,0.05,0.05,no_change,0.05,2026-09-04T12:06:36,25.0,0.0449999989941716,229.4873,2026-09-07 20:11:28,2026-09-07 16:15:05
NVDA,NVDA260925P00115000,NVDA,2026-09-25,P,115.0,0.02,7.0,0.06,30.0,1.0807,3814.0,50.0,-0.0026,0.0001,0.0044,-0.0102,-0.0003,0.0465,0.02,0.06,0.06,0.06,up,0.06,2026-09-04T11:34:49,50.0,0.0499999988824129,229.4873,2026-09-07 20:11:28,2026-09-07 16:15:05
NVDA,NVDA260925P00120000,NVDA,2026-09-25,P,120.0,0.03,5.0,0.08,34.0,1.0402,8605.0,5601.0,-0.003,0.0002,0.005,-0.0111,-0.0004,0.0521,0.015,0.06,0.07,0.05,up,0.06,2026-09-04T14:10:20,33.3333,0.0600000005215406,229.4873,2026-09-07 20:11:28,2026-09-07 16:15:05
NVDA,NVDA260925P00125000,NVDA,2026-09-25,P,125.0,0.03,7.0,0.08,4.0,0.9888,4011.0,0.0,-0.0035,0.0002,0.0057,-0.0122,-0.0004,0.0584,0.0,0.0,0.0,0.0,down,0.05,2026-09-03T14:18:13,0.0,0.0600000005215406,229.4873,2026-09-07 20:11:28,2026-09-07 16:15:05
NVDA,NVDA260925P00130000,NVDA,2026-09-25,P,130.0,0.01,194.0,0.08,274.0,0.9382,314.0,2.0,-0.004,0.0002,0.0066,-0.0133,-0.0005,0.0655,0.02,0.08,0.08,0.08,no_change,0.08,2026-09-04T11:01:54,33.3333,0.0699999984353781,229.4873,2026-09-07 20:11:28,2026-09-07 16:15:05
NVDA,NVDA260925P00135000,NVDA,2026-09-25,P,135.0,0.05,5.0,0.09,137.0,0.8954,599.0,96.0,-0.0047,0.0003,0.0075,-0.0146,-0.0006,0.0736,0.02,0.08,0.09,0.08,up,0.09,2026-09-04T13:11:01,28.5714,0.080000001937151,229.4873,2026-09-07 20:11:28,2026-09-07 16:15:05
NVDA,NVDA260925P00140000,NVDA,2026-09-25,P,140.0,0.06,23.0,0.1,10.0,0.8517,1208.0,76.0,-0.0055,0.0003,0.0087,-0.016,-0.0007,0.0827,0.02,0.09,0.11,0.08,no_change,0.1,2026-09-04T14:22:28,25.0,0.0899999998509884,229.4873,2026-09-07 20:11:28,2026-09-07 16:15:05
NVDA,NVDA260925P00145000,NVDA,2026-09-25,P,145.0,0.05,32.0,0.11,43.0,0.8075,536.0,225.0,-0.0064,0.0004,0.01,-0.0175,-0.0008,0.0932,0.01,0.1,0.11,0.1,no_change,0.1,2026-09-04T10:53:58,11.1111,0.100000001490116,229.4873,2026-09-07 20:11:28,2026-09-07 16:15:05
NVDA,NVDA260925P00150000,NVDA,2026-09-25,P,150.0,0.1,40.0,0.12,83.0,0.7676,1922.0,608.0,-0.0075,0.0005,0.0115,-0.0192,-0.0009,0.1051,0.01,0.12,0.12,0.11,no_change,0.11,2026-09-04T13:51:39,10.0,0.109999999403954,229.4873,2026-09-07 20:11:28,2026-09-07 16:15:05
NVDA,NVDA260925P00155000,NVDA,2026-09-25,P,155.0,0.09,18.0,0.13,72.0,0.7187,296.0,31.0,-0.0088,0.0006,0.0133,-0.021,-0.0011,0.119,0.005,0.13,0.13,0.12,down,0.12,2026-09-04T15:33:14,4.34783,0.119999997317791,229.4873,2026-09-07 20:11:28,2026-09-07 16:15:05
NVDA,NVDA260925P00160000,NVDA,2026-09-25,P,160.0,0.11,17.0,0.15,13.0,0.6811,1793.0,187.0,-0.0105,0.0007,0.0154,-0.0231,-0.0013,0.1353,0.015,0.13,0.15,0.13,up,0.15,2026-09-04T12:32:50,11.1111,0.140000000596046,229.4873,2026-09-07 20:11:28,2026-09-07 16:15:05
NVDA,NVDA260925P00165000,NVDA,2026-09-25,P,165.0,0.13,138.0,0.17,16.0,0.6418,1512.0,179.0,-0.0125,0.0009,0.018,-0.0254,-0.0015,0.1545,0.005,0.16,0.18,0.15,no_change,0.16,2026-09-04T14:24:23,3.22581,0.160000003874302,229.4873,2026-09-07 20:11:28,2026-09-07 16:15:05
NVDA,NVDA260925P00170000,NVDA,2026-09-25,P,170.0,0.17,1.0,0.19,1.0,0.6038,1221.0,43.0,-0.015,0.0011,0.0212,-0.0281,-0.0018,0.1778,0.01,0.16,0.2,0.16,no_change,0.19,2026-09-04T15:31:20,5.55556,0.190000005066395,229.4873,2026-09-07 20:11:28,2026-09-07 16:15:05
NVDA,NVDA260925P00175000,NVDA,2026-09-25,P,175.0,0.19,122.0,0.22,106.0,0.5641,1934.0,285.0,-0.0182,0.0014,0.0249,-0.0312,-0.0022,0.2069,0.005,0.2,0.22,0.2,up,0.22,2026-09-04T15:43:47,2.32558,0.219999998807907,229.4873,2026-09-07 20:11:28,2026-09-07 16:15:05
NVDA,NVDA260925P00180000,NVDA,2026-09-25,P,180.0,0.23,102.0,0.26,68.0,0.5285,3830.0,930.0,-0.0223,0.0018,0.0298,-0.035,-0.0027,0.2442,-0.01,0.23,0.26,0.23,no_change,0.25,2026-09-04T15:50:17,-3.84616,0.260000005364418,229.4873,2026-09-07 20:11:28,2026-09-07 16:15:05
NVDA,NVDA260925P00185000,NVDA,2026-09-25,P,185.0,0.28,61.0,0.33,193.0,0.4911,7620.0,153.0,-0.028,0.0024,0.036,-0.0397,-0.0033,0.2949,-0.03,0.28,0.32,0.27,no_change,0.29,2026-09-04T15:58:27,-9.375,0.305000007152557,229.4873,2026-09-07 20:11:28,2026-09-07 16:15:05
NVDA,NVDA260925P00190000,NVDA,2026-09-25,P,190.0,0.35,1.0,0.4,52.0,0.459,9886.0,468.0,-0.0359,0.0031,0.0444,-0.0457,-0.0042,0.3647,-0.04,0.34,0.4,0.34,up,0.37,2026-09-04T15:59:09,-9.7561,0.375,229.4873,2026-09-07 20:11:28,2026-09-07 16:15:05
NVDA,NVDA260925P00195000,NVDA,2026-09-25,P,195.0,0.45,19.0,0.5,5.0,0.4274,2576.0,775.0,-0.0472,0.0042,0.0552,-0.0536,-0.0055,0.4674,-0.055,0.48,0.52,0.4,up,0.48,2026-09-04T15:56:19,-10.2804,0.480000004172325,229.4873,2026-09-07 20:11:28,2026-09-07 16:15:05
NVDA,NVDA260925P00200000,NVDA,2026-09-25,P,200.0,0.61,21.0,0.66,5.0,0.4006,9373.0,741.0,-0.0646,0.0057,0.0706,-0.0647,-0.0075,0.6312,-0.12,0.67,0.71,0.53,no_change,0.62,2026-09-04T15:59:45,-16.2162,0.644999980926514,229.4873,2026-09-07 20:11:28,2026-09-07 16:15:05
NVDA,NVDA260925P00205000,NVDA,2026-09-25,P,205.0,0.88,9.0,0.92,8.0,0.3769,4495.0,687.0,-0.0915,0.0079,0.0917,-0.0802,-0.0105,0.9019,-0.2,0.87,0.95,0.72,down,0.87,2026-09-04T15:59:36,-18.6916,0.91499999165535,229.4873,2026-09-07 20:11:28,2026-09-07 16:15:05
NVDA,NVDA260925P00210000,NVDA,2026-09-25,P,210.0,1.3,26.0,1.39,8.0,0.3594,10397.0,2331.0,-0.1322,0.0108,0.1193,-0.1004,-0.0151,1.3491,-0.26,1.29,1.45,1.06,down,1.34,2026-09-04T15:59:58,-16.25,1.37000000476837,229.4873,2026-09-07 20:11:28,2026-09-07 16:15:05
NVDA,NVDA260925P00215000,NVDA,2026-09-25,P,215.0,2.02,29.0,2.1,2.0,0.3451,5533.0,4547.0,-0.1917,0.0143,0.1516,-0.1243,-0.0214,2.0763,-0.33,2.17,2.2,1.6,no_change,2.09,2026-09-04T15:59:22,-13.6364,2.10500001907349,229.4873,2026-09-07 20:11:28,2026-09-07 16:15:05
NVDA,NVDA260925P00220000,NVDA,2026-09-25,P,220.0,3.1,28.0,3.25,21.0,0.3375,10023.0,3834.0,-0.2704,0.0178,0.1829,-0.1476,-0.0295,3.1744,-0.45,3.35,3.4,2.4,up,3.2,2026-09-04T15:59:47,-12.3288,3.25,229.4873,2026-09-07 20:11:28,2026-09-07 16:15:05
NVDA,NVDA260925P00225000,NVDA,2026-09-25,P,225.0,4.65,19.0,4.8,4.0,0.3284,1788.0,872.0,-0.3674,0.0208,0.2081,-0.1656,-0.0388,4.7612,-0.57,4.46,5.0,3.65,no_change,4.78,2026-09-04T15:59:52,-10.6542,4.85000014305115,229.4873,2026-09-07 20:11:28,2026-09-07 16:15:05
NVDA,NVDA260925P00230000,NVDA,2026-09-25,P,230.0,6.75,20.0,7.0,78.0,0.3236,3378.0,4201.0,-0.4764,0.0224,0.2196,-0.1733,-0.0486,6.9053,-0.6,6.55,7.2,5.2,up,7.0,2026-09-04T15:59:59,-7.89474,7.02499985694885,229.4873,2026-09-07 20:11:28,2026-09-07 16:15:05
NVDA,NVDA260925P00235000,NVDA,2026-09-25,P,235.0,9.45,33.0,9.75,45.0,0.3184,542.0,1323.0,-0.5883,0.0223,0.2145,-0.1685,-0.056,9.6427,-0.805,9.55,10.05,7.58,up,9.62,2026-09-04T15:59:25,-7.72182,9.77500009536743,229.4873,2026-09-07 20:11:28,2026-09-07 16:15:05
NVDA,NVDA260925P00240000,NVDA,2026-09-25,P,240.0,12.75,21.0,13.05,30.0,0.3159,335.0,416.0,-0.6934,0.0205,0.1939,-0.1524,-0.0606,12.9502,-0.88,12.8,13.37,10.5,up,12.87,2026-09-04T15:58:37,-6.4,13.0250000953674,229.4873,2026-09-07 20:11:28,2026-09-07 16:15:05
NVDA,NVDA260925P00245000,NVDA,2026-09-25,P,245.0,16.3,84.0,16.9,6.0,0.3077,27.0,26.0,-0.7837,0.0174,0.1619,-0.1288,-0.0615,16.7684,-0.7,17.05,17.05,13.95,up,16.95,2026-09-04T13:54:56,-3.96601,16.8999996185303,229.4873,2026-09-07 20:11:28,2026-09-07 16:15:05
NVDA,NVDA260925P00250000,NVDA,2026-09-25,P,250.0,20.45,72.0,21.15,21.0,0.3037,96.0,43.0,-0.8547,0.0138,0.1268,-0.1029,-0.058,20.9973,-0.85,18.5,21.3,17.75,up,21.3,2026-09-04T15:23:09,-3.83747,21.1999998092651,229.4873,2026-09-07 20:11:28,2026-09-07 16:15:05
NVDA,NVDA260925P00255000,NVDA,2026-09-25,P,255.0,25.0,40.0,27.05,55.0,0.3002,94.0,4.0,-0.9055,0.0104,0.0925,-0.0788,-0.0504,25.5327,-1.26,22.0,25.39,22.0,up,25.39,2026-09-04T13:43:57,-4.72796,25.6500005722046,229.4873,2026-09-07 20:11:28,2026-09-07 16:15:05
NVDA,NVDA260925P00260000,NVDA,2026-09-25,P,260.0,29.7,11.0,30.4,2.0,0.2913,96.0,0.0,-0.9392,0.0074,0.066,-0.0589,-0.0445,30.2673,0.0,0.0,0.0,0.0,down,42.83,2026-09-01T10:02:25,0.0,30.375,229.4873,2026-09-07 20:11:28,2026-09-07 16:15:05
NVDA,NVDA260925P00265000,NVDA,2026-09-25,P,265.0,34.55,11.0,35.6,11.0,0.3342,50.0,0.0,-0.9603,0.0053,0.0469,-0.0439,-0.0393,35.1185,0.0,0.0,0.0,0.0,up,38.4,2026-08-27T14:43:32,0.0,35.2000007629394,229.4873,2026-09-07 20:11:28,2026-09-07 16:15:05
NVDA,NVDA260925P00270000,NVDA,2026-09-25,P,270.0,36.6,57.0,42.45,54.0,0.0,5.0,1.0,-0.9735,0.0037,0.0343,-0.033,-0.0358,40.0332,-1.175,39.6,39.6,39.6,down,39.6,2026-09-04T11:57:41,-2.88167,40.1000003814697,229.4873,2026-09-07 20:11:28,2026-09-07 16:15:05
NVDA,NVDA260925P00275000,NVDA,2026-09-25,P,275.0,40.9,10.0,48.85,1.0,0.3083,0.0,0.0,-0.9818,0.0027,0.0248,-0.025,-0.0334,44.9834,0.0,0.0,0.0,0.0,up,49.5,2026-08-28T11:08:34,0.0,45.1749992370606,229.4873,2026-09-07 20:11:28,2026-09-07 16:15:05
NVDA,NVDA260925P00280000,NVDA,2026-09-25,P,280.0,45.0,12.0,53.8,52.0,0.0,0.0,0.0,-0.9871,0.0019,0.018,-0.0193,-0.0305,49.9518,0.0,0.0,0.0,0.0,up,60.73,2026-08-28T13:06:43,0.0,50.125,229.4873,2026-09-07 20:11:28,2026-09-07 16:15:05
NVDA,NVDA260925P00285000,NVDA,2026-09-25,P,285.0,50.0,55.0,57.75,51.0,0.0,0.0,0.0,-0.9907,0.0014,0.0137,-0.0151,-0.0303,54.9309,0.0,0.0,0.0,0.0,down,68.63,2026-08-20T11:46:19,0.0,55.0750007629394,229.4873,2026-09-07 20:11:28,2026-09-07 16:15:05
NVDA,NVDA260925P00290000,NVDA,2026-09-25,P,290.0,55.0,2.0,63.65,10.0,0.0,0.0,0.0,-0.9931,0.0011,0.0104,-0.0119,-0.0282,59.9163,0.0,0.0,0.0,0.0,down,64.9,2026-08-17T15:53:30,0.0,60.1000003814697,229.4873,2026-09-07 20:11:28,2026-09-07 16:15:05
NVDA,NVDA260925P00295000,NVDA,2026-09-25,P,295.0,60.0,12.0,68.75,10.0,0.0,0.0,0.0,-0.9948,0.0008,0.0079,-0.0095,-0.0282,64.9059,0.0,0.0,0.0,0.0,no_change,0.0,,0.0,65.1000003814697,229.4873,2026-09-07 20:11:28,2026-09-07 16:15:05
NVDA,NVDA260925P00300000,NVDA,2026-09-25,P,300.0,65.0,11.0,73.75,10.0,0.0,0.0,0.0,-0.9961,0.0006,0.0066,-0.0076,-0.0287,69.8976,0.0,0.0,0.0,0.0,up,79.85,2026-08-28T13:34:24,0.0,70.0,229.4873,2026-09-07 20:11:28,2026-09-07 16:15:05
NVDA,NVDA260925P00305000,NVDA,2026-09-25,P,305.0,70.0,12.0,78.75,10.0,0.0,0.0,0.0,-0.997,0.0005,0.0047,-0.0062,-0.0274,74.8916,0.0,0.0,0.0,0.0,no_change,0.0,,0.0,75.0,229.4873,2026-09-07 20:11:28,2026-09-07 16:15:05
NVDA,NVDA260925P00310000,NVDA,2026-09-25,P,310.0,75.0,12.0,83.75,10.0,0.0,0.0,0.0,-0.9976,0.0004,0.0038,-0.0051,-0.0276,79.8867,0.0,0.0,0.0,0.0,no_change,0.0,,0.0,80.0249977111816,229.4873,2026-09-07 20:11:28,2026-09-07 16:15:05
NVDA,NVDA260925P00315000,NVDA,2026-09-25,P,315.0,80.55,10.0,88.75,10.0,0.0,0.0,0.0,-0.9981,0.0003,0.0033,-0.0042,-0.028,84.8823,0.0,0.0,0.0,0.0,no_change,0.0,,0.0,85.1749992370606,229.4873,2026-09-07 20:11:28,2026-09-07 16:15:05
NVDA,NVDA260925P00320000,NVDA,2026-09-25,P,320.0,85.0,12.0,93.75,10.0,0.0,0.0,0.0,-0.9985,0.0002,0.0026,-0.0034,-0.0274,89.8787,0.0,0.0,0.0,0.0,no_change,0.0,,0.0,89.9749984741211,229.4873,2026-09-07 20:11:28,2026-09-07 16:15:05
NVDA,NVDA260925P00325000,NVDA,2026-09-25,P,325.0,90.0,12.0,98.75,10.0,0.0,1.0,1.0,-0.9988,0.0002,0.0019,-0.0029,-0.0278,94.8756,-3.1,93.0,93.0,93.0,down,93.0,2026-09-04T11:33:47,-3.2258,94.8249969482422,229.4873,2026-09-07 20:11:28,2026-09-07 16:15:05
NVDA,NVDA260925P00330000,NVDA,2026-09-25,P,330.0,95.3,51.0,103.75,52.0,0.0,0.0,0.0,-0.999,0.0001,0.0017,-0.0024,-0.0282,99.8727,0.0,0.0,0.0,0.0,no_change,0.0,,0.0,100.025001525879,229.4873,2026-09-07 20:11:28,2026-09-07 16:15:05
NVDA,NVDA260925P00335000,NVDA,2026-09-25,P,335.0,100.0,12.0,108.75,10.0,0.0,0.0,0.0,-0.9992,0.0001,0.0015,-0.002,-0.0286,104.87,0.0,0.0,0.0,0.0,no_change,0.0,,0.0,104.849998474121,229.4873,2026-09-07 20:11:28,2026-09-07 16:15:05
NVDA,NVDA260925P00340000,NVDA,2026-09-25,P,340.0,105.5,10.0,113.75,1.0,0.0,0.0,0.0,-0.9993,0.0001,0.0013,-0.0017,-0.0285,109.8675,0.0,0.0,0.0,0.0,no_change,0.0,,0.0,109.974998474121,229.4873,2026-09-07 20:11:28,2026-09-07 16:15:05
NVDA,NVDA260925P00345000,NVDA,2026-09-25,P,345.0,110.35,10.0,118.75,52.0,0.0,0.0,0.0,-0.9994,0.0001,0.001,-0.0015,-0.0288,114.8653,0.0,0.0,0.0,0.0,no_change,0.0,,0.0,114.825000762939,229.4873,2026-09-07 20:11:28,2026-09-07 16:15:05
NVDA,NVDA260925P00350000,NVDA,2026-09-25,P,350.0,116.25,1.0,122.6,10.0,0.0,1.0,2.0,-0.9995,0.0001,0.0008,-0.0013,-0.0293,119.8631,-1.65,117.0,118.95,117.0,up,118.95,2026-09-04T13:08:31,-1.36816,119.825000762939,229.4873,2026-09-07 20:11:28,2026-09-07 16:15:05
NVDA,NVDA260925P00360000,NVDA,2026-09-25,P,360.0,125.5,10.0,133.75,10.0,0.0,0.0,0.0,-0.9997,0.0,0.0006,-0.0009,-0.03,129.8588,0.0,0.0,0.0,0.0,no_change,0.0,,0.0,130.075000762939,229.4873,2026-09-07 20:11:28,2026-09-07 16:15:05
NVDA,NVDA260925P00370000,NVDA,2026-09-25,P,370.0,135.5,10.0,143.75,10.0,0.0,0.0,0.0,-0.9998,0.0,0.0005,-0.0007,-0.0306,139.8548,0.0,0.0,0.0,0.0,no_change,0.0,,0.0,139.949996948242,229.4873,2026-09-07 20:11:28,2026-09-07 16:15:05
NVDA,NVDA260925P00380000,NVDA,2026-09-25,P,380.0,145.65,10.0,153.75,10.0,0.0,0.0,0.0,-0.9998,0.0,0.0003,-0.0005,-0.0314,149.851,0.0,0.0,0.0,0.0,no_change,0.0,,0.0,149.924995422363,229.4873,2026-09-07 20:11:28,2026-09-07 16:15:05
NVDA,NVDA260925P00390000,NVDA,2026-09-25,P,390.0,155.7,10.0,163.75,10.0,0.0,0.0,0.0,-0.9999,0.0,0.0002,-0.0004,-0.0322,159.8472,0.0,0.0,0.0,0.0,no_change,0.0,,0.0,159.949996948242,229.4873,2026-09-07 20:11:28,2026-09-07 16:15:05
NVDA,NVDA261002C00050000,NVDA,2026-10-02,C,50.0,176.4,2.0,185.0,2.0,2.1694,0.0,0.0,0.9999,0.0,0.0002,-0.001,0.0035,180.2782,0.0,0.0,0.0,0.0,no_change,0.0,,0.0,180.174995422363,229.4873,2026-09-07 20:11:28,2026-09-07 16:15:05
NVDA,NVDA261002C00055000,NVDA,2026-10-02,C,55.0,171.35,51.0,180.0,2.0,1.922,0.0,0.0,0.9998,0.0,0.0003,-0.0015,0.0038,175.2802,0.0,0.0,0.0,0.0,no_change,0.0,,0.0,175.150001525879,229.4873,2026-09-07 20:11:28,2026-09-07 16:15:05
NVDA,NVDA261002C00060000,NVDA,2026-10-02,C,60.0,166.4,1.0,175.0,2.0,1.8855,1.0,0.0,0.9997,0.0,0.0006,-0.0021,0.0056,170.2829,0.0,0.0,0.0,0.0,up,164.85,2026-08-27T10:23:42,0.0,170.174995422363,229.4873,2026-09-07 20:11:28,2026-09-07 16:15:05
NVDA,NVDA261002C00065000,NVDA,2026-10-02,C,65.0,161.4,2.0,169.65,2.0,1.7592,0.0,0.0,0.9996,0.0,0.0007,-0.0028,0.0061,165.2859,0.0,0.0,0.0,0.0,no_change,0.0,,0.0,165.199996948242,229.4873,2026-09-07 20:11:28,2026-09-07 16:15:05
NVDA,NVDA261002C00070000,NVDA,2026-10-02,C,70.0,156.4,2.0,165.0,2.0,1.641,0.0,0.0,0.9995,0.0,0.0011,-0.0037,0.0096,160.2901,0.0,0.0,0.0,0.0,no_change,0.0,,0.0,160.199996948242,229.4873,2026-09-07 20:11:28,2026-09-07 16:15:05
NVDA,NVDA261002C00075000,NVDA,2026-10-02,C,75.0,151.45,1.0,159.85,1.0,1.5914,0.0,0.0,0.9992,0.0,0.0016,-0.0046,0.0156,155.2954,0.0,0.0,0.0,0.0,no_change,0.0,,0.0,155.224998474121,229.4873,2026-09-07 20:11:28,2026-09-07 16:15:05
NVDA,NVDA261002C00080000,NVDA,2026-10-02,C,80.0,146.4,51.0,155.0,2.0,1.4261,0.0,0.0,0.999,0.0,0.0022,-0.0056,0.0243,150.3026,0.0,0.0,0.0,0.0,no_change,0.0,,0.0,150.199996948242,229.4873,2026-09-07 20:11:28,2026-09-07 16:15:05
NVDA,NVDA261002C00085000,NVDA,2026-10-02,C,85.0,141.45,52.0,150.0,51.0,1.4291,5.0,0.0,0.9986,0.0001,0.0028,-0.0064,0.039,145.3133,0.0,0.0,0.0,0.0,no_change,131.87,2026-08-20T11:34:47,0.0,145.224998474121,229.4873,2026-09-07 20:11:28,2026-09-07 16:15:05
NVDA,NVDA261002C00090000,NVDA,2026-10-02,C,90.0,136.5,51.0,145.0,51.0,1.3672,1.0,0.0,0.9983,0.0001,0.0034,-0.0068,0.0656,140.3296,0.0,0.0,0.0,0.0,up,135.57,2026-08-28T10:53:02,0.0,140.275001525879,229.4873,2026-09-07 20:11:28,2026-09-07 16:15:05
NVDA,NVDA261002C00095000,NVDA,2026-10-02,C,95.0,131.5,51.0,140.0,51.0,1.3047,0.0,0.0,0.998,0.0001,0.0038,-0.0074,0.0697,135.3503,0.0,0.0,0.0,0.0,no_change,0.0,,0.0,135.275001525879,229.4873,2026-09-07 20:11:28,2026-09-07 16:15:05
NVDA,NVDA261002C00100000,NVDA,2026-10-02,C,100.0,126.5,52.0,135.0,51.0,1.2127,30.0,0.0,0.9977,0.0001,0.0044,-0.0081,0.0733,130.3716,0.0,0.0,0.0,0.0,up,129.18,2026-09-03T14:02:24,0.0,130.275001525879,229.4873,2026-09-07 20:11:28,2026-09-07 16:15:05
NVDA,NVDA261002C00105000,NVDA,2026-10-02,C,105.0,121.55,52.0,130.0,51.0,1.1858,0.0,0.0,0.9974,0.0001,0.005,-0.0088,0.0769,125.3934,0.0,0.0,0.0,0.0,no_change,0.0,,0.0,125.275001525879,229.4873,2026-09-07 20:11:28,2026-09-07 16:15:05
NVDA,NVDA261002C00110000,NVDA,2026-10-02,C,110.0,116.55,1.0,125.0,2.0,1.1033,2.0,0.0,0.997,0.0001,0.0057,-0.0096,0.0806,120.4158,0.0,0.0,0.0,0.0,up,102.03,2026-08-26T13:54:54,0.0,120.175003051758,229.4873,2026-09-07 20:11:28,2026-09-07 16:15:05
NVDA,NVDA261002C00115000,NVDA,2026-10-02,C,115.0,111.6,51.0,119.65,51.0,1.0742,0.0,0.0,0.9965,0.0002,0.0065,-0.0105,0.0842,115.439,0.0,0.0,0.0,0.0,up,113.0,2026-09-02T11:49:37,0.0,115.25,229.4873,2026-09-07 20:11:28,2026-09-07 16:15:05
NVDA,NVDA261002C00120000,NVDA,2026-10-02,C,120.0,106.6,52.0,114.9,51.0,1.04,9.0,8.0,0.996,0.0002,0.0074,-0.0114,0.0878,110.463,1.97,111.32,111.32,111.32,up,111.32,2026-09-04T13:09:35,1.80155,110.224998474121,229.4873,2026-09-07 20:11:28,2026-09-07 16:15:05
NVDA,NVDA261002C00125000,NVDA,2026-10-02,C,125.0,101.7,51.0,109.75,51.0,1.0449,1.0,0.0,0.9954,0.0002,0.0084,-0.0124,0.0913,105.488,0.0,0.0,0.0,0.0,down,94.76,2026-08-18T12:07:06,0.0,105.274997711182,229.4873,2026-09-07 20:11:28,2026-09-07 16:15:05
NVDA,NVDA261002C00130000,NVDA,2026-10-02,C,130.0,96.95,55.0,103.2,55.0,0.0,1.0,1.0,0.9947,0.0003,0.0096,-0.0136,0.0949,100.5142,2.64,102.24,102.24,102.24,up,102.24,2026-09-04T09:36:08,2.6506,99.2750015258789,229.4873,2026-09-07 20:11:28,2026-09-07 16:15:05
NVDA,NVDA261002C00135000,NVDA,2026-10-02,C,135.0,91.65,52.0,99.75,51.0,0.8523,2.0,0.0,0.9938,0.0003,0.011,-0.0148,0.0984,95.5417,0.0,0.0,0.0,0.0,down,84.24,2026-08-31T10:02:00,0.0,95.2999992370606,229.4873,2026-09-07 20:11:28,2026-09-07 16:15:05
NVDA,NVDA261002C00140000,NVDA,2026-10-02,C,140.0,86.7,56.0,92.85,55.0,0.0,11.0,0.0,0.9928,0.0004,0.0126,-0.0162,0.1019,90.5708,0.0,0.0,0.0,0.0,up,87.5,2026-09-02T12:28:20,0.0,89.2249984741211,229.4873,2026-09-07 20:11:28,2026-09-07 16:15:05
NVDA,NVDA261002C00145000,NVDA,2026-10-02,C,145.0,81.75,10.0,89.9,10.0,0.7732,0.0,0.0,0.9916,0.0005,0.0145,-0.0177,0.1054,85.6018,0.0,0.0,0.0,0.0,no_change,0.0,,0.0,85.375,229.4873,2026-09-07 20:11:28,2026-09-07 16:15:05
NVDA,NVDA261002C00150000,NVDA,2026-10-02,C,150.0,76.8,1.0,84.9,10.0,0.7386,97.0,1.0,0.9902,0.0006,0.0167,-0.0193,0.1088,80.6352,1.125,80.75,80.75,80.75,up,80.75,2026-09-04T15:52:11,1.41287,80.2750015258789,229.4873,2026-09-07 20:11:28,2026-09-07 16:15:05
NVDA,NVDA261002C00155000,NVDA,2026-10-02,C,155.0,72.25,51.0,77.2,51.0,0.0,17.0,0.0,0.9885,0.0007,0.0193,-0.0212,0.1122,75.6713,0.0,0.0,0.0,0.0,up,71.98,2026-09-03T11:36:00,0.0,74.3499984741211,229.4873,2026-09-07 20:11:28,2026-09-07 16:15:05
NVDA,NVDA261002C00160000,NVDA,2026-10-02,C,160.0,67.3,57.0,74.7,51.0,0.7169,41.0,5.0,0.9864,0.0009,0.0223,-0.0232,0.1155,70.7108,3.995,73.65,73.65,72.82,down,72.82,2026-09-04T11:24:24,5.80458,70.8499984741211,229.4873,2026-09-07 20:11:28,2026-09-07 16:15:05
NVDA,NVDA261002C00165000,NVDA,2026-10-02,C,165.0,61.9,10.0,69.95,10.0,0.6106,10.0,0.0,0.9838,0.0011,0.0259,-0.0255,0.1188,65.7548,0.0,0.0,0.0,0.0,up,65.0,2026-09-03T13:40:39,0.0,66.4000015258789,229.4873,2026-09-07 20:11:28,2026-09-07 16:15:05
NVDA,NVDA261002C00170000,NVDA,2026-10-02,C,170.0,57.0,51.0,66.0,55.0,0.6066,43.0,3.0,0.9807,0.0013,0.0303,-0.0281,0.1219,60.8045,2.505,63.73,63.73,63.73,up,63.73,2026-09-04T11:41:22,4.09147,61.8250007629394,229.4873,2026-09-07 20:11:28,2026-09-07 16:15:05
NVDA,NVDA261002C00175000,NVDA,2026-10-02,C,175.0,53.15,292.0,59.8,168.0,0.6409,109.0,15.0,0.9766,0.0017,0.0356,-0.0312,0.1249,55.8625,0.57,59.35,59.35,55.77,down,55.77,2026-09-04T15:48:13,1.03261,55.5499992370606,229.4873,2026-09-07 20:11:28,2026-09-07 16:15:05
NVDA,NVDA261002C00180000,NVDA,2026-10-02,C,180.0,50.3,147.0,51.55,94.0,0.4846,148.0,16.0,0.9713,0.0021,0.0423,-0.0349,0.1276,50.9331,1.19,53.65,53.93,50.7,up,50.89,2026-09-04T15:04:25,2.39437,50.5750007629394,229.4873,2026-09-07 20:11:28,2026-09-07 16:15:05
NVDA,NVDA261002C00185000,NVDA,2026-10-02,C,185.0,42.6,52.0,49.95,52.0,0.5011,104.0,14.0,0.9641,0.0027,0.0511,-0.0397,0.13,46.0247,2.725,48.75,48.75,47.43,up,47.45,2026-09-04T13:32:05,6.09279,45.625,229.4873,2026-09-07 20:11:28,2026-09-07 16:15:05
NVDA,NVDA261002C00190000,NVDA,2026-10-02,C,190.0,40.7,64.0,41.95,91.0,0.4564,248.0,32.0,0.9538,0.0035,0.0627,-0.0461,0.1319,41.1513,0.825,44.24,44.49,40.85,down,40.85,2026-09-04T15:31:26,2.06121,40.9749984741211,229.4873,2026-09-07 20:11:28,2026-09-07 16:15:05
NVDA,NVDA261002C00195000,NVDA,2026-10-02,C,195.0,36.0,50.0,36.75,21.0,0.4114,180.0,15.0,0.9387,0.0046,0.0783,-0.0548,0.1329,36.3359,2.45,37.05,40.49,37.05,down,37.6,2026-09-04T12:57:38,6.97013,36.2000007629394,229.4873,2026-09-07 20:11:28,2026-09-07 16:15:05
NVDA,NVDA261002C00200000,NVDA,2026-10-02,C,200.0,31.2,85.0,32.0,43.0,0.3849,402.0,142.0,0.9166,0.0062,0.0989,-0.0663,0.1327,31.6129,1.65,32.05,35.82,31.0,no_change,32.25,2026-09-04T15:52:56,5.39216,31.5250005722046,229.4873,2026-09-07 20:11:28,2026-09-07 16:15:05
NVDA,NVDA261002C00205000,NVDA,2026-10-02,C,205.0,26.9,20.0,27.35,11.0,0.3774,391.0,74.0,0.8849,0.0082,0.125,-0.0809,0.1307,27.0302,1.22,29.0,31.0,27.17,down,27.17,2026-09-04T15:58:20,4.70135,26.9499998092651,229.4873,2026-09-07 20:11:28,2026-09-07 16:15:05
NVDA,NVDA261002C00210000,NVDA,2026-10-02,C,210.0,22.5,32.0,23.05,21.0,0.3645,1642.0,143.0,0.8408,0.0106,0.1556,-0.0979,0.1264,22.6508,1.28,23.95,26.6,22.35,up,22.98,2026-09-04T15:57:36,5.89862,22.4499998092651,229.4873,2026-09-07 20:11:28,2026-09-07 16:15:05
NVDA,NVDA261002C00215000,NVDA,2026-10-02,C,215.0,18.35,41.0,18.95,58.0,0.3513,1774.0,236.0,0.7826,0.0133,0.1883,-0.1158,0.1196,18.5542,1.15,19.51,22.45,17.9,up,18.9,2026-09-04T15:57:36,6.47887,18.4750003814697,229.4873,2026-09-07 20:11:28,2026-09-07 16:15:05
NVDA,NVDA261002C00220000,NVDA,2026-10-02,C,220.0,14.75,81.0,15.25,113.0,0.3465,2222.0,1409.0,0.7097,0.0158,0.2189,-0.1325,0.1098,14.8315,0.75,14.72,18.5,14.69,down,14.85,2026-09-04T15:58:43,5.31915,14.7000002861023,229.4873,2026-09-07 20:11:28,2026-09-07 16:15:05
NVDA,NVDA261002C00225000,NVDA,2026-10-02,C,225.0,11.5,40.0,11.8,47.0,0.3377,5216.0,874.0,0.6247,0.0177,0.242,-0.145,0.0978,11.564,0.955,12.1,14.95,11.3,down,11.88,2026-09-04T15:55:32,8.74142,11.4250001907349,229.4873,2026-09-07 20:11:28,2026-09-07 16:15:05
NVDA,NVDA261002C00230000,NVDA,2026-10-02,C,230.0,8.75,1.0,9.05,83.0,0.3327,8732.0,2817.0,0.5326,0.0188,0.2535,-0.1509,0.0841,8.7893,0.6,9.2,11.6,8.56,no_change,8.8,2026-09-04T15:59:09,7.31708,8.625,229.4873,2026-09-07 20:11:28,2026-09-07 16:15:05
NVDA,NVDA261002C00235000,NVDA,2026-10-02,C,235.0,6.4,42.0,6.6,10.0,0.3293,7651.0,9035.0,0.4395,0.0187,0.2514,-0.1486,0.0698,6.4988,0.505,6.8,8.85,6.3,no_change,6.48,2026-09-04T15:59:57,8.45188,6.375,229.4873,2026-09-07 20:11:28,2026-09-07 16:15:05
NVDA,NVDA261002C00240000,NVDA,2026-10-02,C,240.0,4.55,24.0,4.8,30.0,0.3258,5872.0,5764.0,0.3505,0.0177,0.2366,-0.1386,0.056,4.6654,0.4,4.95,6.62,4.4,down,4.65,2026-09-04T15:59:53,9.41177,4.54999995231628,229.4873,2026-09-07 20:11:28,2026-09-07 16:15:05
NVDA,NVDA261002C00245000,NVDA,2026-10-02,C,245.0,3.2,10.0,3.35,12.0,0.3271,9771.0,5931.0,0.2701,0.0158,0.2116,-0.1228,0.0433,3.257,0.3,3.25,4.82,3.15,up,3.25,2026-09-04T15:59:56,10.1695,3.20000004768372,229.4873,2026-09-07 20:11:28,2026-09-07 16:15:05
NVDA,NVDA261002C00250000,NVDA,2026-10-02,C,250.0,2.2,134.0,2.3,33.0,0.3268,33359.0,9902.0,0.2016,0.0135,0.1805,-0.104,0.0324,2.221,0.23,2.33,3.49,2.07,up,2.23,2026-09-04T15:59:34,11.5,2.19000005722046,229.4873,2026-09-07 20:11:28,2026-09-07 16:15:05
NVDA,NVDA261002C00255000,NVDA,2026-10-02,C,255.0,1.49,10.0,1.57,93.0,0.3297,2611.0,923.0,0.1479,0.011,0.1488,-0.0855,0.0238,1.5106,0.275,1.5,2.43,1.46,up,1.62,2026-09-04T15:54:46,20.4461,1.49000000953674,229.4873,2026-09-07 20:11:28,2026-09-07 16:15:05
NVDA,NVDA261002C00260000,NVDA,2026-10-02,C,260.0,1.01,84.0,1.2,1.0,0.3339,5619.0,1251.0,0.1074,0.0087,0.1194,-0.0689,0.0173,1.032,0.13,1.08,1.7,0.94,down,1.04,2026-09-04T15:59:33,14.2857,1.01999998092651,229.4873,2026-09-07 20:11:28,2026-09-07 16:15:05
NVDA,NVDA261002C00265000,NVDA,2026-10-02,C,265.0,0.69,87.0,0.76,95.0,0.34,1209.0,815.0,0.0784,0.0067,0.095,-0.0553,0.0126,0.7198,0.135,0.61,1.19,0.61,up,0.75,2026-09-04T15:55:00,21.9512,0.700000017881394,229.4873,2026-09-07 20:11:28,2026-09-07 16:15:05
NVDA,NVDA261002C00270000,NVDA,2026-10-02,C,270.0,0.49,99.0,0.53,42.0,0.3465,1778.0,652.0,0.0579,0.0052,0.0755,-0.0446,0.0093,0.5155,0.08,0.51,0.83,0.49,up,0.51,2026-09-04T15:58:56,18.6047,0.504999995231628,229.4873,2026-09-07 20:11:28,2026-09-07 16:15:05
NVDA,NVDA261002C00275000,NVDA,2026-10-02,C,275.0,0.35,93.0,0.4,92.0,0.3571,4909.0,4237.0,0.0436,0.004,0.0603,-0.0363,0.007,0.3794,0.06,0.32,0.6,0.32,no_change,0.37,2026-09-04T15:40:36,19.3548,0.370000004768372,229.4873,2026-09-07 20:11:28,2026-09-07 16:15:05
NVDA,NVDA261002C00280000,NVDA,2026-10-02,C,280.0,0.27,65.0,0.3,122.0,0.3683,2078.0,304.0,0.0333,0.0031,0.0485,-0.0298,0.0053,0.2857,0.04,0.24,0.44,0.24,down,0.27,2026-09-04T15:59:38,17.3913,0.285000011324882,229.4873,2026-09-07 20:11:28,2026-09-07 16:15:05
NVDA,NVDA261002C00285000,NVDA,2026-10-02,C,285.0,0.2,72.0,0.24,121.0,0.3796,506.0,52.0,0.0258,0.0025,0.0394,-0.0248,0.0041,0.2198,0.045,0.19,0.35,0.19,down,0.22,2026-09-04T14:46:19,25.7143,0.224999994039536,229.4873,2026-09-07 20:11:28,2026-09-07 16:15:05
NVDA,NVDA261002C00290000,NVDA,2026-10-02,C,290.0,0.17,1.0,0.19,96.0,0.3934,782.0,101.0,0.0203,0.002,0.0322,-0.0207,0.0032,0.1722,0.03,0.2,0.29,0.17,down,0.17,2026-09-04T15:30:50,21.4286,0.179999999701977,229.4873,2026-09-07 20:11:28,2026-09-07 16:15:05
NVDA,NVDA261002C00295000,NVDA,2026-10-02,C,295.0,0.12,54.0,0.16,54.0,0.4035,289.0,51.0,0.0162,0.0016,0.0266,-0.0175,0.0026,0.1371,0.05,0.22,0.22,0.14,no_change,0.16,2026-09-04T15:30:41,45.4545,0.149999998509884,229.4873,2026-09-07 20:11:28,2026-09-07 16:15:05
NVDA,NVDA261002C00300000,NVDA,2026-10-02,C,300.0,0.1,96.0,0.13,94.0,0.4156,1727.0,308.0,0.0132,0.0013,0.0223,-0.015,0.0021,0.1118,0.05,0.09,0.2,0.09,up,0.13,2026-09-04T14:57:02,62.5,0.119999997317791,229.4873,2026-09-07 20:11:28,2026-09-07 16:15:05
NVDA,NVDA261002C00305000,NVDA,2026-10-02,C,305.0,0.08,75.0,0.11,110.0,0.4275,148.0,41.0,0.0108,0.001,0.0188,-0.0129,0.0017,0.0916,0.06,0.14,0.14,0.09,up,0.12,2026-09-04T14:53:23,100.0,0.100000001490116,229.4873,2026-09-07 20:11:28,2026-09-07 16:15:05
NVDA,NVDA261002C00310000,NVDA,2026-10-02,C,310.0,0.06,74.0,0.09,100.0,0.4363,59.0,75.0,0.009,0.0009,0.0159,-0.0112,0.0014,0.0762,0.04,0.05,0.12,0.05,up,0.09,2026-09-04T15:00:43,80.0,0.080000001937151,229.4873,2026-09-07 20:11:28,2026-09-07 16:15:05
NVDA,NVDA261002C00315000,NVDA,2026-10-02,C,315.0,0.05,81.0,0.08,54.0,0.4496,86.0,11.0,0.0075,0.0007,0.0136,-0.0098,0.0012,0.064,0.03,0.07,0.08,0.06,down,0.07,2026-09-04T14:57:02,75.0,0.0699999984353781,229.4873,2026-09-07 20:11:28,2026-09-07 16:15:05
NVDA,NVDA261002C00320000,NVDA,2026-10-02,C,320.0,0.04,19.0,0.07,96.0,0.4605,236.0,184.0,0.0064,0.0006,0.0118,-0.0087,0.001,0.0548,0.015,0.07,0.08,0.05,down,0.05,2026-09-04T15:40:37,42.8571,0.0600000005215406,229.4873,2026-09-07 20:11:28,2026-09-07 16:15:05
NVDA,NVDA261002C00325000,NVDA,2026-10-02,C,325.0,0.03,98.0,0.06,89.0,0.4697,439.0,487.0,0.0054,0.0005,0.0102,-0.0077,0.0008,0.0473,0.005,0.06,0.06,0.04,no_change,0.04,2026-09-04T15:56:25,14.2857,0.0449999999254942,229.4873,2026-09-07 20:11:28,2026-09-07 16:15:05
NVDA,NVDA261002C00330000,NVDA,2026-10-02,C,330.0,0.02,86.0,0.06,121.0,0.4822,1215.0,320.0,0.0047,0.0004,0.009,-0.0069,0.0007,0.0413,0.02,0.05,0.05,0.04,no_change,0.05,2026-09-04T15:42:57,66.6667,0.0400000000372529,229.4873,2026-09-07 20:11:28,2026-09-07 16:15:05
NVDA,NVDA261002C00335000,NVDA,2026-10-02,C,335.0,0.0,0.0,0.06,5.0,0.4861,456.0,0.0,0.0041,0.0004,0.008,-0.0063,0.0006,0.0365,0.0,0.0,0.0,0.0,no_change,0.05,2026-08-28T15:27:48,0.0,0.0350000001490116,229.4873,2026-09-07 20:11:28,2026-09-07 16:15:05
NVDA,NVDA261002C00340000,NVDA,2026-10-02,C,340.0,0.0,0.0,0.04,10.0,0.4946,21.0,10.0,0.0037,0.0003,0.0072,-0.0058,0.0006,0.0326,0.01,0.03,0.03,0.03,no_change,0.03,2026-09-04T10:45:40,50.0,0.0299999993294477,229.4873,2026-09-07 20:11:28,2026-09-07 16:15:05
NVDA,NVDA261002C00345000,NVDA,2026-10-02,C,345.0,0.0,0.0,0.48,51.0,0.5112,20.0,0.0,0.0033,0.0003,0.0065,-0.0053,0.0005,0.0294,0.0,0.0,0.0,0.0,up,0.05,2026-08-27T09:30:30,0.0,0.0249999994412065,229.4873,2026-09-07 20:11:28,2026-09-07 16:15:05
NVDA,NVDA261002C00350000,NVDA,2026-10-02,C,350.0,0.0,0.0,0.48,51.0,0.5274,17.0,0.0,0.0029,0.0003,0.0059,-0.0049,0.0005,0.0267,0.0,0.0,0.0,0.0,up,0.06,2026-08-26T11:12:37,0.0,0.0249999994412065,229.4873,2026-09-07 20:11:28,2026-09-07 16:15:05
NVDA,NVDA261002C00360000,NVDA,2026-10-02,C,360.0,0.0,0.0,0.08,14.0,0.591,48.0,20.0,0.0024,0.0002,0.0049,-0.0043,0.0004,0.0225,-0.015,0.01,0.01,0.01,no_change,0.01,2026-09-04T12:17:16,-60.0,0.0249999994412065,229.4873,2026-09-07 20:11:28,2026-09-07 16:15:05
NVDA,NVDA261002C00370000,NVDA,2026-10-02,C,370.0,0.0,0.0,0.04,14.0,0.5895,45.0,4.0,0.002,0.0002,0.0042,-0.0038,0.0003,0.0193,0.0,0.01,0.02,0.01,up,0.02,2026-09-04T14:41:33,2.23517e-06,0.0199999995529652,229.4873,2026-09-07 20:11:28,2026-09-07 16:15:05
NVDA,NVDA261002C00380000,NVDA,2026-10-02,C,380.0,0.0,0.0,0.56,50.0,0.6668,12.0,0.0,0.0017,0.0001,0.0036,-0.0034,0.0003,0.0169,0.0,0.0,0.0,0.0,up,0.03,2026-08-25T11:42:31,0.0,0.0149999996647239,229.4873,2026-09-07 20:11:28,2026-09-07 16:15:05
NVDA,NVDA261002C00390000,NVDA,2026-10-02,C,390.0,0.0,0.0,0.02,20.0,0.6004,5.0,0.0,0.0015,0.0001,0.0032,-0.0031,0.0002,0.015,0.0,0.0,0.0,0.0,up,0.02,2026-09-02T11:40:24,0.0,0.00999999977648258,229.4873,2026-09-07 20:11:28,2026-09-07 16:15:05
NVDA,NVDA261002P00050000,NVDA,2026-10-02,P,50.0,0.0,0.0,0.01,1.0,1.6589,12.0,12.0,-0.0005,0.0,0.0011,-0.0031,-0.0001,0.0154,-0.01,0.01,0.01,0.01,down,0.01,2026-09-04T11:46:25,-50.0,0.00499999988824129,229.4873,2026-09-07 20:11:28,2026-09-07 16:15:05
NVDA,NVDA261002P00055000,NVDA,2026-10-02,P,55.0,0.0,0.0,0.83,1.0,1.9046,2.0,0.0,-0.0006,0.0,0.0012,-0.0035,-0.0001,0.0174,0.0,0.0,0.0,0.0,down,0.02,2026-08-24T10:27:40,0.0,0.00999999977648258,229.4873,2026-09-07 20:11:28,2026-09-07 16:15:05
NVDA,NVDA261002P00060000,NVDA,2026-10-02,P,60.0,0.0,0.0,0.02,2.0,1.5928,367.0,0.0,-0.0007,0.0,0.0014,-0.0039,-0.0001,0.0196,0.0,0.0,0.0,0.0,no_change,0.01,2026-09-03T10:20:36,0.0,0.0149999996647239,229.4873,2026-09-07 20:11:28,2026-09-07 16:15:05
NVDA,NVDA261002P00065000,NVDA,2026-10-02,P,65.0,0.0,0.0,0.02,10.0,1.5005,0.0,0.0,-0.0008,0.0,0.0017,-0.0043,-0.0001,0.022,0.0,0.0,0.0,0.0,no_change,0.0,,0.0,0.0149999996647239,229.4873,2026-09-07 20:11:28,2026-09-07 16:15:05
NVDA,NVDA261002P00070000,NVDA,2026-10-02,P,70.0,0.0,0.0,0.02,10.0,1.4152,10.0,0.0,-0.0009,0.0,0.0019,-0.0047,-0.0002,0.0247,0.0,0.0,0.0,0.0,no_change,0.04,2026-08-25T09:30:04,0.0,0.0149999996647239,229.4873,2026-09-07 20:11:28,2026-09-07 16:15:05
NVDA,NVDA261002P00075000,NVDA,2026-10-02,P,75.0,0.0,0.0,0.12,14.0,1.5298,10.0,10.0,-0.0011,0.0,0.0022,-0.0052,-0.0002,0.0276,-0.01,0.02,0.02,0.02,down,0.02,2026-09-04T10:44:19,-33.3333,0.0249999994412065,229.4873,2026-09-07 20:11:28,2026-09-07 16:15:05
NVDA,NVDA261002P00080000,NVDA,2026-10-02,P,80.0,0.0,0.0,0.33,51.0,1.4569,22.0,0.0,-0.0012,0.0,0.0026,-0.0057,-0.0002,0.0308,0.0,0.0,0.0,0.0,down,0.01,2026-09-02T13:15:03,0.0,0.0249999994412065,229.4873,2026-09-07 20:11:28,2026-09-07 16:15:05
NVDA,NVDA261002P00085000,NVDA,2026-10-02,P,85.0,0.0,0.0,0.81,10.0,1.3774,3.0,0.0,-0.0014,0.0001,0.0029,-0.0062,-0.0002,0.0344,0.0,0.0,0.0,0.0,up,0.15,2026-08-26T12:44:09,0.0,0.0300000002607703,229.4873,2026-09-07 20:11:28,2026-09-07 16:15:05
NVDA,NVDA261002P00090000,NVDA,2026-10-02,P,90.0,0.0,0.0,0.77,50.0,1.3024,6.0,0.0,-0.0016,0.0001,0.0034,-0.0068,-0.0003,0.0384,0.0,0.0,0.0,0.0,down,0.01,2026-08-27T13:17:46,0.0,0.0350000001490116,229.4873,2026-09-07 20:11:28,2026-09-07 16:15:05
NVDA,NVDA261002P00095000,NVDA,2026-10-02,P,95.0,0.0,0.0,0.82,50.0,1.2407,1.0,0.0,-0.0019,0.0001,0.0038,-0.0074,-0.0003,0.0427,0.0,0.0,0.0,0.0,down,0.04,2026-08-25T10:12:33,0.0,0.0449999989941716,229.4873,2026-09-07 20:11:28,2026-09-07 16:15:05
NVDA,NVDA261002P00100000,NVDA,2026-10-02,P,100.0,0.0,0.0,0.06,10.0,1.1128,34.0,0.0,-0.0022,0.0001,0.0044,-0.0081,-0.0004,0.0476,0.0,0.0,0.0,0.0,up,0.04,2026-08-28T10:27:54,0.0,0.0449999989941716,229.4873,2026-09-07 20:11:28,2026-09-07 16:15:05
NVDA,NVDA261002P00105000,NVDA,2026-10-02,P,105.0,0.0,0.0,0.27,51.0,1.0732,3.0,0.0,-0.0025,0.0001,0.005,-0.0088,-0.0004,0.053,0.0,0.0,0.0,0.0,no_change,0.13,2026-08-26T12:44:34,0.0,0.0549999997019768,229.4873,2026-09-07 20:11:28,2026-09-07 16:15:05
NVDA,NVDA261002P00110000,NVDA,2026-10-02,P,110.0,0.0,0.0,0.56,1.0,1.0316,48.0,8.0,-0.0029,0.0001,0.0057,-0.0096,-0.0005,0.0591,0.015,0.07,0.07,0.07,up,0.07,2026-09-04T10:08:58,27.2727,0.0649999994784594,229.4873,2026-09-07 20:11:28,2026-09-07 16:15:05
NVDA,NVDA261002P00115000,NVDA,2026-10-02,P,115.0,0.0,0.0,0.29,67.0,0.9816,121.0,0.0,-0.0034,0.0002,0.0065,-0.0105,-0.0006,0.0659,0.0,0.0,0.0,0.0,no_change,0.06,2026-08-28T15:39:57,0.0,0.0750000011175871,229.4873,2026-09-07 20:11:28,2026-09-07 16:15:05
NVDA,NVDA261002P00120000,NVDA,2026-10-02,P,120.0,0.0,0.0,0.1,55.0,0.9395,5512.0,3004.0,-0.0039,0.0002,0.0074,-0.0114,-0.0007,0.0735,0.005,0.09,0.1,0.07,down,0.08,2026-09-04T14:42:21,6.66667,0.0850000008940697,229.4873,2026-09-07 20:11:28,2026-09-07 16:15:05
NVDA,NVDA261002P00125000,NVDA,2026-10-02,P,125.0,0.0,0.0,0.11,6.0,0.8971,166.0,11.0,-0.0045,0.0002,0.0085,-0.0125,-0.0008,0.0822,-0.01,0.1,0.11,0.08,down,0.08,2026-09-04T14:41:22,-11.1111,0.0949999988079071,229.4873,2026-09-07 20:11:28,2026-09-07 16:15:05
NVDA,NVDA261002P00130000,NVDA,2026-10-02,P,130.0,0.0,0.0,0.13,3.0,0.8546,352.0,54.0,-0.0053,0.0003,0.0096,-0.0136,-0.0009,0.092,0.01,0.11,0.12,0.09,down,0.11,2026-09-04T15:27:33,10.0,0.105000000447035,229.4873,2026-09-07 20:11:28,2026-09-07 16:15:05
NVDA,NVDA261002P00135000,NVDA,2026-10-02,P,135.0,0.0,0.0,0.11,10.0,0.8076,757.0,415.0,-0.0061,0.0003,0.0111,-0.0148,-0.001,0.1031,0.01,0.11,0.13,0.11,down,0.11,2026-09-04T14:57:51,10.0,0.114999998360872,229.4873,2026-09-07 20:11:28,2026-09-07 16:15:05
NVDA,NVDA261002P00140000,NVDA,2026-10-02,P,140.0,0.0,0.0,0.15,3.0,0.7779,1464.0,599.0,-0.0071,0.0004,0.0127,-0.0162,-0.0012,0.1159,0.005,0.14,0.14,0.12,down,0.12,2026-09-04T14:54:05,4.34783,0.129999998956919,229.4873,2026-09-07 20:11:28,2026-09-07 16:15:05
NVDA,NVDA261002P00145000,NVDA,2026-10-02,P,145.0,0.12,5.0,0.36,64.0,0.7353,547.0,0.0,-0.0083,0.0005,0.0145,-0.0177,-0.0014,0.1306,0.0,0.0,0.0,0.0,down,0.12,2026-09-03T12:39:54,0.0,0.144999995827675,229.4873,2026-09-07 20:11:28,2026-09-07 16:15:05
NVDA,NVDA261002P00150000,NVDA,2026-10-02,P,150.0,0.0,0.0,0.18,54.0,0.6991,945.0,71.0,-0.0097,0.0006,0.0168,-0.0194,-0.0016,0.1475,0.0,0.16,0.18,0.15,down,0.15,2026-09-04T15:38:43,9.93411e-07,0.160000003874302,229.4873,2026-09-07 20:11:28,2026-09-07 16:15:05
NVDA,NVDA261002P00155000,NVDA,2026-10-02,P,155.0,0.15,14.0,0.21,22.0,0.6619,568.0,206.0,-0.0115,0.0007,0.0193,-0.0212,-0.0019,0.1674,0.035,0.17,0.2,0.16,up,0.2,2026-09-04T15:27:33,21.2121,0.179999999701977,229.4873,2026-09-07 20:11:28,2026-09-07 16:15:05
NVDA,NVDA261002P00160000,NVDA,2026-10-02,P,160.0,0.18,70.0,0.22,100.0,0.6242,1472.0,297.0,-0.0136,0.0009,0.0223,-0.0233,-0.0022,0.1906,0.01,0.15,0.22,0.15,no_change,0.2,2026-09-04T15:28:14,5.26315,0.199999995529652,229.4873,2026-09-07 20:11:28,2026-09-07 16:15:05
NVDA,NVDA261002P00165000,NVDA,2026-10-02,P,165.0,0.2,35.0,0.23,16.0,0.5836,401.0,5.0,-0.0161,0.0011,0.0261,-0.0256,-0.0027,0.2184,0.0,0.22,0.23,0.22,down,0.22,2026-09-04T14:31:09,5.4186e-07,0.224999994039536,229.4873,2026-09-07 20:11:28,2026-09-07 16:15:05
NVDA,NVDA261002P00170000,NVDA,2026-10-02,P,170.0,0.23,30.0,0.27,1.0,0.5504,481.0,59.0,-0.0193,0.0013,0.0304,-0.0283,-0.0031,0.252,-0.01,0.24,0.27,0.24,down,0.25,2026-09-04T14:32:51,-3.84615,0.260000005364418,229.4873,2026-09-07 20:11:28,2026-09-07 16:15:05
NVDA,NVDA261002P00175000,NVDA,2026-10-02,P,175.0,0.27,1.0,0.31,1.0,0.517,1235.0,232.0,-0.0234,0.0017,0.0357,-0.0313,-0.0038,0.2938,0.0,0.27,0.32,0.23,up,0.3,2026-09-04T13:46:10,9.93411e-07,0.304999992251396,229.4873,2026-09-07 20:11:28,2026-09-07 16:15:05
NVDA,NVDA261002P00180000,NVDA,2026-10-02,P,180.0,0.33,1.0,0.36,33.0,0.486,1441.0,453.0,-0.0287,0.0021,0.0424,-0.0351,-0.0046,0.3481,-0.02,0.33,0.35,0.33,up,0.35,2026-09-04T15:55:00,-5.4054,0.344999998807907,229.4873,2026-09-07 20:11:28,2026-09-07 16:15:05
NVDA,NVDA261002P00185000,NVDA,2026-10-02,P,185.0,0.4,31.0,0.64,42.0,0.4561,1343.0,151.0,-0.0361,0.0027,0.0514,-0.04,-0.0058,0.425,-0.02,0.3,0.44,0.3,no_change,0.43,2026-09-04T15:32:56,-4.44445,0.429999992251396,229.4873,2026-09-07 20:11:28,2026-09-07 16:15:05
NVDA,NVDA261002P00190000,NVDA,2026-10-02,P,190.0,0.51,30.0,0.63,87.0,0.4294,8879.0,221.0,-0.0464,0.0035,0.0627,-0.0463,-0.0074,0.5343,-0.045,0.48,0.57,0.46,down,0.53,2026-09-04T15:47:00,-7.82609,0.534999996423721,229.4873,2026-09-07 20:11:28,2026-09-07 16:15:05
NVDA,NVDA261002P00195000,NVDA,2026-10-02,P,195.0,0.66,28.0,0.73,26.0,0.4035,2968.0,208.0,-0.0617,0.0047,0.0786,-0.0552,-0.0098,0.7055,-0.06,0.72,0.74,0.6,up,0.71,2026-09-04T15:55:19,-7.79221,0.705000013113022,229.4873,2026-09-07 20:11:28,2026-09-07 16:15:05
NVDA,NVDA261002P00200000,NVDA,2026-10-02,P,200.0,0.92,1.0,1.02,193.0,0.3848,63772.0,2124.0,-0.084,0.0062,0.0996,-0.0669,-0.0132,0.9685,-0.115,0.93,1.03,0.79,up,0.96,2026-09-04T15:59:44,-10.6977,0.965000003576279,229.4873,2026-09-07 20:11:28,2026-09-07 16:15:05
NVDA,NVDA261002P00205000,NVDA,2026-10-02,P,205.0,1.23,1.0,1.41,1.0,0.3694,5152.0,1070.0,-0.1161,0.0083,0.1258,-0.0816,-0.0181,1.3734,-0.165,1.37,1.46,1.1,no_change,1.37,2026-09-04T15:59:34,-10.7492,1.37999999523163,229.4873,2026-09-07 20:11:28,2026-09-07 16:15:05
NVDA,NVDA261002P00210000,NVDA,2026-10-02,P,210.0,1.95,1.0,2.05,1.0,0.3578,3470.0,982.0,-0.1603,0.0107,0.1563,-0.0987,-0.0247,1.9801,-0.315,2.0,2.11,1.58,down,1.91,2026-09-04T15:54:10,-14.1573,2.01999998092651,229.4873,2026-09-07 20:11:28,2026-09-07 16:15:05
NVDA,NVDA261002P00215000,NVDA,2026-10-02,P,215.0,2.86,57.0,3.0,20.0,0.348,1720.0,1157.0,-0.2192,0.0134,0.1888,-0.1169,-0.0335,2.8755,-0.33,2.9,3.1,2.28,up,2.92,2026-09-04T15:57:54,-10.1538,2.98500001430512,229.4873,2026-09-07 20:11:28,2026-09-07 16:15:05
NVDA,NVDA261002P00220000,NVDA,2026-10-02,P,220.0,4.1,10.0,4.3,10.0,0.3413,6009.0,1181.0,-0.2928,0.016,0.2193,-0.1339,-0.044,4.1456,-0.45,4.15,4.4,3.3,up,4.2,2026-09-04T15:59:36,-9.67742,4.27499985694885,229.4873,2026-09-07 20:11:28,2026-09-07 16:15:05
NVDA,NVDA261002P00225000,NVDA,2026-10-02,P,225.0,5.8,54.0,6.0,14.0,0.335,1986.0,734.0,-0.3789,0.018,0.2426,-0.1468,-0.0552,5.8793,-0.5,5.86,6.23,4.65,up,5.9,2026-09-04T15:59:46,-7.8125,6.0,229.4873,2026-09-07 20:11:28,2026-09-07 16:15:05
NVDA,NVDA261002P00230000,NVDA,2026-10-02,P,230.0,7.95,36.0,8.2,10.0,0.3299,1888.0,2078.0,-0.4722,0.019,0.2533,-0.1531,-0.0664,8.1113,-0.6,7.72,8.45,6.49,up,8.1,2026-09-04T15:59:22,-6.89655,8.22499990463257,229.4873,2026-09-07 20:11:28,2026-09-07 16:15:05
NVDA,NVDA261002P00235000,NVDA,2026-10-02,P,235.0,10.55,37.0,10.9,38.0,0.3279,11067.0,6603.0,-0.567,0.0191,0.2503,-0.1514,-0.0761,10.8331,-0.875,10.22,11.1,8.75,up,10.65,2026-09-04T15:55:47,-7.59219,10.9500002861023,229.4873,2026-09-07 20:11:28,2026-09-07 16:15:05
NVDA,NVDA261002P00240000,NVDA,2026-10-02,P,240.0,13.6,30.0,14.15,33.0,0.3211,274.0,136.0,-0.6579,0.0181,0.2328,-0.1418,-0.0821,14.0232,-0.915,12.39,14.25,11.65,down,13.91,2026-09-04T15:49:50,-6.17201,14.1500000953674,229.4873,2026-09-07 20:11:28,2026-09-07 16:15:05
NVDA,NVDA261002P00245000,NVDA,2026-10-02,P,245.0,17.1,46.0,17.8,38.0,0.3165,136.0,6.0,-0.7404,0.0163,0.2061,-0.1265,-0.085,17.6479,-1.35,15.86,17.0,14.89,up,17.0,2026-09-04T12:25:55,-7.35695,17.8499994277954,229.4873,2026-09-07 20:11:28,2026-09-07 16:15:05
NVDA,NVDA261002P00250000,NVDA,2026-10-02,P,250.0,21.1,33.0,21.85,48.0,0.3153,71.0,40.0,-0.8108,0.014,0.1733,-0.108,-0.0826,21.6593,-0.65,19.5,21.9,18.85,down,21.8,2026-09-04T15:17:49,-2.89532,21.8999996185303,229.4873,2026-09-07 20:11:28,2026-09-07 16:15:05
NVDA,NVDA261002P00255000,NVDA,2026-10-02,P,255.0,25.35,45.0,26.2,9.0,0.3112,29.0,0.0,-0.8668,0.0114,0.1374,-0.0891,-0.0762,25.9933,0.0,0.0,0.0,0.0,down,26.5,2026-09-03T15:29:05,0.0,26.25,229.4873,2026-09-07 20:11:28,2026-09-07 16:15:05
NVDA,NVDA261002P00260000,NVDA,2026-10-02,P,260.0,29.95,29.0,30.75,11.0,0.309,50.0,5.0,-0.9085,0.0089,0.1046,-0.0714,-0.067,30.5689,-2.225,28.75,29.55,28.75,up,29.55,2026-09-04T11:50:35,-7.00236,30.6750001907349,229.4873,2026-09-07 20:11:28,2026-09-07 16:15:05
NVDA,NVDA261002P00265000,NVDA,2026-10-02,P,265.0,34.7,11.0,36.9,52.0,0.2953,3.0,0.0,-0.9378,0.0068,0.0775,-0.056,-0.0579,35.3084,0.0,0.0,0.0,0.0,up,37.38,2026-08-27T15:59:19,0.0,35.4000015258789,229.4873,2026-09-07 20:11:28,2026-09-07 16:15:05
NVDA,NVDA261002P00270000,NVDA,2026-10-02,P,270.0,39.55,59.0,41.55,30.0,0.2561,1.0,1.0,-0.9577,0.005,0.0576,-0.0434,-0.0495,40.1506,-0.675,40.0,40.0,40.0,down,40.0,2026-09-04T14:18:16,-1.65949,40.25,229.4873,2026-09-07 20:11:28,2026-09-07 16:15:05
NVDA,NVDA261002P00275000,NVDA,2026-10-02,P,275.0,44.5,12.0,46.65,11.0,0.0,0.0,0.0,-0.9711,0.0037,0.0422,-0.0334,-0.0471,45.0545,0.0,0.0,0.0,0.0,down,50.4,2026-08-17T15:53:34,0.0,45.1499996185303,229.4873,2026-09-07 20:11:28,2026-09-07 16:15:05
NVDA,NVDA261002P00280000,NVDA,2026-10-02,P,280.0,45.0,2.0,53.85,10.0,0.0,0.0,0.0,-0.98,0.0027,0.0295,-0.0255,-0.0391,49.9951,0.0,0.0,0.0,0.0,no_change,0.0,,0.0,50.2749996185303,229.4873,2026-09-07 20:11:28,2026-09-07 16:15:05
NVDA,NVDA261002P00285000,NVDA,2026-10-02,P,285.0,50.0,12.0,58.8,52.0,0.0,0.0,0.0,-0.9861,0.002,0.0229,-0.0195,-0.0343,54.9557,0.0,0.0,0.0,0.0,no_change,0.0,,0.0,54.8500003814697,229.4873,2026-09-07 20:11:28,2026-09-07 16:15:05
NVDA,NVDA261002P00290000,NVDA,2026-10-02,P,290.0,55.85,10.0,63.8,10.0,0.0,0.0,0.0,-0.9901,0.0015,0.0158,-0.0148,-0.0332,59.9312,0.0,0.0,0.0,0.0,no_change,0.0,,0.0,59.9250011444092,229.4873,2026-09-07 20:11:28,2026-09-07 16:15:05
NVDA,NVDA261002P00295000,NVDA,2026-10-02,P,295.0,60.8,51.0,68.75,52.0,0.0,0.0,0.0,-0.993,0.0011,0.0126,-0.0113,-0.0301,64.9132,0.0,0.0,0.0,0.0,no_change,0.0,,0.0,64.7250022888184,229.4873,2026-09-07 20:11:28,2026-09-07 16:15:05
NVDA,NVDA261002P00300000,NVDA,2026-10-02,P,300.0,65.25,10.0,73.75,51.0,0.0,0.0,0.0,-0.9949,0.0008,0.0084,-0.0087,-0.0297,69.9018,0.0,0.0,0.0,0.0,up,74.65,2026-08-14T13:53:37,0.0,69.7999992370606,229.4873,2026-09-07 20:11:28,2026-09-07 16:15:05
NVDA,NVDA261002P00305000,NVDA,2026-10-02,P,305.0,70.55,51.0,78.8,52.0,0.0,0.0,0.0,-0.9963,0.0006,0.007,-0.0066,-0.0302,74.8928,0.0,0.0,0.0,0.0,no_change,0.0,,0.0,74.6500015258789,229.4873,2026-09-07 20:11:28,2026-09-07 16:15:05
NVDA,NVDA261002P00310000,NVDA,2026-10-02,P,310.0,75.1,51.0,83.75,51.0,0.0,0.0,0.0,-0.9973,0.0004,0.0049,-0.0052,-0.0282,79.8865,0.0,0.0,0.0,0.0,no_change,0.0,,0.0,79.7999992370606,229.4873,2026-09-07 20:11:28,2026-09-07 16:15:05
NVDA,NVDA261002P00315000,NVDA,2026-10-02,P,315.0,80.1,10.0,88.75,51.0,0.0,0.0,0.0,-0.9979,0.0003,0.0036,-0.0041,-0.0282,84.8816,0.0,0.0,0.0,0.0,no_change,0.0,,0.0,84.7249984741211,229.4873,2026-09-07 20:11:28,2026-09-07 16:15:05
NVDA,NVDA261002P00320000,NVDA,2026-10-02,P,320.0,85.55,51.0,93.8,56.0,0.0,0.0,0.0,-0.9984,0.0003,0.0031,-0.0032,-0.0287,89.8774,0.0,0.0,0.0,0.0,no_change,0.0,,0.0,89.7250022888184,229.4873,2026-09-07 20:11:28,2026-09-07 16:15:05
NVDA,NVDA261002P00325000,NVDA,2026-10-02,P,325.0,90.55,1.0,98.75,10.0,0.0,0.0,0.0,-0.9988,0.0002,0.0025,-0.0025,-0.0279,94.874,0.0,0.0,0.0,0.0,no_change,0.0,,0.0,94.6749992370606,229.4873,2026-09-07 20:11:28,2026-09-07 16:15:05
NVDA,NVDA261002P00330000,NVDA,2026-10-02,P,330.0,95.55,51.0,103.8,52.0,0.0,0.0,0.0,-0.999,0.0002,0.0016,-0.0021,-0.0282,99.8712,0.0,0.0,0.0,0.0,no_change,0.0,,0.0,99.8999977111816,229.4873,2026-09-07 20:11:28,2026-09-07 16:15:05
NVDA,NVDA261002P00335000,NVDA,2026-10-02,P,335.0,100.05,51.0,108.8,56.0,0.0,0.0,0.0,-0.9992,0.0001,0.0014,-0.0017,-0.0285,104.8686,0.0,0.0,0.0,0.0,no_change,0.0,,0.0,105.224998474121,229.4873,2026-09-07 20:11:28,2026-09-07 16:15:05
NVDA,NVDA261002P00340000,NVDA,2026-10-02,P,340.0,105.5,51.0,113.75,52.0,0.0,0.0,0.0,-0.9994,0.0001,0.0012,-0.0014,-0.029,109.8662,0.0,0.0,0.0,0.0,no_change,0.0,,0.0,109.899997711182,229.4873,2026-09-07 20:11:28,2026-09-07 16:15:05
NVDA,NVDA261002P00345000,NVDA,2026-10-02,P,345.0,110.0,2.0,118.75,51.0,0.0,0.0,0.0,-0.9995,0.0001,0.0011,-0.0012,-0.0294,114.8639,0.0,0.0,0.0,0.0,no_change,0.0,,0.0,115.125,229.4873,2026-09-07 20:11:28,2026-09-07 16:15:05
NVDA,NVDA261002P00350000,NVDA,2026-10-02,P,350.0,115.5,51.0,123.75,52.0,0.0,0.0,0.0,-0.9996,0.0001,0.0009,-0.001,-0.0292,119.8617,0.0,0.0,0.0,0.0,no_change,0.0,,0.0,119.924999237061,229.4873,2026-09-07 20:11:28,2026-09-07 16:15:05
NVDA,NVDA261002P00360000,NVDA,2026-10-02,P,360.0,125.5,51.0,133.75,52.0,0.0,0.0,0.0,-0.9997,0.0,0.0005,-0.0008,-0.03,129.8577,0.0,0.0,0.0,0.0,no_change,0.0,,0.0,129.924999237061,229.4873,2026-09-07 20:11:28,2026-09-07 16:15:05
NVDA,NVDA261002P00370000,NVDA,2026-10-02,P,370.0,135.5,51.0,143.75,56.0,0.0,0.0,0.0,-0.9998,0.0,0.0004,-0.0006,-0.0308,139.8539,0.0,0.0,0.0,0.0,no_change,0.0,,0.0,139.900001525879,229.4873,2026-09-07 20:11:28,2026-09-07 16:15:05
NVDA,NVDA261002P00380000,NVDA,2026-10-02,P,380.0,145.0,2.0,153.75,51.0,0.0,0.0,0.0,-0.9998,0.0,0.0004,-0.0004,-0.0316,149.85,0.0,0.0,0.0,0.0,no_change,0.0,,0.0,149.850006103516,229.4873,2026-09-07 20:11:28,2026-09-07 16:15:05
NVDA,NVDA261002P00390000,NVDA,2026-10-02,P,390.0,155.0,12.0,163.75,52.0,0.0,1.0,0.0,-0.9999,0.0,0.0003,-0.0004,-0.0322,159.8463,0.0,0.0,0.0,0.0,down,160.02,2026-09-03T14:12:33,0.0,159.875,229.4873,2026-09-07 20:11:28,2026-09-07 16:15:05
NVDA,NVDA261009C00050000,NVDA,2026-10-09,C,50.0,176.0,1.0,185.0,2.0,0.0,0.0,0.0,0.9997,0.0,0.0007,-0.0021,0.007,180.2839,0.0,0.0,0.0,0.0,no_change,0.0,,0.0,179.974998474121,229.4873,2026-09-07 20:11:28,2026-09-07 16:15:05
NVDA,NVDA261009C00055000,NVDA,2026-10-09,C,55.0,171.4,1.0,180.0,2.0,1.7338,0.0,0.0,0.9995,0.0,0.0011,-0.0031,0.0128,175.2898,0.0,0.0,0.0,0.0,no_change,0.0,,0.0,175.199996948242,229.4873,2026-09-07 20:11:28,2026-09-07 16:15:05
NVDA,NVDA261009C00060000,NVDA,2026-10-09,C,60.0,166.45,1.0,175.0,2.0,1.6555,0.0,0.0,0.9992,0.0,0.0019,-0.0039,0.0499,170.301,0.0,0.0,0.0,0.0,no_change,0.0,,0.0,170.224998474121,229.4873,2026-09-07 20:11:28,2026-09-07 16:15:05
NVDA,NVDA261009C00065000,NVDA,2026-10-09,C,65.0,161.1,1.0,170.0,2.0,1.2211,0.0,0.0,0.9991,0.0,0.0023,-0.0043,0.0601,165.3244,0.0,0.0,0.0,0.0,no_change,0.0,,0.0,165.075004577637,229.4873,2026-09-07 20:11:28,2026-09-07 16:15:05
NVDA,NVDA261009C00070000,NVDA,2026-10-09,C,70.0,156.45,2.0,165.0,2.0,1.4351,0.0,0.0,0.9989,0.0,0.0027,-0.0048,0.0646,160.3487,0.0,0.0,0.0,0.0,no_change,0.0,,0.0,160.25,229.4873,2026-09-07 20:11:28,2026-09-07 16:15:05
NVDA,NVDA261009C00075000,NVDA,2026-10-09,C,75.0,151.15,51.0,160.0,51.0,1.1816,0.0,0.0,0.9987,0.0,0.0031,-0.0052,0.0693,155.3733,0.0,0.0,0.0,0.0,no_change,0.0,,0.0,155.099998474121,229.4873,2026-09-07 20:11:28,2026-09-07 16:15:05
NVDA,NVDA261009C00080000,NVDA,2026-10-09,C,80.0,146.55,51.0,155.0,51.0,1.3438,0.0,0.0,0.9985,0.0001,0.0035,-0.0058,0.0738,150.3984,0.0,0.0,0.0,0.0,no_change,0.0,,0.0,150.325004577637,229.4873,2026-09-07 20:11:28,2026-09-07 16:15:05
NVDA,NVDA261009C00085000,NVDA,2026-10-09,C,85.0,141.25,1.0,150.0,51.0,1.1014,0.0,0.0,0.9983,0.0001,0.004,-0.0063,0.0784,145.4238,0.0,0.0,0.0,0.0,no_change,0.0,,0.0,145.175003051758,229.4873,2026-09-07 20:11:28,2026-09-07 16:15:05
NVDA,NVDA261009C00090000,NVDA,2026-10-09,C,90.0,136.6,51.0,144.6,50.0,1.2139,0.0,0.0,0.998,0.0001,0.0046,-0.0069,0.083,140.4498,0.0,0.0,0.0,0.0,no_change,0.0,,0.0,140.375,229.4873,2026-09-07 20:11:28,2026-09-07 16:15:05
NVDA,NVDA261009C00095000,NVDA,2026-10-09,C,95.0,131.6,1.0,140.0,2.0,1.1536,0.0,0.0,0.9977,0.0001,0.0053,-0.0075,0.0876,135.4764,0.0,0.0,0.0,0.0,no_change,0.0,,0.0,135.375,229.4873,2026-09-07 20:11:28,2026-09-07 16:15:05
NVDA,NVDA261009C00100000,NVDA,2026-10-09,C,100.0,126.65,1.0,135.55,1.0,1.1229,0.0,0.0,0.9973,0.0001,0.006,-0.0082,0.0921,130.5036,0.0,0.0,0.0,0.0,no_change,0.0,,0.0,130.375003814697,229.4873,2026-09-07 20:11:28,2026-09-07 16:15:05
NVDA,NVDA261009C00105000,NVDA,2026-10-09,C,105.0,121.65,2.0,130.75,1.0,1.041,0.0,0.0,0.9969,0.0001,0.0069,-0.009,0.0966,125.5316,0.0,0.0,0.0,0.0,no_change,0.0,,0.0,125.274997711182,229.4873,2026-09-07 20:11:28,2026-09-07 16:15:05
NVDA,NVDA261009C00110000,NVDA,2026-10-09,C,110.0,116.3,51.0,125.65,51.0,0.9881,2.0,2.0,0.9964,0.0002,0.0078,-0.0098,0.1012,120.5604,1.9,121.4,121.4,121.4,up,121.4,2026-09-04T13:34:36,1.58996,120.724998474121,229.4873,2026-09-07 20:11:28,2026-09-07 16:15:05
NVDA,NVDA261009C00115000,NVDA,2026-10-09,C,115.0,111.7,10.0,119.55,10.0,0.9372,0.0,0.0,0.9958,0.0002,0.0089,-0.0107,0.1057,115.5902,0.0,0.0,0.0,0.0,no_change,0.0,,0.0,115.349998474121,229.4873,2026-09-07 20:11:28,2026-09-07 16:15:05
NVDA,NVDA261009C00120000,NVDA,2026-10-09,C,120.0,106.45,51.0,115.65,51.0,0.942,1.0,0.0,0.9952,0.0002,0.0102,-0.0116,0.1102,110.6211,0.0,0.0,0.0,0.0,up,100.35,2026-08-28T11:47:25,0.0,110.275001525879,229.4873,2026-09-07 20:11:28,2026-09-07 16:15:05
NVDA,NVDA261009C00125000,NVDA,2026-10-09,C,125.0,101.75,51.0,109.65,10.0,0.8591,0.0,0.0,0.9944,0.0003,0.0116,-0.0127,0.1146,105.6534,0.0,0.0,0.0,0.0,no_change,0.0,,0.0,105.400001525879,229.4873,2026-09-07 20:11:28,2026-09-07 16:15:05
NVDA,NVDA261009C00130000,NVDA,2026-10-09,C,130.0,96.8,10.0,104.7,1.0,0.8272,1.0,1.0,0.9935,0.0003,0.0132,-0.0138,0.1191,100.6871,2.65,102.3,102.3,102.3,up,102.3,2026-09-04T13:33:52,2.65931,100.575000762939,229.4873,2026-09-07 20:11:28,2026-09-07 16:15:05
NVDA,NVDA261009C00135000,NVDA,2026-10-09,C,135.0,91.85,1.0,99.8,10.0,0.7803,0.0,0.0,0.9924,0.0004,0.0151,-0.015,0.1235,95.7226,0.0,0.0,0.0,0.0,no_change,0.0,,0.0,95.5,229.4873,2026-09-07 20:11:28,2026-09-07 16:15:05
NVDA,NVDA261009C00140000,NVDA,2026-10-09,C,140.0,86.9,56.0,94.95,51.0,0.7472,1.0,0.0,0.9912,0.0005,0.0172,-0.0164,0.1278,90.7603,0.0,0.0,0.0,0.0,up,80.05,2026-09-01T13:09:58,0.0,90.5250015258789,229.4873,2026-09-07 20:11:28,2026-09-07 16:15:05
NVDA,NVDA261009C00145000,NVDA,2026-10-09,C,145.0,81.95,10.0,89.8,10.0,0.7129,3.0,0.0,0.9897,0.0006,0.0197,-0.0179,0.1321,85.8005,0.0,0.0,0.0,0.0,up,82.66,2026-09-03T12:25:42,0.0,85.9749984741211,229.4873,2026-09-07 20:11:28,2026-09-07 16:15:05
NVDA,NVDA261009C00150000,NVDA,2026-10-09,C,150.0,77.0,1.0,85.25,10.0,0.6777,3.0,0.0,0.988,0.0007,0.0226,-0.0196,0.1364,80.8436,0.0,0.0,0.0,0.0,down,70.57,2026-08-31T15:55:08,0.0,80.6500015258789,229.4873,2026-09-07 20:11:28,2026-09-07 16:15:05
NVDA,NVDA261009C00155000,NVDA,2026-10-09,C,155.0,72.0,52.0,81.0,51.0,0.6716,3.0,3.0,0.9859,0.0008,0.026,-0.0214,0.1406,75.8906,3.005,78.23,78.23,78.23,no_change,78.23,2026-09-04T09:42:56,3.99468,76.2750015258789,229.4873,2026-09-07 20:11:28,2026-09-07 16:15:05
NVDA,NVDA261009C00160000,NVDA,2026-10-09,C,160.0,67.05,10.0,75.1,10.0,0.5906,0.0,0.0,0.9834,0.001,0.0299,-0.0234,0.1446,70.9422,0.0,0.0,0.0,0.0,no_change,0.0,,0.0,70.7000007629394,229.4873,2026-09-07 20:11:28,2026-09-07 16:15:05
NVDA,NVDA261009C00165000,NVDA,2026-10-09,C,165.0,62.1,57.0,70.0,55.0,0.5626,6.0,19.0,0.9802,0.0012,0.0347,-0.0257,0.1486,66.0001,2.075,68.36,70.2,67.15,down,67.15,2026-09-04T13:04:09,3.18863,66.875,229.4873,2026-09-07 20:11:28,2026-09-07 16:15:05
NVDA,NVDA261009C00170000,NVDA,2026-10-09,C,170.0,57.25,12.0,65.25,11.0,0.5592,1.0,0.0,0.9763,0.0015,0.0405,-0.0284,0.1523,61.067,0.0,0.0,0.0,0.0,down,49.91,2026-08-28T13:25:59,0.0,62.125,229.4873,2026-09-07 20:11:28,2026-09-07 16:15:05
NVDA,NVDA261009C00175000,NVDA,2026-10-09,C,175.0,52.55,11.0,60.1,10.0,0.5241,5.0,0.0,0.9712,0.0019,0.0476,-0.0317,0.1558,56.1473,0.0,0.0,0.0,0.0,up,54.63,2026-09-03T15:54:23,0.0,55.9500007629394,229.4873,2026-09-07 20:11:28,2026-09-07 16:15:05
NVDA,NVDA261009C00180000,NVDA,2026-10-09,C,180.0,47.65,56.0,55.4,52.0,0.492,4.0,0.0,0.9644,0.0024,0.0568,-0.0358,0.159,51.2489,0.0,0.0,0.0,0.0,up,48.5,2026-09-03T11:47:06,0.0,52.0750007629394,229.4873,2026-09-07 20:11:28,2026-09-07 16:15:05
NVDA,NVDA261009C00185000,NVDA,2026-10-09,C,185.0,42.55,24.0,50.55,13.0,0.4615,6.0,0.0,0.9551,0.003,0.0686,-0.0412,0.1615,46.384,0.0,0.0,0.0,0.0,up,43.73,2026-09-03T13:09:27,0.0,47.5249996185303,229.4873,2026-09-07 20:11:28,2026-09-07 16:15:05
NVDA,NVDA261009C00190000,NVDA,2026-10-09,C,190.0,41.15,21.0,42.0,21.0,0.4169,24.0,2.0,0.942,0.0039,0.0839,-0.0482,0.1632,41.5717,0.6,41.4,41.4,41.1,down,41.1,2026-09-04T15:38:36,1.48148,41.4499988555908,229.4873,2026-09-07 20:11:28,2026-09-07 16:15:05
NVDA,NVDA261009C00195000,NVDA,2026-10-09,C,195.0,36.65,17.0,37.3,19.0,0.4108,87.0,38.0,0.9236,0.005,0.1038,-0.0572,0.1637,36.8386,1.635,40.5,40.5,37.41,down,37.41,2026-09-04T12:18:50,4.57023,36.7249984741211,229.4873,2026-09-07 20:11:28,2026-09-07 16:15:05
NVDA,NVDA261009C00200000,NVDA,2026-10-09,C,200.0,32.0,36.0,32.65,37.0,0.3901,92.0,17.0,0.898,0.0065,0.1284,-0.0684,0.1625,32.2205,1.505,35.23,36.14,32.15,up,32.48,2026-09-04T15:50:07,4.85876,32.0499992370606,229.4873,2026-09-07 20:11:28,2026-09-07 16:15:05
NVDA,NVDA261009C00205000,NVDA,2026-10-09,C,205.0,27.55,32.0,28.2,47.0,0.3759,68.0,6.0,0.8636,0.0083,0.1573,-0.0816,0.1593,27.7633,1.275,31.0,31.0,28.0,down,28.0,2026-09-04T12:03:36,4.77082,27.6499996185303,229.4873,2026-09-07 20:11:28,2026-09-07 16:15:05
NVDA,NVDA261009C00210000,NVDA,2026-10-09,C,210.0,23.4,52.0,23.95,21.0,0.366,240.0,61.0,0.8186,0.0103,0.1892,-0.0959,0.1536,23.5232,0.885,26.32,26.5,22.9,up,23.31,2026-09-04T15:38:04,3.94649,23.375,229.4873,2026-09-07 20:11:28,2026-09-07 16:15:05
NVDA,NVDA261009C00215000,NVDA,2026-10-09,C,215.0,19.5,44.0,19.9,21.0,0.3554,684.0,138.0,0.7622,0.0124,0.2214,-0.1101,0.1452,19.5669,0.73,19.6,22.65,19.3,up,19.43,2026-09-04T15:39:44,3.90374,19.4750003814697,229.4873,2026-09-07 20:11:28,2026-09-07 16:15:05
NVDA,NVDA261009C00220000,NVDA,2026-10-09,C,220.0,15.9,10.0,16.2,10.0,0.3454,902.0,165.0,0.6948,0.0143,0.2502,-0.1228,0.1341,15.9657,1.17,17.62,19.35,15.78,down,16.37,2026-09-04T15:55:39,7.69737,15.75,229.4873,2026-09-07 20:11:28,2026-09-07 16:15:05
NVDA,NVDA261009C00225000,NVDA,2026-10-09,C,225.0,12.7,48.0,13.15,6.0,0.3405,1075.0,501.0,0.6186,0.0157,0.2719,-0.1322,0.1207,12.7788,0.925,13.8,16.0,12.58,down,13.0,2026-09-04T15:56:31,7.66046,12.6500000953674,229.4873,2026-09-07 20:11:28,2026-09-07 16:15:05
NVDA,NVDA261009C00230000,NVDA,2026-10-09,C,230.0,9.95,21.0,10.25,3.0,0.3377,2911.0,3967.0,0.5373,0.0165,0.2831,-0.1368,0.1057,10.0308,0.85,10.35,12.78,9.75,no_change,10.2,2026-09-04T15:59:55,9.09091,9.875,229.4873,2026-09-07 20:11:28,2026-09-07 16:15:05
NVDA,NVDA261009C00235000,NVDA,2026-10-09,C,235.0,7.6,10.0,7.85,42.0,0.3338,3321.0,1452.0,0.4551,0.0166,0.2826,-0.1357,0.0902,7.7115,0.895,8.0,10.05,7.47,up,7.97,2026-09-04T15:55:00,12.6502,7.54999995231628,229.4873,2026-09-07 20:11:28,2026-09-07 16:15:05
NVDA,NVDA261009C00240000,NVDA,2026-10-09,C,240.0,5.65,201.0,5.95,48.0,0.3301,3157.0,2405.0,0.3751,0.016,0.2705,-0.1288,0.0747,5.7851,0.475,5.95,7.77,5.58,down,5.75,2026-09-04T15:59:14,9.00474,5.64999985694885,229.4873,2026-09-07 20:11:28,2026-09-07 16:15:05
NVDA,NVDA261009C00245000,NVDA,2026-10-09,C,245.0,4.15,61.0,4.35,16.0,0.3303,2336.0,2179.0,0.3019,0.0147,0.2491,-0.1176,0.0604,4.2613,0.35,4.1,5.87,4.1,down,4.2,2026-09-04T15:59:54,9.09091,4.125,229.4873,2026-09-07 20:11:28,2026-09-07 16:15:05
NVDA,NVDA261009C00250000,NVDA,2026-10-09,C,250.0,3.0,144.0,3.1,10.0,0.3289,10423.0,7344.0,0.2366,0.0131,0.2209,-0.1034,0.0475,3.0737,0.3,4.25,4.45,2.98,down,3.05,2026-09-04T15:59:41,10.9091,2.98000001907349,229.4873,2026-09-07 20:11:28,2026-09-07 16:15:05
NVDA,NVDA261009C00255000,NVDA,2026-10-09,C,255.0,2.15,27.0,2.25,26.0,0.3308,1283.0,1160.0,0.1818,0.0112,0.1896,-0.0883,0.0366,2.1912,0.3,2.22,3.25,2.1,up,2.25,2026-09-04T15:56:30,15.3846,2.16000008583069,229.4873,2026-09-07 20:11:28,2026-09-07 16:15:05
NVDA,NVDA261009C00260000,NVDA,2026-10-09,C,260.0,1.51,23.0,1.61,18.0,0.3325,3558.0,2043.0,0.1379,0.0092,0.1587,-0.0737,0.0278,1.5589,0.185,1.56,2.4,1.53,no_change,1.55,2026-09-04T15:32:45,13.5531,1.5450000166893,229.4873,2026-09-07 20:11:28,2026-09-07 16:15:05
NVDA,NVDA261009C00265000,NVDA,2026-10-09,C,265.0,1.09,67.0,1.19,16.0,0.3367,378.0,111.0,0.1039,0.0075,0.1304,-0.0608,0.0209,1.1144,0.155,1.69,1.75,1.12,down,1.12,2026-09-04T15:59:12,16.0622,1.10500001907349,229.4873,2026-09-07 20:11:28,2026-09-07 16:15:05
NVDA,NVDA261009C00270000,NVDA,2026-10-09,C,270.0,0.77,4.0,0.86,4.0,0.3417,795.0,365.0,0.079,0.006,0.1068,-0.0501,0.0159,0.814,0.145,0.8,1.26,0.79,down,0.83,2026-09-04T15:58:27,21.1679,0.800000011920929,229.4873,2026-09-07 20:11:28,2026-09-07 16:15:05
NVDA,NVDA261009C00275000,NVDA,2026-10-09,C,275.0,0.58,29.0,0.62,1.0,0.348,518.0,119.0,0.0603,0.0048,0.0871,-0.0412,0.0121,0.602,0.12,0.67,0.89,0.62,no_change,0.62,2026-09-04T15:59:08,24.0,0.599999994039536,229.4873,2026-09-07 20:11:28,2026-09-07 16:15:05
NVDA,NVDA261009C00280000,NVDA,2026-10-09,C,280.0,0.44,5.0,0.47,1.0,0.3562,1638.0,306.0,0.0465,0.0038,0.071,-0.0341,0.0093,0.4533,0.11,0.4,0.68,0.4,no_change,0.48,2026-09-04T15:10:46,29.7297,0.454999998211861,229.4873,2026-09-07 20:11:28,2026-09-07 16:15:05
NVDA,NVDA261009C00285000,NVDA,2026-10-09,C,285.0,0.33,84.0,0.4,3.0,0.3637,233.0,55.0,0.0363,0.0031,0.0582,-0.0284,0.0073,0.3483,0.085,0.5,0.53,0.36,down,0.36,2026-09-04T15:32:52,30.9091,0.350000008940697,229.4873,2026-09-07 20:11:28,2026-09-07 16:15:05
NVDA,NVDA261009C00290000,NVDA,2026-10-09,C,290.0,0.25,81.0,0.3,87.0,0.3741,134.0,141.0,0.0286,0.0024,0.048,-0.0238,0.0057,0.2711,0.085,0.39,0.39,0.28,up,0.3,2026-09-04T15:55:37,39.5349,0.285000011324882,229.4873,2026-09-07 20:11:28,2026-09-07 16:15:05
NVDA,NVDA261009C00295000,NVDA,2026-10-09,C,295.0,0.19,19.0,0.24,42.0,0.3822,514.0,412.0,0.023,0.002,0.04,-0.0202,0.0046,0.2161,0.085,0.27,0.27,0.23,no_change,0.25,2026-09-04T14:08:03,51.5151,0.224999994039536,229.4873,2026-09-07 20:11:28,2026-09-07 16:15:05
NVDA,NVDA261009C00300000,NVDA,2026-10-09,C,300.0,0.13,15.0,0.22,12.0,0.3922,136.0,111.0,0.0186,0.0016,0.0334,-0.0172,0.0037,0.1735,0.065,0.2,0.25,0.17,up,0.2,2026-09-04T14:18:56,48.1482,0.185000002384186,229.4873,2026-09-07 20:11:28,2026-09-07 16:15:05
NVDA,NVDA261009C00305000,NVDA,2026-10-09,C,305.0,0.13,139.0,0.18,85.0,0.4063,311.0,117.0,0.0152,0.0013,0.0281,-0.0147,0.003,0.1409,0.035,0.21,0.21,0.14,down,0.14,2026-09-04T15:59:41,33.3333,0.155000001192093,229.4873,2026-09-07 20:11:28,2026-09-07 16:15:05
NVDA,NVDA261009C00310000,NVDA,2026-10-09,C,310.0,0.1,90.0,0.13,73.0,0.4099,440.0,406.0,0.0125,0.0011,0.0238,-0.0127,0.0025,0.1162,0.035,0.17,0.17,0.12,no_change,0.12,2026-09-04T14:08:03,41.1765,0.125,229.4873,2026-09-07 20:11:28,2026-09-07 16:15:05
NVDA,NVDA261009C00315000,NVDA,2026-10-09,C,315.0,0.08,81.0,0.11,87.0,0.419,133.0,139.0,0.0104,0.0009,0.0203,-0.011,0.0021,0.0967,0.04,0.14,0.14,0.11,no_change,0.11,2026-09-04T11:40:44,57.1429,0.100000001490116,229.4873,2026-09-07 20:11:28,2026-09-07 16:15:05
NVDA,NVDA261009C00320000,NVDA,2026-10-09,C,320.0,0.06,35.0,0.09,45.0,0.4253,15.0,15.0,0.0088,0.0008,0.0175,-0.0096,0.0017,0.0814,0.055,0.12,0.12,0.11,down,0.11,2026-09-04T10:49:00,100.0,0.080000001937151,229.4873,2026-09-07 20:11:28,2026-09-07 16:15:05
NVDA,NVDA261009C00325000,NVDA,2026-10-09,C,325.0,0.03,39.0,0.1,83.0,0.4358,1020.0,1000.0,0.0074,0.0006,0.0152,-0.0085,0.0015,0.0692,0.02,0.07,0.07,0.07,no_change,0.07,2026-09-04T14:07:26,40.0,0.0750000011175871,229.4873,2026-09-07 20:11:28,2026-09-07 16:15:05
NVDA,NVDA261009C00330000,NVDA,2026-10-09,C,330.0,0.03,28.0,0.07,3.0,0.4401,1.0,1.0,0.0064,0.0006,0.0132,-0.0076,0.0012,0.0595,0.02,0.06,0.06,0.06,up,0.06,2026-09-04T13:22:56,50.0,0.0649999994784594,229.4873,2026-09-07 20:11:28,2026-09-07 16:15:05
NVDA,NVDA261009C00335000,NVDA,2026-10-09,C,335.0,0.02,1.0,0.07,1.0,0.4514,1.0,0.0,0.0055,0.0005,0.0116,-0.0068,0.0011,0.0518,0.0,0.0,0.0,0.0,up,0.05,2026-08-28T14:37:11,0.0,0.0549999997019768,229.4873,2026-09-07 20:11:28,2026-09-07 16:15:05
NVDA,NVDA261009C00340000,NVDA,2026-10-09,C,340.0,0.01,9.0,0.08,8.0,0.4616,0.0,0.0,0.0048,0.0004,0.0103,-0.0061,0.001,0.0454,0.0,0.0,0.0,0.0,no_change,0.0,,0.0,0.0449999989941716,229.4873,2026-09-07 20:11:28,2026-09-07 16:15:05
NVDA,NVDA261009C00345000,NVDA,2026-10-09,C,345.0,0.0,0.0,0.07,10.0,0.471,0.0,0.0,0.0043,0.0004,0.0092,-0.0056,0.0008,0.0404,0.0,0.0,0.0,0.0,no_change,0.0,,0.0,0.0350000001490116,229.4873,2026-09-07 20:11:28,2026-09-07 16:15:05
NVDA,NVDA261009C00350000,NVDA,2026-10-09,C,350.0,0.0,0.0,0.07,6.0,0.4788,129.0,128.0,0.0038,0.0003,0.0083,-0.0051,0.0007,0.0362,0.015,0.05,0.05,0.04,no_change,0.04,2026-09-04T15:00:15,60.0,0.0299999993294477,229.4873,2026-09-07 20:11:28,2026-09-07 16:15:05
NVDA,NVDA261009C00360000,NVDA,2026-10-09,C,360.0,0.01,3.0,0.05,11.0,0.5074,10.0,10.0,0.0031,0.0002,0.0068,-0.0043,0.0006,0.0296,-0.005,0.02,0.02,0.02,no_change,0.02,2026-09-04T15:00:15,-20.0,0.0299999993294477,229.4873,2026-09-07 20:11:28,2026-09-07 16:15:05
NVDA,NVDA261009C00370000,NVDA,2026-10-09,C,370.0,0.0,0.0,0.06,3.0,0.5263,0.0,0.0,0.0025,0.0002,0.0057,-0.0038,0.0005,0.0249,0.0,0.0,0.0,0.0,no_change,0.0,,0.0,0.0249999994412065,229.4873,2026-09-07 20:11:28,2026-09-07 16:15:05
NVDA,NVDA261009C00380000,NVDA,2026-10-09,C,380.0,0.0,0.0,0.06,5.0,0.5699,0.0,0.0,0.0021,0.0002,0.0049,-0.0033,0.0004,0.0214,0.0,0.0,0.0,0.0,no_change,0.0,,0.0,0.0249999994412065,229.4873,2026-09-07 20:11:28,2026-09-07 16:15:05
NVDA,NVDA261009C00390000,NVDA,2026-10-09,C,390.0,0.0,0.0,0.05,2.0,0.5878,1.0,0.0,0.0018,0.0001,0.0043,-0.003,0.0004,0.0187,0.0,0.0,0.0,0.0,up,0.02,2026-08-28T14:20:24,0.0,0.0199999995529652,229.4873,2026-09-07 20:11:28,2026-09-07 16:15:05
NVDA,NVDA261009P00050000,NVDA,2026-10-09,P,50.0,0.0,0.0,0.02,2.0,1.5633,38.0,38.0,-0.0006,0.0,0.0014,-0.0031,-0.0001,0.0197,0.0,0.01,0.01,0.01,no_change,0.01,2026-09-04T14:38:48,2.23517e-06,0.00999999977648258,229.4873,2026-09-07 20:11:28,2026-09-07 16:15:05
NVDA,NVDA261009P00055000,NVDA,2026-10-09,P,55.0,0.0,0.0,0.02,15.0,1.5158,459.0,4.0,-0.0007,0.0,0.0017,-0.0035,-0.0002,0.0224,0.0,0.02,0.02,0.02,up,0.02,2026-09-04T10:36:47,2.23517e-06,0.0149999996647239,229.4873,2026-09-07 20:11:28,2026-09-07 16:15:05
NVDA,NVDA261009P00060000,NVDA,2026-10-09,P,60.0,0.0,0.0,0.02,15.0,1.4258,0.0,0.0,-0.0008,0.0,0.002,-0.0039,-0.0002,0.0254,0.0,0.0,0.0,0.0,no_change,0.0,,0.0,0.0149999996647239,229.4873,2026-09-07 20:11:28,2026-09-07 16:15:05
NVDA,NVDA261009P00065000,NVDA,2026-10-09,P,65.0,0.0,0.0,0.06,14.0,1.4467,10.0,10.0,-0.001,0.0,0.0023,-0.0043,-0.0002,0.0287,-0.005,0.02,0.02,0.02,down,0.02,2026-09-04T10:45:08,-20.0,0.0249999994412065,229.4873,2026-09-07 20:11:28,2026-09-07 16:15:05
NVDA,NVDA261009P00070000,NVDA,2026-10-09,P,70.0,0.0,0.0,0.06,8.0,1.3648,0.0,0.0,-0.0011,0.0,0.0027,-0.0048,-0.0002,0.0323,0.0,0.0,0.0,0.0,no_change,0.0,,0.0,0.0249999994412065,229.4873,2026-09-07 20:11:28,2026-09-07 16:15:05
NVDA,NVDA261009P00075000,NVDA,2026-10-09,P,75.0,0.0,0.0,0.06,5.0,1.2887,0.0,0.0,-0.0013,0.0,0.0031,-0.0052,-0.0003,0.0362,0.0,0.0,0.0,0.0,no_change,0.0,,0.0,0.0300000002607703,229.4873,2026-09-07 20:11:28,2026-09-07 16:15:05
NVDA,NVDA261009P00080000,NVDA,2026-10-09,P,80.0,0.0,0.0,0.07,8.0,1.2333,0.0,0.0,-0.0015,0.0001,0.0035,-0.0058,-0.0003,0.0405,0.0,0.0,0.0,0.0,no_change,0.0,,0.0,0.0350000001490116,229.4873,2026-09-07 20:11:28,2026-09-07 16:15:05
NVDA,NVDA261009P00085000,NVDA,2026-10-09,P,85.0,0.04,1.0,0.08,10.0,1.2136,10.0,0.0,-0.0018,0.0001,0.004,-0.0063,-0.0004,0.0455,0.0,0.0,0.0,0.0,up,0.04,2026-09-03T12:16:55,0.0,0.0499999988824129,229.4873,2026-09-07 20:11:28,2026-09-07 16:15:05
NVDA,NVDA261009P00090000,NVDA,2026-10-09,P,90.0,0.01,6.0,0.08,5.0,1.1265,0.0,0.0,-0.0021,0.0001,0.0046,-0.0069,-0.0004,0.0507,0.0,0.0,0.0,0.0,no_change,0.0,,0.0,0.0449999989941716,229.4873,2026-09-07 20:11:28,2026-09-07 16:15:05
NVDA,NVDA261009P00095000,NVDA,2026-10-09,P,95.0,0.02,5.0,0.09,6.0,1.0755,11.0,0.0,-0.0024,0.0001,0.0053,-0.0076,-0.0005,0.0567,0.0,0.0,0.0,0.0,down,0.03,2026-09-02T13:14:15,0.0,0.0549999997019768,229.4873,2026-09-07 20:11:28,2026-09-07 16:15:05
NVDA,NVDA261009P00100000,NVDA,2026-10-09,P,100.0,0.03,4.0,0.1,7.0,1.026,0.0,0.0,-0.0028,0.0001,0.006,-0.0082,-0.0006,0.0632,0.0,0.0,0.0,0.0,no_change,0.0,,0.0,0.0649999994784594,229.4873,2026-09-07 20:11:28,2026-09-07 16:15:05
NVDA,NVDA261009P00105000,NVDA,2026-10-09,P,105.0,0.04,4.0,0.11,7.0,0.9858,2.0,0.0,-0.0032,0.0001,0.0069,-0.009,-0.0007,0.0705,0.0,0.0,0.0,0.0,no_change,0.05,2026-08-28T15:40:56,0.0,0.0750000011175871,229.4873,2026-09-07 20:11:28,2026-09-07 16:15:05
NVDA,NVDA261009P00110000,NVDA,2026-10-09,P,110.0,0.05,5.0,0.12,7.0,0.9449,18.0,8.0,-0.0037,0.0002,0.0078,-0.0098,-0.0008,0.0787,0.015,0.09,0.09,0.09,up,0.09,2026-09-04T10:08:58,20.0,0.0850000008940697,229.4873,2026-09-07 20:11:28,2026-09-07 16:15:05
NVDA,NVDA261009P00115000,NVDA,2026-10-09,P,115.0,0.06,13.0,0.13,6.0,0.9096,4.0,0.0,-0.0042,0.0002,0.0089,-0.0107,-0.0009,0.0878,0.0,0.0,0.0,0.0,down,0.06,2026-09-01T13:02:25,0.0,0.0949999988079071,229.4873,2026-09-07 20:11:28,2026-09-07 16:15:05
NVDA,NVDA261009P00120000,NVDA,2026-10-09,P,120.0,0.07,7.0,0.15,18.0,0.8729,1004.0,2.0,-0.0049,0.0002,0.0101,-0.0116,-0.001,0.0977,0.015,0.11,0.11,0.11,no_change,0.11,2026-09-04T11:01:52,15.7895,0.109999999403954,229.4873,2026-09-07 20:11:28,2026-09-07 16:15:05
NVDA,NVDA261009P00125000,NVDA,2026-10-09,P,125.0,0.08,27.0,0.16,25.0,0.8313,1001.0,0.0,-0.0057,0.0003,0.0116,-0.0127,-0.0012,0.1092,0.0,0.0,0.0,0.0,up,0.13,2026-09-03T14:34:52,0.0,0.125,229.4873,2026-09-07 20:11:28,2026-09-07 16:15:05
NVDA,NVDA261009P00130000,NVDA,2026-10-09,P,130.0,0.1,40.0,0.17,20.0,0.794,101.0,1.0,-0.0066,0.0003,0.0132,-0.0138,-0.0014,0.1224,0.015,0.14,0.14,0.14,up,0.14,2026-09-04T10:58:31,12.0,0.135000001639128,229.4873,2026-09-07 20:11:28,2026-09-07 16:15:05
NVDA,NVDA261009P00135000,NVDA,2026-10-09,P,135.0,0.11,7.0,0.17,5.0,0.7565,213.0,14.0,-0.0076,0.0004,0.015,-0.015,-0.0016,0.1373,0.0,0.16,0.17,0.14,down,0.14,2026-09-04T15:28:09,2.23517e-06,0.155000001192093,229.4873,2026-09-07 20:11:28,2026-09-07 16:15:05
NVDA,NVDA261009P00140000,NVDA,2026-10-09,P,140.0,0.13,10.0,0.21,12.0,0.7188,282.0,3.0,-0.0088,0.0005,0.0172,-0.0164,-0.0019,0.1543,0.0,0.16,0.16,0.16,up,0.16,2026-09-04T12:56:22,-2.42144e-06,0.170000001788139,229.4873,2026-09-07 20:11:28,2026-09-07 16:15:05
NVDA,NVDA261009P00145000,NVDA,2026-10-09,P,145.0,0.15,10.0,0.22,8.0,0.6838,532.0,34.0,-0.0103,0.0006,0.0197,-0.0179,-0.0022,0.1741,0.0,0.18,0.18,0.18,no_change,0.18,2026-09-04T12:19:34,1.65568e-07,0.189999997615814,229.4873,2026-09-07 20:11:28,2026-09-07 16:15:05
NVDA,NVDA261009P00150000,NVDA,2026-10-09,P,150.0,0.18,4.0,0.24,41.0,0.6483,166.0,1.0,-0.0121,0.0007,0.0226,-0.0196,-0.0026,0.1967,0.005,0.21,0.21,0.21,up,0.21,2026-09-04T10:31:10,2.43903,0.21000000089407,229.4873,2026-09-07 20:11:28,2026-09-07 16:15:05
NVDA,NVDA261009P00155000,NVDA,2026-10-09,P,155.0,0.21,48.0,0.25,18.0,0.6145,161.0,6.0,-0.0142,0.0008,0.026,-0.0214,-0.003,0.223,0.01,0.22,0.24,0.22,up,0.24,2026-09-04T15:28:09,4.34783,0.234999999403954,229.4873,2026-09-07 20:11:28,2026-09-07 16:15:05
NVDA,NVDA261009P00160000,NVDA,2026-10-09,P,160.0,0.23,1.0,0.3,10.0,0.5817,177.0,0.0,-0.0167,0.001,0.0301,-0.0235,-0.0035,0.2541,0.0,0.0,0.0,0.0,no_change,0.27,2026-09-03T15:43:37,0.0,0.265000000596046,229.4873,2026-09-07 20:11:28,2026-09-07 16:15:05
NVDA,NVDA261009P00165000,NVDA,2026-10-09,P,165.0,0.25,11.0,0.34,1.0,0.5496,263.0,28.0,-0.0199,0.0012,0.0348,-0.0258,-0.0042,0.2915,0.015,0.29,0.32,0.29,no_change,0.32,2026-09-04T15:28:53,4.91804,0.299999997019768,229.4873,2026-09-07 20:11:28,2026-09-07 16:15:05
NVDA,NVDA261009P00170000,NVDA,2026-10-09,P,170.0,0.31,14.0,0.39,12.0,0.5177,863.0,91.0,-0.0238,0.0015,0.0406,-0.0285,-0.005,0.3379,-0.02,0.34,0.35,0.33,up,0.34,2026-09-04T15:26:31,-5.55556,0.345000013709068,229.4873,2026-09-07 20:11:28,2026-09-07 16:15:05
NVDA,NVDA261009P00175000,NVDA,2026-10-09,P,175.0,0.37,8.0,0.45,8.0,0.4891,241.0,49.0,-0.0289,0.0019,0.0477,-0.0318,-0.006,0.3979,-0.015,0.39,0.41,0.37,up,0.41,2026-09-04T15:13:02,-3.52941,0.404999986290932,229.4873,2026-09-07 20:11:28,2026-09-07 16:15:05
NVDA,NVDA261009P00180000,NVDA,2026-10-09,P,180.0,0.45,7.0,0.53,8.0,0.4621,242.0,183.0,-0.0357,0.0024,0.0569,-0.036,-0.0074,0.479,-0.05,0.48,0.48,0.45,no_change,0.47,2026-09-04T15:05:53,-9.61539,0.484999999403954,229.4873,2026-09-07 20:11:28,2026-09-07 16:15:05
NVDA,NVDA261009P00185000,NVDA,2026-10-09,P,185.0,0.54,4.0,0.65,15.0,0.4369,313.0,169.0,-0.0452,0.003,0.0687,-0.0414,-0.0092,0.5941,-0.04,0.61,0.62,0.54,down,0.6,2026-09-04T15:04:34,-6.25,0.594999998807907,229.4873,2026-09-07 20:11:28,2026-09-07 16:15:05
NVDA,NVDA261009P00190000,NVDA,2026-10-09,P,190.0,0.72,9.0,0.8,10.0,0.4145,2692.0,939.0,-0.0583,0.0039,0.0843,-0.0484,-0.0119,0.7618,-0.07,0.75,0.77,0.66,down,0.76,2026-09-04T15:09:02,-8.43374,0.754999995231628,229.4873,2026-09-07 20:11:28,2026-09-07 16:15:05
NVDA,NVDA261009P00195000,NVDA,2026-10-09,P,195.0,0.96,6.0,1.01,1.0,0.3955,2567.0,257.0,-0.0768,0.0051,0.1044,-0.0576,-0.0157,1.0088,-0.125,1.01,1.05,0.85,down,0.98,2026-09-04T15:53:38,-11.3122,1.0,229.4873,2026-09-07 20:11:28,2026-09-07 16:15:05
NVDA,NVDA261009P00200000,NVDA,2026-10-09,P,200.0,1.35,2.0,1.42,25.0,0.3825,2061.0,1150.0,-0.1029,0.0066,0.1289,-0.069,-0.0209,1.3773,-0.155,1.34,1.42,1.13,up,1.35,2026-09-04T15:55:00,-10.299,1.37000000476837,229.4873,2026-09-07 20:11:28,2026-09-07 16:15:05
NVDA,NVDA261009P00205000,NVDA,2026-10-09,P,205.0,1.85,10.0,1.94,17.0,0.3681,842.0,390.0,-0.1378,0.0084,0.1579,-0.0824,-0.0277,1.9048,-0.2,1.87,1.99,1.54,no_change,1.89,2026-09-04T15:59:54,-9.56937,1.93500000238419,229.4873,2026-09-07 20:11:28,2026-09-07 16:15:05
NVDA,NVDA261009P00210000,NVDA,2026-10-09,P,210.0,2.61,7.0,2.7,16.0,0.358,977.0,424.0,-0.1833,0.0104,0.1899,-0.0969,-0.0363,2.6519,-0.27,2.48,2.78,2.14,no_change,2.64,2026-09-04T15:59:54,-9.27835,2.69000005722046,229.4873,2026-09-07 20:11:28,2026-09-07 16:15:05
NVDA,NVDA261009P00215000,NVDA,2026-10-09,P,215.0,3.6,18.0,3.8,18.0,0.3511,1374.0,347.0,-0.2404,0.0125,0.2228,-0.1114,-0.0472,3.686,-0.38,3.55,3.85,2.97,up,3.62,2026-09-04T15:53:25,-9.5,3.75,229.4873,2026-09-07 20:11:28,2026-09-07 16:15:05
NVDA,NVDA261009P00220000,NVDA,2026-10-09,P,220.0,5.05,5.0,5.2,20.0,0.3447,1883.0,1581.0,-0.3088,0.0145,0.2515,-0.1245,-0.059,5.0809,-0.4,5.0,5.3,4.1,up,5.1,2026-09-04T15:57:54,-7.27273,5.17499995231628,229.4873,2026-09-07 20:11:28,2026-09-07 16:15:05
NVDA,NVDA261009P00225000,NVDA,2026-10-09,P,225.0,6.75,4.0,7.0,16.0,0.3394,2141.0,2225.0,-0.3857,0.016,0.2724,-0.1342,-0.0716,6.8846,-0.625,6.6,7.15,5.55,no_change,6.75,2026-09-04T15:55:00,-8.47458,6.97500014305115,229.4873,2026-09-07 20:11:28,2026-09-07 16:15:05
NVDA,NVDA261009P00230000,NVDA,2026-10-09,P,230.0,8.95,34.0,9.3,56.0,0.3355,2301.0,2466.0,-0.4684,0.0168,0.2828,-0.1392,-0.084,9.1423,-0.555,8.92,9.41,7.45,up,9.12,2026-09-04T15:59:29,-5.73644,9.22499990463257,229.4873,2026-09-07 20:11:28,2026-09-07 16:15:05
NVDA,NVDA261009P00235000,NVDA,2026-10-09,P,235.0,11.65,6.0,11.95,6.0,0.3328,1531.0,2674.0,-0.5523,0.0169,0.2811,-0.1386,-0.0951,11.8365,-0.96,11.83,12.17,9.7,down,11.49,2026-09-04T15:53:46,-7.71085,11.9250001907349,229.4873,2026-09-07 20:11:28,2026-09-07 16:15:05
NVDA,NVDA261009P00240000,NVDA,2026-10-09,P,240.0,14.65,28.0,15.05,21.0,0.3288,33.0,44.0,-0.6338,0.0164,0.2678,-0.1324,-0.1043,14.9439,-0.865,14.0,14.76,12.39,up,14.76,2026-09-04T15:50:33,-5.536,15.0499997138977,229.4873,2026-09-07 20:11:28,2026-09-07 16:15:05
NVDA,NVDA261009P00245000,NVDA,2026-10-09,P,245.0,17.8,62.0,18.65,35.0,0.3219,38.0,37.0,-0.7098,0.0152,0.2439,-0.1216,-0.1083,18.4406,-1.475,15.67,18.5,15.67,no_change,18.0,2026-09-04T15:52:14,-7.57381,18.6499996185303,229.4873,2026-09-07 20:11:28,2026-09-07 16:15:05
NVDA,NVDA261009P00250000,NVDA,2026-10-09,P,250.0,21.65,82.0,22.55,38.0,0.3204,60.0,66.0,-0.7775,0.0136,0.2123,-0.1079,-0.1073,22.297,-0.65,19.5,22.7,19.3,up,22.7,2026-09-04T15:33:34,-2.78372,22.5249996185303,229.4873,2026-09-07 20:11:28,2026-09-07 16:15:05
NVDA,NVDA261009P00255000,NVDA,2026-10-09,P,255.0,25.8,73.0,26.75,32.0,0.3188,35.0,35.0,-0.8348,0.0117,0.1763,-0.0929,-0.1004,26.4702,-1.3,23.5,26.3,23.5,up,26.3,2026-09-04T13:47:35,-4.71014,26.7249994277954,229.4873,2026-09-07 20:11:28,2026-09-07 16:15:05
NVDA,NVDA261009P00260000,NVDA,2026-10-09,P,260.0,30.2,59.0,31.0,12.0,0.3088,1.0,0.0,-0.8809,0.0097,0.1409,-0.078,-0.0906,30.901,0.0,0.0,0.0,0.0,down,35.35,2026-09-02T13:07:16,0.0,31.1500005722046,229.4873,2026-09-07 20:11:28,2026-09-07 16:15:05
NVDA,NVDA261009P00265000,NVDA,2026-10-09,P,265.0,34.85,49.0,35.7,1.0,0.3094,1.0,0.0,-0.916,0.0078,0.1091,-0.0638,-0.0801,35.5257,0.0,0.0,0.0,0.0,up,40.1,2026-09-02T13:35:11,0.0,35.625,229.4873,2026-09-07 20:11:28,2026-09-07 16:15:05
NVDA,NVDA261009P00270000,NVDA,2026-10-09,P,270.0,39.6,54.0,40.5,11.0,0.3037,0.0,0.0,-0.9417,0.0061,0.0815,-0.051,-0.0684,40.2861,0.0,0.0,0.0,0.0,no_change,0.0,,0.0,40.375,229.4873,2026-09-07 20:11:28,2026-09-07 16:15:05
NVDA,NVDA261009P00275000,NVDA,2026-10-09,P,275.0,44.5,56.0,45.5,56.0,0.3189,0.0,0.0,-0.9598,0.0046,0.0613,-0.0401,-0.0562,45.135,0.0,0.0,0.0,0.0,no_change,0.0,,0.0,45.2250003814697,229.4873,2026-09-07 20:11:28,2026-09-07 16:15:05
NVDA,NVDA261009P00280000,NVDA,2026-10-09,P,280.0,49.45,11.0,50.2,13.0,0.0,2.0,6.0,-0.9725,0.0035,0.0439,-0.0307,-0.0514,50.0415,-0.2,46.38,50.15,46.38,up,50.15,2026-09-04T15:28:06,-0.39722,50.125,229.4873,2026-09-07 20:11:28,2026-09-07 16:15:05
NVDA,NVDA261009P00285000,NVDA,2026-10-09,P,285.0,50.0,55.0,58.85,52.0,0.32,0.0,0.0,-0.9812,0.0026,0.0305,-0.0232,-0.0425,54.9818,0.0,0.0,0.0,0.0,no_change,0.0,,0.0,54.6500015258789,229.4873,2026-09-07 20:11:28,2026-09-07 16:15:05
NVDA,NVDA261009P00290000,NVDA,2026-10-09,P,290.0,55.9,50.0,63.9,50.0,0.3438,0.0,0.0,-0.9871,0.0019,0.0235,-0.0174,-0.0408,59.9434,0.0,0.0,0.0,0.0,no_change,0.0,,0.0,59.4749984741211,229.4873,2026-09-07 20:11:28,2026-09-07 16:15:05
NVDA,NVDA261009P00295000,NVDA,2026-10-09,P,295.0,60.8,51.0,68.8,52.0,0.0,0.0,0.0,-0.991,0.0014,0.0153,-0.0129,-0.0341,64.9193,0.0,0.0,0.0,0.0,no_change,0.0,,0.0,64.5249996185303,229.4873,2026-09-07 20:11:28,2026-09-07 16:15:05
NVDA,NVDA261009P00300000,NVDA,2026-10-09,P,300.0,65.0,12.0,74.2,1.0,0.0,0.0,0.0,-0.9938,0.001,0.012,-0.0095,-0.0337,69.9027,0.0,0.0,0.0,0.0,no_change,0.0,,0.0,69.5,229.4873,2026-09-07 20:11:28,2026-09-07 16:15:05
NVDA,NVDA261009P00305000,NVDA,2026-10-09,P,305.0,70.7,10.0,78.8,10.0,0.0,0.0,0.0,-0.9957,0.0007,0.0082,-0.007,-0.0299,74.8915,0.0,0.0,0.0,0.0,no_change,0.0,,0.0,74.8249969482422,229.4873,2026-09-07 20:11:28,2026-09-07 16:15:05
NVDA,NVDA261009P00310000,NVDA,2026-10-09,P,310.0,75.7,51.0,84.1,51.0,0.4676,0.0,0.0,-0.9969,0.0005,0.0058,-0.0052,-0.0297,79.8838,0.0,0.0,0.0,0.0,no_change,0.0,,0.0,80.125,229.4873,2026-09-07 20:11:28,2026-09-07 16:15:05
NVDA,NVDA261009P00315000,NVDA,2026-10-09,P,315.0,80.55,51.0,89.1,51.0,0.4544,0.0,0.0,-0.9979,0.0004,0.0049,-0.0037,-0.0288,84.8775,0.0,0.0,0.0,0.0,no_change,0.0,,0.0,84.6749992370606,229.4873,2026-09-07 20:11:28,2026-09-07 16:15:05
NVDA,NVDA261009P00320000,NVDA,2026-10-09,P,320.0,85.7,51.0,93.8,51.0,0.0,0.0,0.0,-0.9984,0.0003,0.0029,-0.0028,-0.0282,89.8734,0.0,0.0,0.0,0.0,no_change,0.0,,0.0,89.4000015258789,229.4873,2026-09-07 20:11:28,2026-09-07 16:15:05
NVDA,NVDA261009P00325000,NVDA,2026-10-09,P,325.0,90.25,50.0,98.85,52.0,0.0,0.0,0.0,-0.9989,0.0002,0.0022,-0.0021,-0.0284,94.8699,0.0,0.0,0.0,0.0,no_change,0.0,,0.0,94.9249992370606,229.4873,2026-09-07 20:11:28,2026-09-07 16:15:05
NVDA,NVDA261009P00330000,NVDA,2026-10-09,P,330.0,95.2,51.0,103.8,51.0,0.0,0.0,0.0,-0.9992,0.0001,0.0019,-0.0016,-0.0288,99.8668,0.0,0.0,0.0,0.0,no_change,0.0,,0.0,99.7750015258789,229.4873,2026-09-07 20:11:28,2026-09-07 16:15:05
NVDA,NVDA261009P00335000,NVDA,2026-10-09,P,335.0,100.5,10.0,108.8,1.0,0.0,0.0,0.0,-0.9994,0.0001,0.0014,-0.0012,-0.0282,104.8642,0.0,0.0,0.0,0.0,no_change,0.0,,0.0,104.850002288818,229.4873,2026-09-07 20:11:28,2026-09-07 16:15:05
NVDA,NVDA261009P00340000,NVDA,2026-10-09,P,340.0,105.5,51.0,113.8,51.0,0.0,0.0,0.0,-0.9995,0.0001,0.0008,-0.0009,-0.0285,109.8619,0.0,0.0,0.0,0.0,no_change,0.0,,0.0,109.974998474121,229.4873,2026-09-07 20:11:28,2026-09-07 16:15:05
NVDA,NVDA261009P00345000,NVDA,2026-10-09,P,345.0,110.2,51.0,119.2,52.0,0.611,0.0,0.0,-0.9996,0.0001,0.0007,-0.0007,-0.0289,114.8598,0.0,0.0,0.0,0.0,no_change,0.0,,0.0,114.724998474121,229.4873,2026-09-07 20:11:28,2026-09-07 16:15:05
NVDA,NVDA261009P00350000,NVDA,2026-10-09,P,350.0,115.4,50.0,123.45,50.0,0.0,0.0,0.0,-0.9997,0.0,0.0006,-0.0006,-0.0293,119.8577,0.0,0.0,0.0,0.0,no_change,0.0,,0.0,119.449996948242,229.4873,2026-09-07 20:11:28,2026-09-07 16:15:05
NVDA,NVDA261009P00360000,NVDA,2026-10-09,P,360.0,125.0,12.0,133.9,1.0,0.0,0.0,0.0,-0.9998,0.0,0.0004,-0.0003,-0.0298,129.8537,0.0,0.0,0.0,0.0,no_change,0.0,,0.0,130.099998474121,229.4873,2026-09-07 20:11:28,2026-09-07 16:15:05
NVDA,NVDA261009P00370000,NVDA,2026-10-09,P,370.0,135.5,10.0,143.75,10.0,0.0,0.0,0.0,-0.9999,0.0,0.0002,-0.0002,-0.0306,139.8499,0.0,0.0,0.0,0.0,no_change,0.0,,0.0,140.099998474121,229.4873,2026-09-07 20:11:28,2026-09-07 16:15:05
NVDA,NVDA261009P00380000,NVDA,2026-10-09,P,380.0,145.7,50.0,153.75,51.0,0.0,0.0,0.0,-0.9999,0.0,0.0002,-0.0002,-0.0314,149.8463,0.0,0.0,0.0,0.0,no_change,0.0,,0.0,149.5,229.4873,2026-09-07 20:11:28,2026-09-07 16:15:05
NVDA,NVDA261009P00390000,NVDA,2026-10-09,P,390.0,155.0,51.0,163.75,52.0,0.0,0.0,0.0,-1.0,0.0,0.0001,-0.0001,-0.0322,159.8426,0.0,0.0,0.0,0.0,no_change,0.0,,0.0,159.774993896484,229.4873,2026-09-07 20:11:28,2026-09-07 16:15:05
NVDA,NVDA261016C00002500,NVDA,2026-10-16,C,2.5,223.9,2.0,232.85,1.0,6.2292,0.0,0.0,1.0,0.0,0.0,0.0,0.0001,227.7686,0.0,0.0,0.0,0.0,no_change,0.0,,0.0,227.674995422363,229.4873,2026-09-07 20:11:28,2026-09-07 16:15:05
NVDA,NVDA261016C00005000,NVDA,2026-10-16,C,5.0,220.95,1.0,230.0,2.0,0.0,3.0,0.0,1.0,0.0,0.0,0.0,0.0003,225.2995,0.0,0.0,0.0,0.0,up,223.0,2026-08-27T12:21:02,0.0,224.974998474121,229.4873,2026-09-07 20:11:28,2026-09-07 16:15:05
NVDA,NVDA261016C00007500,NVDA,2026-10-16,C,7.5,218.65,1.0,227.9,1.0,0.0,0.0,0.0,1.0,0.0,0.0,0.0,0.0004,222.8001,0.0,0.0,0.0,0.0,no_change,0.0,,0.0,222.549995422363,229.4873,2026-09-07 20:11:28,2026-09-07 16:15:05
NVDA,NVDA261016C00010000,NVDA,2026-10-16,C,10.0,216.4,1.0,225.0,2.0,3.9776,10.0,0.0,1.0,0.0,0.0,0.0,0.0006,220.2704,0.0,0.0,0.0,0.0,up,215.0,2026-08-13T11:17:59,0.0,220.174995422363,229.4873,2026-09-07 20:11:28,2026-09-07 16:15:05
NVDA,NVDA261016C00012500,NVDA,2026-10-16,C,12.5,213.55,1.0,222.9,1.0,0.0,0.0,0.0,1.0,0.0,0.0,0.0,0.0007,217.771,0.0,0.0,0.0,0.0,no_change,0.0,,0.0,217.5,229.4873,2026-09-07 20:11:28,2026-09-07 16:15:05
NVDA,NVDA261016C00015000,NVDA,2026-10-16,C,15.0,210.95,1.0,220.0,2.0,0.0,9.0,0.0,1.0,0.0,0.0,0.0,0.0008,215.2716,0.0,0.0,0.0,0.0,up,214.66,2026-08-27T12:41:07,0.0,214.974998474121,229.4873,2026-09-07 20:11:28,2026-09-07 16:15:05
NVDA,NVDA261016C00017500,NVDA,2026-10-16,C,17.5,208.7,1.0,217.9,1.0,0.0,0.0,0.0,1.0,0.0,0.0,0.0,0.001,212.7722,0.0,0.0,0.0,0.0,no_change,0.0,,0.0,212.574996948242,229.4873,2026-09-07 20:11:28,2026-09-07 16:15:05
NVDA,NVDA261016C00020000,NVDA,2026-10-16,C,20.0,206.35,1.0,215.0,2.0,2.8386,30.0,0.0,1.0,0.0,0.0,0.0,0.0011,210.2728,0.0,0.0,0.0,0.0,up,193.45,2026-07-22T12:00:54,0.0,210.150001525879,229.4873,2026-09-07 20:11:28,2026-09-07 16:15:05
NVDA,NVDA261016C00022500,NVDA,2026-10-16,C,22.5,203.7,1.0,212.9,1.0,0.0,0.0,0.0,1.0,0.0,0.0,0.0,0.0012,207.7734,0.0,0.0,0.0,0.0,no_change,0.0,,0.0,207.574996948242,229.4873,2026-09-07 20:11:28,2026-09-07 16:15:05
NVDA,NVDA261016C00025000,NVDA,2026-10-16,C,25.0,201.0,2.0,210.0,2.0,0.0,2.0,0.0,1.0,0.0,0.0,-0.0001,0.0015,205.2741,0.0,0.0,0.0,0.0,up,183.0,2026-07-23T15:00:26,0.0,204.974998474121,229.4873,2026-09-07 20:11:28,2026-09-07 16:15:05
NVDA,NVDA261016C00030000,NVDA,2026-10-16,C,30.0,195.95,1.0,205.0,2.0,0.0,33.0,0.0,1.0,0.0,0.0001,-0.0003,0.002,200.2755,0.0,0.0,0.0,0.0,down,173.5,2026-07-09T15:00:14,0.0,199.974998474121,229.4873,2026-09-07 20:11:28,2026-09-07 16:15:05
NVDA,NVDA261016C00035000,NVDA,2026-10-16,C,35.0,191.0,51.0,200.0,2.0,0.0,67.0,0.0,0.9999,0.0,0.0002,-0.0008,0.0033,195.2776,0.0,0.0,0.0,0.0,up,194.67,2026-08-27T15:59:39,0.0,194.974998474121,229.4873,2026-09-07 20:11:28,2026-09-07 16:15:05
NVDA,NVDA261016C00040000,NVDA,2026-10-16,C,40.0,186.0,2.0,195.0,2.0,0.0,25.0,0.0,0.9998,0.0,0.0007,-0.0018,0.0097,190.2818,0.0,0.0,0.0,0.0,up,179.38,2026-08-31T12:08:28,0.0,189.974998474121,229.4873,2026-09-07 20:11:28,2026-09-07 16:15:05
NVDA,NVDA261016C00045000,NVDA,2026-10-16,C,45.0,181.45,1.0,190.0,2.0,1.8251,44.0,0.0,0.9996,0.0,0.0015,-0.0028,0.0501,185.2965,0.0,0.0,0.0,0.0,up,174.72,2026-09-02T09:52:37,0.0,185.224998474121,229.4873,2026-09-07 20:11:28,2026-09-07 16:15:05
NVDA,NVDA261016C00050000,NVDA,2026-10-16,C,50.0,176.45,1.0,185.0,2.0,1.7093,24.0,0.0,0.9995,0.0,0.0018,-0.0031,0.0557,180.3245,0.0,0.0,0.0,0.0,down,170.0,2026-08-31T11:21:21,0.0,180.550003051758,229.4873,2026-09-07 20:11:28,2026-09-07 16:15:05
NVDA,NVDA261016C00055000,NVDA,2026-10-16,C,55.0,171.45,51.0,180.0,2.0,1.5395,3.0,0.0,0.9994,0.0,0.0021,-0.0035,0.0612,175.3528,0.0,0.0,0.0,0.0,up,172.39,2026-09-03T10:31:54,0.0,175.25,229.4873,2026-09-07 20:11:28,2026-09-07 16:15:05
NVDA,NVDA261016C00060000,NVDA,2026-10-16,C,60.0,166.15,2.0,175.0,2.0,0.0,5.0,1.0,0.9992,0.0,0.0025,-0.0039,0.0668,170.3814,3.52,172.57,172.57,172.57,up,172.57,2026-09-04T09:39:35,2.08222,170.474998474121,229.4873,2026-09-07 20:11:28,2026-09-07 16:15:05
NVDA,NVDA261016C00065000,NVDA,2026-10-16,C,65.0,161.15,51.0,170.0,2.0,0.0,32.0,0.0,0.999,0.0,0.0029,-0.0043,0.0723,165.4105,0.0,0.0,0.0,0.0,up,160.75,2026-08-28T10:50:01,0.0,165.125,229.4873,2026-09-07 20:11:28,2026-09-07 16:15:05
NVDA,NVDA261016C00070000,NVDA,2026-10-16,C,70.0,156.55,51.0,165.0,2.0,1.3431,16.0,1.0,0.9988,0.0,0.0034,-0.0048,0.0778,160.44,3.51,162.61,162.61,162.61,up,162.61,2026-09-04T09:39:35,2.20616,160.325004577637,229.4873,2026-09-07 20:11:28,2026-09-07 16:15:05
NVDA,NVDA261016C00075000,NVDA,2026-10-16,C,75.0,151.2,51.0,160.0,55.0,0.0,7.0,0.0,0.9986,0.0,0.0039,-0.0053,0.0834,155.47,0.0,0.0,0.0,0.0,down,145.3,2026-08-31T15:50:00,0.0,155.100006103516,229.4873,2026-09-07 20:11:28,2026-09-07 16:15:05
NVDA,NVDA261016C00080000,NVDA,2026-10-16,C,80.0,146.25,51.0,155.0,55.0,0.0,230.0,0.0,0.9984,0.0001,0.0045,-0.0058,0.0889,150.5005,0.0,0.0,0.0,0.0,up,128.41,2026-08-03T14:37:18,0.0,150.125,229.4873,2026-09-07 20:11:28,2026-09-07 16:15:05
NVDA,NVDA261016C00085000,NVDA,2026-10-16,C,85.0,141.65,52.0,150.6,1.0,1.1703,3.0,0.0,0.998,0.0001,0.0052,-0.0064,0.0944,145.5317,0.0,0.0,0.0,0.0,no_change,140.12,2026-08-14T15:21:46,0.0,145.299995422363,229.4873,2026-09-07 20:11:28,2026-09-07 16:15:05
NVDA,NVDA261016C00090000,NVDA,2026-10-16,C,90.0,136.45,1.0,145.7,55.0,0.9607,112.0,0.0,0.9977,0.0001,0.0059,-0.0071,0.0999,140.5636,0.0,0.0,0.0,0.0,up,112.5,2026-07-09T10:59:45,0.0,140.699996948242,229.4873,2026-09-07 20:11:28,2026-09-07 16:15:05
NVDA,NVDA261016C00095000,NVDA,2026-10-16,C,95.0,131.7,51.0,140.7,1.0,1.0471,58.0,0.0,0.9973,0.0001,0.0068,-0.0078,0.1053,135.5964,0.0,0.0,0.0,0.0,up,124.56,2026-08-31T10:18:30,0.0,135.324996948242,229.4873,2026-09-07 20:11:28,2026-09-07 16:15:05
NVDA,NVDA261016C00100000,NVDA,2026-10-16,C,100.0,126.35,2.0,135.75,1.0,0.9188,180.0,0.0,0.9969,0.0001,0.0078,-0.0085,0.1108,130.63,0.0,0.0,0.0,0.0,up,130.0,2026-09-03T15:10:51,0.0,129.799995422363,229.4873,2026-09-07 20:11:28,2026-09-07 16:15:05
NVDA,NVDA261016C00105000,NVDA,2026-10-16,C,105.0,121.8,1.0,130.8,1.0,0.9612,96.0,4.0,0.9963,0.0002,0.0089,-0.0093,0.1162,125.6646,4.16,128.91,128.91,128.91,up,128.91,2026-09-04T10:53:35,3.33467,125.525001525879,229.4873,2026-09-07 20:11:28,2026-09-07 16:15:05
NVDA,NVDA261016C00110000,NVDA,2026-10-16,C,110.0,116.9,56.0,124.75,10.0,0.9471,389.0,0.0,0.9957,0.0002,0.0102,-0.0102,0.1217,120.7005,0.0,0.0,0.0,0.0,no_change,114.02,2026-09-02T11:01:57,0.0,121.050003051758,229.4873,2026-09-07 20:11:28,2026-09-07 16:15:05
NVDA,NVDA261016C00115000,NVDA,2026-10-16,C,115.0,111.85,10.0,120.85,11.0,0.0,92.0,10.0,0.995,0.0002,0.0116,-0.0111,0.1271,115.7378,2.15,115.25,115.25,115.2,down,115.2,2026-09-04T14:21:36,1.90181,115.349998474121,229.4873,2026-09-07 20:11:28,2026-09-07 16:15:05
NVDA,NVDA261016C00120000,NVDA,2026-10-16,C,120.0,108.0,119.0,111.25,10.0,0.0,275.0,1.0,0.9942,0.0003,0.0132,-0.0122,0.1324,110.7766,2.905,112.68,112.68,112.68,up,112.68,2026-09-04T09:33:33,2.64632,110.275001525879,229.4873,2026-09-07 20:11:28,2026-09-07 16:15:05
NVDA,NVDA261016C00125000,NVDA,2026-10-16,C,125.0,103.6,2.0,109.8,5.0,1.0523,182.0,10.0,0.9932,0.0003,0.0151,-0.0133,0.1378,105.8172,1.0,105.7,105.7,105.7,no_change,105.7,2026-09-04T14:21:37,0.955109,105.024997711182,229.4873,2026-09-07 20:11:28,2026-09-07 16:15:05
NVDA,NVDA261016C00130000,NVDA,2026-10-16,C,130.0,99.0,124.0,102.9,62.0,0.7876,246.0,44.0,0.9921,0.0004,0.0173,-0.0145,0.143,100.8599,5.27,103.75,104.72,103.75,up,104.67,2026-09-04T10:08:21,5.30181,100.800003051758,229.4873,2026-09-07 20:11:28,2026-09-07 16:15:05
NVDA,NVDA261016C00135000,NVDA,2026-10-16,C,135.0,94.45,117.0,97.85,87.0,0.8026,377.0,6.0,0.9908,0.0004,0.0197,-0.0159,0.1483,95.905,0.595,96.38,96.38,95.02,down,95.02,2026-09-04T15:36:09,0.630126,95.5250015258789,229.4873,2026-09-07 20:11:28,2026-09-07 16:15:05
NVDA,NVDA261016C00140000,NVDA,2026-10-16,C,140.0,88.8,10.0,93.05,10.0,0.6623,436.0,0.0,0.9893,0.0005,0.0225,-0.0173,0.1534,90.9529,0.0,0.0,0.0,0.0,up,88.5,2026-09-03T09:44:50,0.0,90.5,229.4873,2026-09-07 20:11:28,2026-09-07 16:15:05
NVDA,NVDA261016C00145000,NVDA,2026-10-16,C,145.0,83.35,10.0,88.0,3.0,0.0,310.0,1.0,0.9875,0.0006,0.0258,-0.0189,0.1585,86.0041,3.235,89.26,89.26,89.26,up,89.26,2026-09-04T10:51:47,3.76053,85.4749984741211,229.4873,2026-09-07 20:11:28,2026-09-07 16:15:05
NVDA,NVDA261016C00150000,NVDA,2026-10-16,C,150.0,77.4,136.0,82.85,34.0,0.0,915.0,9.0,0.9854,0.0008,0.0295,-0.0206,0.1635,81.0594,1.63,83.0,83.0,81.25,up,81.68,2026-09-04T15:52:57,2.03623,80.5750007629394,229.4873,2026-09-07 20:11:28,2026-09-07 16:15:05
NVDA,NVDA261016C00155000,NVDA,2026-10-16,C,155.0,74.3,161.0,76.9,68.0,0.0,4599.0,14.0,0.9828,0.0009,0.0339,-0.0225,0.1684,76.1195,0.6,79.22,79.73,75.75,down,75.75,2026-09-04T15:08:29,0.798406,75.5750007629394,229.4873,2026-09-07 20:11:28,2026-09-07 16:15:05
NVDA,NVDA261016C00160000,NVDA,2026-10-16,C,160.0,67.9,152.0,72.6,83.0,0.0,4309.0,19.0,0.9797,0.0011,0.039,-0.0246,0.1732,71.1859,0.545,75.0,75.0,70.26,no_change,70.27,2026-09-04T15:35:31,0.781639,70.3499984741211,229.4873,2026-09-07 20:11:28,2026-09-07 16:15:05
NVDA,NVDA261016C00165000,NVDA,2026-10-16,C,165.0,62.8,168.0,70.15,129.0,0.5684,607.0,14.0,0.9759,0.0014,0.045,-0.0271,0.1778,66.2611,0.705,69.87,69.87,66.38,down,66.38,2026-09-04T15:07:56,1.07347,66.0750007629394,229.4873,2026-09-07 20:11:28,2026-09-07 16:15:05
NVDA,NVDA261016C00170000,NVDA,2026-10-16,C,170.0,59.65,183.0,61.65,11.0,0.0,1732.0,21.0,0.9712,0.0017,0.0524,-0.0299,0.182,61.3488,2.7,63.32,65.0,62.3,up,62.9,2026-09-04T11:38:12,4.48505,60.9750003814697,229.4873,2026-09-07 20:11:28,2026-09-07 16:15:05
NVDA,NVDA261016C00175000,NVDA,2026-10-16,C,175.0,53.0,347.0,57.05,84.0,0.0,2306.0,11.0,0.965,0.0021,0.0615,-0.0333,0.186,56.456,1.775,56.62,58.08,56.62,down,57.0,2026-09-04T15:52:27,3.21413,56.1500015258789,229.4873,2026-09-07 20:11:28,2026-09-07 16:15:05
NVDA,NVDA261016C00180000,NVDA,2026-10-16,C,180.0,49.7,15.0,52.55,52.0,0.3654,106495.0,77.0,0.9567,0.0026,0.073,-0.0377,0.1893,51.5929,0.575,52.18,55.7,51.0,no_change,51.0,2026-09-04T15:30:12,1.14031,51.2749996185303,229.4873,2026-09-07 20:11:28,2026-09-07 16:15:05
NVDA,NVDA261016C00185000,NVDA,2026-10-16,C,185.0,46.6,42.0,47.2,69.0,0.4419,2004.0,149.0,0.9455,0.0033,0.0877,-0.0433,0.1918,46.7761,1.12,47.22,50.47,46.57,down,46.57,2026-09-04T14:08:54,2.46425,46.5750007629394,229.4873,2026-09-07 20:11:28,2026-09-07 16:15:05
NVDA,NVDA261016C00190000,NVDA,2026-10-16,C,190.0,41.85,10.0,42.3,10.0,0.414,2828.0,156.0,0.93,0.0042,0.1064,-0.0505,0.1932,42.0283,1.0,42.47,46.35,41.85,down,41.85,2026-09-04T15:08:28,2.44798,41.7000007629394,229.4873,2026-09-07 20:11:28,2026-09-07 16:15:05
NVDA,NVDA261016C00195000,NVDA,2026-10-16,C,195.0,37.2,57.0,37.8,62.0,0.4034,6314.0,92.0,0.909,0.0053,0.1294,-0.0594,0.193,37.3803,1.675,37.8,41.0,37.17,up,38.0,2026-09-04T15:51:45,4.61115,37.1499996185303,229.4873,2026-09-07 20:11:28,2026-09-07 16:15:05
NVDA,NVDA261016C00200000,NVDA,2026-10-16,C,200.0,32.55,94.0,33.05,28.0,0.3769,8262.0,757.0,0.881,0.0067,0.1568,-0.07,0.1909,32.87,1.725,33.25,37.0,32.45,up,33.5,2026-09-04T15:55:02,5.4288,32.5999984741211,229.4873,2026-09-07 20:11:28,2026-09-07 16:15:05
NVDA,NVDA261016C00205000,NVDA,2026-10-16,C,205.0,28.35,82.0,28.9,72.0,0.3755,9254.0,199.0,0.8447,0.0082,0.1877,-0.0819,0.1864,28.5413,1.4,30.0,32.3,28.15,up,28.85,2026-09-04T15:51:30,5.10018,28.3249998092651,229.4873,2026-09-07 20:11:28,2026-09-07 16:15:05
NVDA,NVDA261016C00210000,NVDA,2026-10-16,C,210.0,24.3,40.0,24.65,39.0,0.3641,13736.0,1079.0,0.7995,0.0099,0.22,-0.0943,0.1793,24.4416,1.315,24.6,28.15,23.9,down,24.74,2026-09-04T15:57:49,5.61366,24.25,229.4873,2026-09-07 20:11:28,2026-09-07 16:15:05
NVDA,NVDA261016C00215000,NVDA,2026-10-16,C,215.0,20.5,21.0,20.8,12.0,0.3568,16742.0,986.0,0.7454,0.0115,0.2513,-0.106,0.1696,20.6185,1.325,21.1,24.2,20.1,down,20.95,2026-09-04T15:58:57,6.75159,20.375,229.4873,2026-09-07 20:11:28,2026-09-07 16:15:05
NVDA,NVDA261016C00220000,NVDA,2026-10-16,C,220.0,17.0,112.0,17.3,10.0,0.351,105608.0,3234.0,0.6831,0.013,0.2785,-0.1159,0.1574,17.1157,0.85,17.55,20.5,16.72,no_change,17.1,2026-09-04T15:59:42,5.23077,16.9000005722046,229.4873,2026-09-07 20:11:28,2026-09-07 16:15:05
NVDA,NVDA261016C00225000,NVDA,2026-10-16,C,225.0,13.8,70.0,14.15,28.0,0.3452,20513.0,2574.0,0.6143,0.0142,0.2988,-0.1229,0.1431,13.9701,0.83,13.97,17.1,13.65,up,13.98,2026-09-04T15:59:42,6.31179,13.7750000953674,229.4873,2026-09-07 20:11:28,2026-09-07 16:15:05
NVDA,NVDA261016C00230000,NVDA,2026-10-16,C,230.0,11.15,3.0,11.3,1.0,0.3418,38071.0,4953.0,0.5414,0.0148,0.3098,-0.1262,0.1272,11.2076,0.725,11.5,14.0,10.84,no_change,11.2,2026-09-04T15:59:11,6.92124,11.0500001907349,229.4873,2026-09-07 20:11:28,2026-09-07 16:15:05
NVDA,NVDA261016C00235000,NVDA,2026-10-16,C,235.0,8.75,99.0,9.0,27.0,0.3371,23367.0,7315.0,0.4672,0.015,0.3105,-0.1253,0.1106,8.84,0.65,9.1,11.3,8.5,up,8.85,2026-09-04T15:59:58,7.92683,8.69999980926514,229.4873,2026-09-07 20:11:28,2026-09-07 16:15:05
NVDA,NVDA261016C00240000,NVDA,2026-10-16,C,240.0,6.8,107.0,6.9,1.0,0.3364,47665.0,11308.0,0.3945,0.0146,0.3008,-0.1205,0.094,6.8509,0.55,7.0,9.0,6.55,down,6.85,2026-09-04T15:59:52,8.73016,6.77500009536743,229.4873,2026-09-07 20:11:28,2026-09-07 16:15:05
NVDA,NVDA261016C00245000,NVDA,2026-10-16,C,245.0,5.15,23.0,5.35,17.0,0.3366,30546.0,5970.0,0.3268,0.0137,0.2822,-0.1125,0.0782,5.2453,0.5,5.35,7.1,5.1,down,5.3,2026-09-04T15:59:39,10.4167,5.20000004768372,229.4873,2026-09-07 20:11:28,2026-09-07 16:15:05
NVDA,NVDA261016C00250000,NVDA,2026-10-16,C,250.0,3.95,300.0,4.0,10.0,0.3355,72914.0,13586.0,0.2663,0.0125,0.2574,-0.1022,0.064,3.9785,0.425,4.0,5.46,3.72,up,4.0,2026-09-04T15:59:57,11.8881,3.92500007152557,229.4873,2026-09-07 20:11:28,2026-09-07 16:15:05
NVDA,NVDA261016C00255000,NVDA,2026-10-16,C,255.0,2.93,314.0,3.05,25.0,0.3367,23007.0,19813.0,0.2136,0.011,0.2287,-0.0907,0.0515,2.9893,0.34,3.0,4.2,2.81,no_change,2.98,2026-09-04T15:59:44,12.8788,2.95500004291534,229.4873,2026-09-07 20:11:28,2026-09-07 16:15:05
NVDA,NVDA261016C00260000,NVDA,2026-10-16,C,260.0,2.19,5.0,2.28,5.0,0.3379,33660.0,5920.0,0.1693,0.0095,0.1987,-0.0788,0.0408,2.2347,0.305,2.21,3.18,2.02,down,2.24,2026-09-04T15:58:32,15.7623,2.20500004291534,229.4873,2026-09-07 20:11:28,2026-09-07 16:15:05
NVDA,NVDA261016C00265000,NVDA,2026-10-16,C,265.0,1.6,131.0,1.68,9.0,0.3396,10978.0,6020.0,0.1332,0.008,0.1698,-0.0676,0.0322,1.6719,0.315,1.75,2.39,1.63,no_change,1.73,2026-09-04T15:52:30,22.2615,1.64499998092651,229.4873,2026-09-07 20:11:28,2026-09-07 16:15:05
NVDA,NVDA261016C00270000,NVDA,2026-10-16,C,270.0,1.2,6.0,1.29,76.0,0.3433,23560.0,7305.0,0.1045,0.0067,0.1434,-0.0574,0.0252,1.2554,0.19,1.17,1.8,1.06,no_change,1.23,2026-09-04T15:59:29,18.2692,1.23000001907349,229.4873,2026-09-07 20:11:28,2026-09-07 16:15:05
NVDA,NVDA261016C00275000,NVDA,2026-10-16,C,275.0,0.9,5.0,0.98,21.0,0.3485,7890.0,1496.0,0.0816,0.0055,0.1198,-0.0482,0.0197,0.9431,0.16,0.8,1.35,0.8,down,0.93,2026-09-04T15:58:43,20.7792,0.925000011920929,229.4873,2026-09-07 20:11:28,2026-09-07 16:15:05
NVDA,NVDA261016C00280000,NVDA,2026-10-16,C,280.0,0.69,62.0,0.73,25.0,0.3535,17771.0,1515.0,0.064,0.0045,0.0998,-0.0405,0.0154,0.717,0.15,0.67,1.02,0.6,no_change,0.72,2026-09-04T15:49:35,26.3158,0.71000000834465,229.4873,2026-09-07 20:11:28,2026-09-07 16:15:05
NVDA,NVDA261016C00285000,NVDA,2026-10-16,C,285.0,0.53,9.0,0.57,81.0,0.3603,3377.0,606.0,0.0505,0.0037,0.0829,-0.034,0.0122,0.5507,0.12,0.48,0.8,0.48,no_change,0.55,2026-09-04T15:50:00,27.907,0.545000016689301,229.4873,2026-09-07 20:11:28,2026-09-07 16:15:05
NVDA,NVDA261016C00290000,NVDA,2026-10-16,C,290.0,0.4,16.0,0.45,121.0,0.3677,10593.0,384.0,0.0401,0.003,0.0691,-0.0286,0.0096,0.4284,0.11,0.35,0.61,0.33,no_change,0.44,2026-09-04T15:59:14,33.3333,0.429999992251396,229.4873,2026-09-07 20:11:28,2026-09-07 16:15:05
NVDA,NVDA261016C00295000,NVDA,2026-10-16,C,295.0,0.33,90.0,0.36,127.0,0.3748,1232.0,57.0,0.0321,0.0024,0.0577,-0.0242,0.0077,0.3377,0.12,0.3,0.47,0.3,down,0.38,2026-09-04T15:20:01,46.1538,0.350000008940697,229.4873,2026-09-07 20:11:28,2026-09-07 16:15:05
NVDA,NVDA261016C00300000,NVDA,2026-10-16,C,300.0,0.26,10.0,0.28,15.0,0.3818,13072.0,1393.0,0.026,0.002,0.0484,-0.0206,0.0062,0.2696,0.06,0.2,0.38,0.2,no_change,0.27,2026-09-04T15:59:14,28.5714,0.280000001192093,229.4873,2026-09-07 20:11:28,2026-09-07 16:15:05
NVDA,NVDA261016C00305000,NVDA,2026-10-16,C,305.0,0.21,69.0,0.24,120.0,0.3898,936.0,422.0,0.0212,0.0017,0.0409,-0.0177,0.0051,0.2179,0.065,0.19,0.32,0.19,no_change,0.23,2026-09-04T12:27:45,39.3939,0.229999996721745,229.4873,2026-09-07 20:11:28,2026-09-07 16:15:05
NVDA,NVDA261016C00310000,NVDA,2026-10-16,C,310.0,0.17,69.0,0.2,110.0,0.3976,3589.0,832.0,0.0175,0.0014,0.0347,-0.0152,0.0042,0.1781,0.07,0.25,0.26,0.2,no_change,0.2,2026-09-04T15:41:21,53.8462,0.190000005066395,229.4873,2026-09-07 20:11:28,2026-09-07 16:15:05
NVDA,NVDA261016C00315000,NVDA,2026-10-16,C,315.0,0.14,64.0,0.16,20.0,0.4043,917.0,228.0,0.0145,0.0012,0.0296,-0.0132,0.0035,0.1472,0.05,0.2,0.21,0.16,no_change,0.16,2026-09-04T15:58:07,45.4545,0.160000003874302,229.4873,2026-09-07 20:11:28,2026-09-07 16:15:05
NVDA,NVDA261016C00320000,NVDA,2026-10-16,C,320.0,0.11,113.0,0.14,95.0,0.412,2075.0,1200.0,0.0122,0.001,0.0255,-0.0115,0.0029,0.1227,0.045,0.07,0.17,0.07,down,0.13,2026-09-04T12:17:41,52.9412,0.129999998956919,229.4873,2026-09-07 20:11:28,2026-09-07 16:15:05
NVDA,NVDA261016C00325000,NVDA,2026-10-16,C,325.0,0.09,151.0,0.12,155.0,0.4196,144.0,112.0,0.0102,0.0008,0.022,-0.0101,0.0024,0.1032,0.05,0.11,0.12,0.11,no_change,0.12,2026-09-04T15:56:45,71.4286,0.109999999403954,229.4873,2026-09-07 20:11:28,2026-09-07 16:15:05
NVDA,NVDA261016C00330000,NVDA,2026-10-16,C,330.0,0.08,72.0,0.1,54.0,0.4279,2024.0,3737.0,0.0087,0.0007,0.019,-0.0089,0.0021,0.0876,0.035,0.05,0.13,0.05,down,0.09,2026-09-04T15:06:55,63.6364,0.0950000025331974,229.4873,2026-09-07 20:11:28,2026-09-07 16:15:05
NVDA,NVDA261016C00335000,NVDA,2026-10-16,C,335.0,0.06,54.0,0.09,85.0,0.4344,133.0,4.0,0.0074,0.0006,0.0166,-0.0079,0.0018,0.0749,0.02,0.07,0.07,0.07,up,0.07,2026-09-04T12:49:45,40.0,0.080000001937151,229.4873,2026-09-07 20:11:28,2026-09-07 16:15:05
NVDA,NVDA261016C00340000,NVDA,2026-10-16,C,340.0,0.05,85.0,0.08,66.0,0.4425,1433.0,133.0,0.0064,0.0005,0.0146,-0.007,0.0015,0.0645,0.04,0.08,0.08,0.08,no_change,0.08,2026-09-04T09:57:26,100.0,0.0699999984353781,229.4873,2026-09-07 20:11:28,2026-09-07 16:15:05
NVDA,NVDA261016C00345000,NVDA,2026-10-16,C,345.0,0.04,54.0,0.07,54.0,0.449,35.0,0.0,0.0056,0.0004,0.0128,-0.0063,0.0013,0.056,0.0,0.0,0.0,0.0,up,0.03,2026-09-03T12:16:59,0.0,0.0600000005215406,229.4873,2026-09-07 20:11:28,2026-09-07 16:15:05
NVDA,NVDA261016C00350000,NVDA,2026-10-16,C,350.0,0.04,70.0,0.05,10.0,0.4537,11303.0,963.0,0.0048,0.0004,0.0114,-0.0056,0.0011,0.0489,0.015,0.03,0.06,0.03,down,0.04,2026-09-04T15:55:53,60.0,0.0449999999254942,229.4873,2026-09-07 20:11:28,2026-09-07 16:15:05
NVDA,NVDA261016C00355000,NVDA,2026-10-16,C,355.0,0.03,46.0,0.06,54.0,0.4673,65.0,0.0,0.0042,0.0003,0.0101,-0.0051,0.001,0.0429,0.0,0.0,0.0,0.0,down,0.02,2026-09-03T12:08:44,0.0,0.0400000000372529,229.4873,2026-09-07 20:11:28,2026-09-07 16:15:05
NVDA,NVDA261016C00360000,NVDA,2026-10-16,C,360.0,0.02,1443.0,0.05,19.0,0.4752,2746.0,21.0,0.0038,0.0003,0.009,-0.0046,0.0009,0.038,0.01,0.04,0.04,0.04,no_change,0.04,2026-09-04T13:51:12,33.3333,0.0400000000372529,229.4873,2026-09-07 20:11:28,2026-09-07 16:15:05
NVDA,NVDA261016C00365000,NVDA,2026-10-16,C,365.0,0.02,31.0,0.04,37.0,0.4751,771.0,2.0,0.0033,0.0003,0.0081,-0.0042,0.0008,0.0338,0.03,0.03,0.05,0.03,up,0.05,2026-09-04T15:51:42,150.0,0.034999999217689,229.4873,2026-09-07 20:11:28,2026-09-07 16:15:05
NVDA,NVDA261016C00370000,NVDA,2026-10-16,C,370.0,0.02,11.0,0.03,10.0,0.4796,3118.0,30.0,0.003,0.0002,0.0073,-0.0038,0.0007,0.0302,0.025,0.02,0.04,0.02,up,0.04,2026-09-04T10:08:36,166.667,0.0249999994412065,229.4873,2026-09-07 20:11:28,2026-09-07 16:15:05
NVDA,NVDA261016C00375000,NVDA,2026-10-16,C,375.0,0.01,11.0,0.03,10.0,0.4822,1077.0,10.0,0.0026,0.0002,0.0066,-0.0035,0.0006,0.0271,0.005,0.02,0.02,0.02,up,0.02,2026-09-04T09:42:47,33.3333,0.0249999994412065,229.4873,2026-09-07 20:11:28,2026-09-07 16:15:05
NVDA,NVDA261016C00380000,NVDA,2026-10-16,C,380.0,0.01,12.0,0.02,10.0,0.4821,2616.0,25.0,0.0024,0.0002,0.006,-0.0032,0.0006,0.0244,0.015,0.02,0.03,0.02,up,0.03,2026-09-04T13:05:12,100.0,0.0149999996647239,229.4873,2026-09-07 20:11:28,2026-09-07 16:15:05
NVDA,NVDA261016C00385000,NVDA,2026-10-16,C,385.0,0.01,4.0,0.04,6.0,0.5155,32.0,20.0,0.0021,0.0002,0.0054,-0.003,0.0005,0.0221,0.01,0.02,0.03,0.02,up,0.03,2026-09-04T09:50:09,50.0,0.0199999995529652,229.4873,2026-09-07 20:11:28,2026-09-07 16:15:05
NVDA,NVDA261016C00390000,NVDA,2026-10-16,C,390.0,0.0,0.0,0.02,10.0,0.5047,2287.0,1.0,0.0019,0.0001,0.005,-0.0027,0.0004,0.0201,-0.005,0.01,0.01,0.01,down,0.01,2026-09-04T10:43:54,-33.3333,0.0149999996647239,229.4873,2026-09-07 20:11:28,2026-09-07 16:15:05
NVDA,NVDA261016C00395000,NVDA,2026-10-16,C,395.0,0.0,0.0,0.05,6.0,0.5473,22.0,0.0,0.0018,0.0001,0.0045,-0.0025,0.0004,0.0182,0.0,0.0,0.0,0.0,down,0.01,2026-09-03T12:46:58,0.0,0.0199999995529652,229.4873,2026-09-07 20:11:28,2026-09-07 16:15:05
NVDA,NVDA261016C00400000,NVDA,2026-10-16,C,400.0,0.0,0.0,0.02,10.0,0.5266,12884.0,71.0,0.0016,0.0001,0.0042,-0.0024,0.0004,0.0168,0.005,0.01,0.02,0.01,no_change,0.02,2026-09-04T14:03:36,33.3333,0.0149999996647239,229.4873,2026-09-07 20:11:28,2026-09-07 16:15:05
NVDA,NVDA261016C00405000,NVDA,2026-10-16,C,405.0,0.0,0.0,0.24,57.0,0.5608,12.0,0.0,0.0015,0.0001,0.0038,-0.0022,0.0003,0.0153,0.0,0.0,0.0,0.0,no_change,0.01,2026-09-03T14:32:53,0.0,0.0199999995529652,229.4873,2026-09-07 20:11:28,2026-09-07 16:15:05
NVDA,NVDA261016C00410000,NVDA,2026-10-16,C,410.0,0.0,0.0,0.02,10.0,0.5478,1538.0,20.0,0.0014,0.0001,0.0036,-0.0021,0.0003,0.0142,0.0,0.01,0.01,0.01,no_change,0.01,2026-09-04T09:38:40,2.23517e-06,0.0149999996647239,229.4873,2026-09-07 20:11:28,2026-09-07 16:15:05
NVDA,NVDA261016C00415000,NVDA,2026-10-16,C,415.0,0.0,0.0,0.03,10.0,0.5715,11.0,1.0,0.0012,0.0001,0.0033,-0.0019,0.0003,0.0131,0.01,0.02,0.02,0.02,no_change,0.02,2026-09-04T09:45:50,100.0,0.0149999996647239,229.4873,2026-09-07 20:11:28,2026-09-07 16:15:05
NVDA,NVDA261016C00420000,NVDA,2026-10-16,C,420.0,0.0,0.0,0.04,10.0,0.593,494.0,0.0,0.0011,0.0001,0.003,-0.0018,0.0003,0.012,0.0,0.0,0.0,0.0,down,0.01,2026-09-03T15:04:51,0.0,0.0149999996647239,229.4873,2026-09-07 20:11:28,2026-09-07 16:15:05
NVDA,NVDA261016C00425000,NVDA,2026-10-16,C,425.0,0.0,0.0,0.04,5.0,0.6033,0.0,0.0,0.001,0.0001,0.0028,-0.0017,0.0002,0.0112,0.0,0.0,0.0,0.0,no_change,0.0,,0.0,0.0149999996647239,229.4873,2026-09-07 20:11:28,2026-09-07 16:15:05
NVDA,NVDA261016C00430000,NVDA,2026-10-16,C,430.0,0.0,0.0,0.04,4.0,0.5884,275.0,1.0,0.001,0.0001,0.0026,-0.0016,0.0002,0.0104,0.01,0.02,0.02,0.02,down,0.02,2026-09-04T15:51:10,100.0,0.00999999977648258,229.4873,2026-09-07 20:11:28,2026-09-07 16:15:05
NVDA,NVDA261016C00435000,NVDA,2026-10-16,C,435.0,0.0,0.0,0.04,5.0,0.6123,0.0,0.0,0.0009,0.0001,0.0025,-0.0015,0.0002,0.0097,0.0,0.0,0.0,0.0,no_change,0.0,,0.0,0.00999999977648258,229.4873,2026-09-07 20:11:28,2026-09-07 16:15:05
NVDA,NVDA261016C00440000,NVDA,2026-10-16,C,440.0,0.01,5.0,0.04,23.0,0.6339,663.0,20.0,0.0008,0.0001,0.0023,-0.0014,0.0002,0.0091,-0.005,0.01,0.01,0.01,no_change,0.01,2026-09-04T14:23:46,-33.3333,0.0149999996647239,229.4873,2026-09-07 20:11:28,2026-09-07 16:15:05
NVDA,NVDA261016C00450000,NVDA,2026-10-16,C,450.0,0.0,0.0,0.01,20.0,0.5783,770.0,0.0,0.0007,0.0,0.002,-0.0013,0.0002,0.0079,0.0,0.0,0.0,0.0,no_change,0.02,2026-08-31T13:41:54,0.0,0.00499999988824129,229.4873,2026-09-07 20:11:28,2026-09-07 16:15:05
NVDA,NVDA261016C00455000,NVDA,2026-10-16,C,455.0,0.0,0.0,0.01,40.0,0.587,712.0,0.0,0.0007,0.0,0.0019,-0.0012,0.0002,0.0074,0.0,0.0,0.0,0.0,no_change,0.01,2026-09-02T12:26:36,0.0,0.00499999988824129,229.4873,2026-09-07 20:11:28,2026-09-07 16:15:05
NVDA,NVDA261016C00460000,NVDA,2026-10-16,C,460.0,0.0,0.0,0.01,20.0,0.5957,17122.0,426.0,0.0006,0.0,0.0018,-0.0011,0.0001,0.007,0.0,0.01,0.02,0.01,no_change,0.01,2026-09-04T11:38:05,2.23517e-06,0.00499999988824129,229.4873,2026-09-07 20:11:28,2026-09-07 16:15:05
NVDA,NVDA261016P00002500,NVDA,2026-10-16,P,2.5,0.0,0.0,0.01,1000.0,4.1954,0.0,0.0,0.0,0.0,0.0001,-0.0004,0.0,0.0022,0.0,0.0,0.0,0.0,no_change,0.0,,0.0,0.00499999988824129,229.4873,2026-09-07 20:11:28,2026-09-07 16:15:05
NVDA,NVDA261016P00005000,NVDA,2026-10-16,P,5.0,0.0,0.0,0.01,2000.0,3.4871,4024.0,0.0,0.0,0.0,0.0001,-0.0005,0.0,0.0033,0.0,0.0,0.0,0.0,up,0.02,2026-07-08T11:59:47,0.0,0.00499999988824129,229.4873,2026-09-07 20:11:28,2026-09-07 16:15:05
NVDA,NVDA261016P00007500,NVDA,2026-10-16,P,7.5,0.0,0.0,0.01,1000.0,3.09,0.0,0.0,-0.0001,0.0,0.0002,-0.0007,0.0,0.0042,0.0,0.0,0.0,0.0,no_change,0.0,,0.0,0.00499999988824129,229.4873,2026-09-07 20:11:28,2026-09-07 16:15:05
NVDA,NVDA261016P00010000,NVDA,2026-10-16,P,10.0,0.0,0.0,0.01,2000.0,2.8149,10.0,0.0,-0.0001,0.0,0.0002,-0.0008,0.0,0.0051,0.0,0.0,0.0,0.0,down,0.01,2026-07-28T13:46:06,0.0,0.00499999988824129,229.4873,2026-09-07 20:11:28,2026-09-07 16:15:05
NVDA,NVDA261016P00012500,NVDA,2026-10-16,P,12.5,0.0,0.0,0.01,1000.0,2.605,0.0,0.0,-0.0001,0.0,0.0003,-0.0009,0.0,0.006,0.0,0.0,0.0,0.0,no_change,0.0,,0.0,0.00499999988824129,229.4873,2026-09-07 20:11:28,2026-09-07 16:15:05
NVDA,NVDA261016P00015000,NVDA,2026-10-16,P,15.0,0.0,0.0,0.03,10.0,2.6529,0.0,0.0,-0.0001,0.0,0.0004,-0.0011,0.0,0.0069,0.0,0.0,0.0,0.0,no_change,0.0,,0.0,0.00499999988824129,229.4873,2026-09-07 20:11:28,2026-09-07 16:15:05
NVDA,NVDA261016P00017500,NVDA,2026-10-16,P,17.5,0.0,0.0,0.03,9.0,2.4974,0.0,0.0,-0.0001,0.0,0.0004,-0.0012,0.0,0.0078,0.0,0.0,0.0,0.0,no_change,0.0,,0.0,0.00499999988824129,229.4873,2026-09-07 20:11:28,2026-09-07 16:15:05
NVDA,NVDA261016P00020000,NVDA,2026-10-16,P,20.0,0.0,0.0,0.03,9.0,2.364,502.0,0.0,-0.0002,0.0,0.0005,-0.0013,0.0,0.0087,0.0,0.0,0.0,0.0,no_change,0.01,2026-08-26T13:09:10,0.0,0.00499999988824129,229.4873,2026-09-07 20:11:28,2026-09-07 16:15:05
NVDA,NVDA261016P00022500,NVDA,2026-10-16,P,22.5,0.0,0.0,0.01,1.0,2.0652,0.0,0.0,-0.0002,0.0,0.0006,-0.0014,-0.0001,0.0097,0.0,0.0,0.0,0.0,no_change,0.0,,0.0,0.00499999988824129,229.4873,2026-09-07 20:11:28,2026-09-07 16:15:05
NVDA,NVDA261016P00025000,NVDA,2026-10-16,P,25.0,0.0,0.0,0.03,7.0,2.1434,30.0,0.0,-0.0002,0.0,0.0007,-0.0016,-0.0001,0.0107,0.0,0.0,0.0,0.0,up,0.03,2026-07-29T11:24:12,0.0,0.00999999977648258,229.4873,2026-09-07 20:11:28,2026-09-07 16:15:05
NVDA,NVDA261016P00030000,NVDA,2026-10-16,P,30.0,0.0,0.0,0.03,6.0,1.9654,1.0,0.0,-0.0003,0.0,0.0008,-0.0018,-0.0001,0.0128,0.0,0.0,0.0,0.0,up,0.02,2026-05-22T11:19:22,0.0,0.00999999977648258,229.4873,2026-09-07 20:11:28,2026-09-07 16:15:05
NVDA,NVDA261016P00035000,NVDA,2026-10-16,P,35.0,0.0,0.0,0.03,4.0,1.8161,40.0,0.0,-0.0004,0.0,0.001,-0.0021,-0.0001,0.0151,0.0,0.0,0.0,0.0,no_change,0.01,2026-09-02T11:29:35,0.0,0.00999999977648258,229.4873,2026-09-07 20:11:28,2026-09-07 16:15:05
NVDA,NVDA261016P00040000,NVDA,2026-10-16,P,40.0,0.0,0.0,0.03,16.0,1.6878,269.0,0.0,-0.0005,0.0,0.0013,-0.0024,-0.0001,0.0176,0.0,0.0,0.0,0.0,no_change,0.01,2026-08-26T14:22:31,0.0,0.00999999977648258,229.4873,2026-09-07 20:11:28,2026-09-07 16:15:05
NVDA,NVDA261016P00045000,NVDA,2026-10-16,P,45.0,0.0,0.0,0.01,1.0,1.4485,89.0,0.0,-0.0006,0.0,0.0015,-0.0028,-0.0002,0.0204,0.0,0.0,0.0,0.0,no_change,0.06,2026-08-05T15:04:24,0.0,0.00499999988824129,229.4873,2026-09-07 20:11:28,2026-09-07 16:15:05
NVDA,NVDA261016P00050000,NVDA,2026-10-16,P,50.0,0.0,0.0,0.04,41.0,1.5403,206.0,3.0,-0.0007,0.0,0.0018,-0.0031,-0.0002,0.0234,-0.005,0.01,0.01,0.01,no_change,0.01,2026-09-04T10:55:54,-33.3333,0.0199999995529652,229.4873,2026-09-07 20:11:28,2026-09-07 16:15:05
NVDA,NVDA261016P00055000,NVDA,2026-10-16,P,55.0,0.0,0.0,0.04,11.0,1.4462,147.0,1.0,-0.0008,0.0,0.0021,-0.0035,-0.0002,0.0267,0.0,0.02,0.02,0.02,no_change,0.02,2026-09-04T10:54:40,2.23517e-06,0.0199999995529652,229.4873,2026-09-07 20:11:28,2026-09-07 16:15:05
NVDA,NVDA261016P00060000,NVDA,2026-10-16,P,60.0,0.0,0.0,0.05,12.0,1.3829,306.0,0.0,-0.001,0.0,0.0025,-0.0039,-0.0003,0.0304,0.0,0.0,0.0,0.0,up,0.02,2026-09-02T11:28:01,0.0,0.0199999995529652,229.4873,2026-09-07 20:11:28,2026-09-07 16:15:05
NVDA,NVDA261016P00065000,NVDA,2026-10-16,P,65.0,0.01,5.0,0.05,8.0,1.303,65.0,3.0,-0.0011,0.0,0.0029,-0.0043,-0.0003,0.0345,0.01,0.03,0.03,0.03,no_change,0.03,2026-09-04T11:04:22,50.0,0.0249999994412065,229.4873,2026-09-07 20:11:28,2026-09-07 16:15:05
NVDA,NVDA261016P00070000,NVDA,2026-10-16,P,70.0,0.0,0.0,0.06,13.0,1.2468,364.0,0.0,-0.0013,0.0,0.0034,-0.0048,-0.0004,0.0391,0.0,0.0,0.0,0.0,up,0.03,2026-08-27T10:25:43,0.0,0.0299999993294477,229.4873,2026-09-07 20:11:28,2026-09-07 16:15:05
NVDA,NVDA261016P00075000,NVDA,2026-10-16,P,75.0,0.01,5.0,0.06,14.0,1.1774,260.0,67.0,-0.0016,0.0,0.0039,-0.0053,-0.0004,0.0441,0.0,0.04,0.05,0.02,down,0.03,2026-09-04T15:49:48,2.23517e-06,0.0350000001490116,229.4873,2026-09-07 20:11:28,2026-09-07 16:15:05
NVDA,NVDA261016P00080000,NVDA,2026-10-16,P,80.0,0.01,3.0,0.21,63.0,1.1266,394.0,0.0,-0.0018,0.0001,0.0045,-0.0058,-0.0005,0.0497,0.0,0.0,0.0,0.0,down,0.04,2026-08-28T09:32:15,0.0,0.0400000000372529,229.4873,2026-09-07 20:11:28,2026-09-07 16:15:05
NVDA,NVDA261016P00085000,NVDA,2026-10-16,P,85.0,0.03,1.0,0.07,9.0,1.0885,809.0,112.0,-0.0021,0.0001,0.0052,-0.0064,-0.0006,0.0559,0.01,0.05,0.06,0.04,up,0.05,2026-09-04T15:29:36,25.0,0.0499999988824129,229.4873,2026-09-07 20:11:28,2026-09-07 16:15:05
NVDA,NVDA261016P00090000,NVDA,2026-10-16,P,90.0,0.03,7.0,0.08,6.0,1.039,887.0,62.0,-0.0025,0.0001,0.0059,-0.0071,-0.0006,0.0629,0.0,0.06,0.07,0.04,down,0.05,2026-09-04T14:31:20,2.23517e-06,0.0600000005215406,229.4873,2026-09-07 20:11:28,2026-09-07 16:15:05
NVDA,NVDA261016P00095000,NVDA,2026-10-16,P,95.0,0.04,6.0,0.09,10.0,0.9996,914.0,1.0,-0.0028,0.0001,0.0068,-0.0078,-0.0008,0.0706,0.01,0.07,0.07,0.07,up,0.07,2026-09-04T15:52:25,16.6667,0.0699999984353781,229.4873,2026-09-07 20:11:28,2026-09-07 16:15:05
NVDA,NVDA261016P00100000,NVDA,2026-10-16,P,100.0,0.01,14.0,0.08,1.0,0.9526,4607.0,17.0,-0.0033,0.0001,0.0078,-0.0085,-0.0009,0.0793,0.0,0.08,0.08,0.07,no_change,0.07,2026-09-04T12:55:39,2.23517e-06,0.0749999992549419,229.4873,2026-09-07 20:11:28,2026-09-07 16:15:05
NVDA,NVDA261016P00105000,NVDA,2026-10-16,P,105.0,0.06,5.0,0.11,7.0,0.9198,1255.0,50.0,-0.0038,0.0002,0.0089,-0.0093,-0.001,0.089,0.02,0.09,0.1,0.08,up,0.1,2026-09-04T15:49:48,25.0,0.0899999998509884,229.4873,2026-09-07 20:11:28,2026-09-07 16:15:05
NVDA,NVDA261016P00110000,NVDA,2026-10-16,P,110.0,0.07,50.0,0.11,1.0,0.88,6746.0,3.0,-0.0044,0.0002,0.0102,-0.0102,-0.0012,0.1,0.01,0.1,0.1,0.1,no_change,0.1,2026-09-04T10:27:36,11.1111,0.100000001490116,229.4873,2026-09-07 20:11:28,2026-09-07 16:15:05
NVDA,NVDA261016P00115000,NVDA,2026-10-16,P,115.0,0.08,17.0,0.16,19.0,0.8452,3880.0,175.0,-0.0052,0.0002,0.0116,-0.0112,-0.0013,0.1123,0.03,0.12,0.13,0.1,up,0.13,2026-09-04T14:31:20,30.0,0.114999998360872,229.4873,2026-09-07 20:11:28,2026-09-07 16:15:05
NVDA,NVDA261016P00120000,NVDA,2026-10-16,P,120.0,0.1,73.0,0.15,110.0,0.8101,14385.0,3727.0,-0.006,0.0003,0.0133,-0.0122,-0.0016,0.1258,0.01,0.14,0.15,0.12,up,0.13,2026-09-04T14:29:13,8.33334,0.129999998956919,229.4873,2026-09-07 20:11:28,2026-09-07 16:15:05
NVDA,NVDA261016P00125000,NVDA,2026-10-16,P,125.0,0.12,109.0,0.15,1.0,0.7745,7819.0,5238.0,-0.0069,0.0003,0.0152,-0.0133,-0.0018,0.1418,0.015,0.15,0.17,0.14,no_change,0.15,2026-09-04T15:59:02,11.1111,0.140000000596046,229.4873,2026-09-07 20:11:28,2026-09-07 16:15:05
NVDA,NVDA261016P00130000,NVDA,2026-10-16,P,130.0,0.13,42.0,0.18,20.0,0.7445,4917.0,1266.0,-0.008,0.0004,0.0173,-0.0146,-0.0021,0.1593,0.02,0.18,0.18,0.16,up,0.17,2026-09-04T14:46:47,13.3333,0.160000003874302,229.4873,2026-09-07 20:11:28,2026-09-07 16:15:05
NVDA,NVDA261016P00135000,NVDA,2026-10-16,P,135.0,0.15,18.0,0.2,24.0,0.7107,4251.0,30.0,-0.0093,0.0004,0.0197,-0.0159,-0.0024,0.1795,0.0,0.19,0.19,0.18,no_change,0.18,2026-09-04T10:32:17,1.65568e-07,0.179999999701977,229.4873,2026-09-07 20:11:28,2026-09-07 16:15:05
NVDA,NVDA261016P00140000,NVDA,2026-10-16,P,140.0,0.18,73.0,0.24,41.0,0.6766,19742.0,1846.0,-0.0109,0.0005,0.0226,-0.0174,-0.0028,0.2026,0.005,0.2,0.22,0.2,no_change,0.21,2026-09-04T14:03:55,2.43903,0.21000000089407,229.4873,2026-09-07 20:11:28,2026-09-07 16:15:05
NVDA,NVDA261016P00145000,NVDA,2026-10-16,P,145.0,0.2,88.0,0.24,99.0,0.6444,8442.0,1525.0,-0.0127,0.0006,0.0258,-0.019,-0.0032,0.2291,0.0,0.24,0.25,0.22,no_change,0.23,2026-09-04T14:55:58,1.42533e-06,0.229999996721745,229.4873,2026-09-07 20:11:28,2026-09-07 16:15:05
NVDA,NVDA261016P00150000,NVDA,2026-10-16,P,150.0,0.23,98.0,0.26,218.0,0.6152,24312.0,1466.0,-0.0148,0.0008,0.0296,-0.0207,-0.0038,0.2595,-0.005,0.25,0.28,0.25,no_change,0.26,2026-09-04T15:59:59,-1.88679,0.265000000596046,229.4873,2026-09-07 20:11:28,2026-09-07 16:15:05
NVDA,NVDA261016P00155000,NVDA,2026-10-16,P,155.0,0.28,85.0,0.31,92.0,0.5832,12446.0,1523.0,-0.0174,0.0009,0.0341,-0.0226,-0.0044,0.2949,0.0,0.29,0.31,0.28,up,0.3,2026-09-04T15:04:14,9.93411e-07,0.295000001788139,229.4873,2026-09-07 20:11:28,2026-09-07 16:15:05
NVDA,NVDA261016P00160000,NVDA,2026-10-16,P,160.0,0.33,1.0,0.35,38.0,0.5548,18358.0,1828.0,-0.0205,0.0011,0.0391,-0.0248,-0.0052,0.3368,-0.025,0.33,0.35,0.32,down,0.33,2026-09-04T15:52:21,-7.04225,0.33500000834465,229.4873,2026-09-07 20:11:28,2026-09-07 16:15:05
NVDA,NVDA261016P00165000,NVDA,2026-10-16,P,165.0,0.37,11.0,0.4,16.0,0.5262,22139.0,60.0,-0.0244,0.0014,0.0452,-0.0272,-0.0062,0.3873,-0.03,0.4,0.4,0.37,down,0.38,2026-09-04T15:57:19,-7.31707,0.385000005364418,229.4873,2026-09-07 20:11:28,2026-09-07 16:15:05
NVDA,NVDA261016P00170000,NVDA,2026-10-16,P,170.0,0.44,1.0,0.48,30.0,0.4982,33235.0,179.0,-0.0292,0.0017,0.0527,-0.0301,-0.0073,0.4508,-0.06,0.47,0.47,0.42,down,0.42,2026-09-04T15:59:04,-12.5,0.444999992847443,229.4873,2026-09-07 20:11:28,2026-09-07 16:15:05
NVDA,NVDA261016P00175000,NVDA,2026-10-16,P,175.0,0.51,51.0,0.56,27.0,0.4712,19448.0,179.0,-0.0354,0.0021,0.0617,-0.0336,-0.0089,0.5335,-0.04,0.55,0.55,0.49,up,0.53,2026-09-04T14:51:54,-7.01754,0.530000001192093,229.4873,2026-09-07 20:11:28,2026-09-07 16:15:05
NVDA,NVDA261016P00180000,NVDA,2026-10-16,P,180.0,0.62,90.0,0.68,70.0,0.448,63055.0,3197.0,-0.0438,0.0026,0.0734,-0.038,-0.0108,0.6467,-0.06,0.65,0.68,0.58,no_change,0.64,2026-09-04T15:58:23,-8.57143,0.644999980926514,229.4873,2026-09-07 20:11:28,2026-09-07 16:15:05
NVDA,NVDA261016P00185000,NVDA,2026-10-16,P,185.0,0.78,85.0,0.84,68.0,0.4272,20003.0,2172.0,-0.0551,0.0033,0.0881,-0.0436,-0.0137,0.8059,-0.07,0.81,0.83,0.71,no_change,0.8,2026-09-04T15:47:38,-8.04598,0.805000007152557,229.4873,2026-09-07 20:11:28,2026-09-07 16:15:05
NVDA,NVDA261016P00190000,NVDA,2026-10-16,P,190.0,1.01,14.0,1.05,50.0,0.4095,23441.0,1154.0,-0.0707,0.0042,0.1068,-0.0509,-0.0175,1.0354,-0.095,1.04,1.06,0.89,no_change,1.02,2026-09-04T15:57:19,-8.52018,1.03999996185303,229.4873,2026-09-07 20:11:28,2026-09-07 16:15:05
NVDA,NVDA261016P00195000,NVDA,2026-10-16,P,195.0,1.33,32.0,1.37,1.0,0.3935,36381.0,1616.0,-0.0918,0.0054,0.1299,-0.0599,-0.0224,1.3635,-0.13,1.54,1.54,1.16,down,1.34,2026-09-04T15:55:21,-8.84354,1.37000000476837,229.4873,2026-09-07 20:11:28,2026-09-07 16:15:05
NVDA,NVDA261016P00200000,NVDA,2026-10-16,P,200.0,1.79,108.0,1.85,1.0,0.3812,42414.0,6990.0,-0.1202,0.0067,0.1578,-0.0707,-0.0291,1.8336,-0.155,1.85,1.89,1.52,up,1.81,2026-09-04T15:59:59,-7.88804,1.84500002861023,229.4873,2026-09-07 20:11:28,2026-09-07 16:15:05
NVDA,NVDA261016P00205000,NVDA,2026-10-16,P,205.0,2.44,20.0,2.51,28.0,0.3707,29782.0,4422.0,-0.1571,0.0083,0.1892,-0.0828,-0.0377,2.4897,-0.175,2.47,2.58,2.02,up,2.48,2026-09-04T15:59:52,-6.59134,2.51499998569489,229.4873,2026-09-07 20:11:28,2026-09-07 16:15:05
NVDA,NVDA261016P00210000,NVDA,2026-10-16,P,210.0,3.3,81.0,3.4,19.0,0.3625,18989.0,2278.0,-0.2028,0.01,0.2218,-0.0954,-0.0482,3.375,-0.25,3.2,3.5,2.73,no_change,3.35,2026-09-04T15:59:59,-6.94445,3.42500007152557,229.4873,2026-09-07 20:11:28,2026-09-07 16:15:05
NVDA,NVDA261016P00215000,NVDA,2026-10-16,P,215.0,4.45,10.0,4.6,13.0,0.3561,9556.0,1605.0,-0.2575,0.0117,0.253,-0.1074,-0.0603,4.5351,-0.25,4.4,4.73,3.67,up,4.55,2026-09-04T15:59:28,-5.20833,4.60000014305115,229.4873,2026-09-07 20:11:28,2026-09-07 16:15:05
NVDA,NVDA261016P00220000,NVDA,2026-10-16,P,220.0,5.95,5.0,6.05,1.0,0.3486,57544.0,3113.0,-0.321,0.0132,0.2799,-0.1177,-0.0738,6.0321,-0.33,5.75,6.27,4.9,down,6.02,2026-09-04T15:59:46,-5.19685,6.10000014305115,229.4873,2026-09-07 20:11:28,2026-09-07 16:15:05
NVDA,NVDA261016P00225000,NVDA,2026-10-16,P,225.0,7.75,19.0,7.95,10.0,0.3446,10635.0,3547.0,-0.391,0.0144,0.2995,-0.125,-0.088,7.8866,-0.425,7.63,8.16,6.45,up,7.85,2026-09-04T15:58:09,-5.13595,8.0,229.4873,2026-09-07 20:11:28,2026-09-07 16:15:05
NVDA,NVDA261016P00230000,NVDA,2026-10-16,P,230.0,10.0,5.0,10.2,5.0,0.341,11646.0,11830.0,-0.4654,0.0151,0.3096,-0.1287,-0.1017,10.131,-0.5,9.7,10.45,8.4,no_change,10.1,2026-09-04T15:59:46,-4.71698,10.25,229.4873,2026-09-07 20:11:28,2026-09-07 16:15:05
NVDA,NVDA261016P00235000,NVDA,2026-10-16,P,235.0,12.65,6.0,12.85,10.0,0.338,3580.0,4979.0,-0.5408,0.0154,0.3088,-0.1283,-0.1137,12.7626,-0.55,12.42,13.11,10.7,no_change,12.75,2026-09-04T15:59:58,-4.13534,12.9250001907349,229.4873,2026-09-07 20:11:28,2026-09-07 16:15:05
NVDA,NVDA261016P00240000,NVDA,2026-10-16,P,240.0,15.6,36.0,15.9,20.0,0.3362,2247.0,1934.0,-0.6151,0.015,0.2973,-0.124,-0.1236,15.8076,-0.655,14.65,16.05,13.44,down,15.77,2026-09-04T15:49:17,-3.98782,15.9999995231628,229.4873,2026-09-07 20:11:28,2026-09-07 16:15:05
NVDA,NVDA261016P00245000,NVDA,2026-10-16,P,245.0,19.05,14.0,19.35,16.0,0.3353,386.0,162.0,-0.685,0.0142,0.2762,-0.1166,-0.1292,19.2316,-0.095,18.5,19.68,16.55,up,19.68,2026-09-04T15:35:35,-0.480407,19.2249994277954,229.4873,2026-09-07 20:11:28,2026-09-07 16:15:05
NVDA,NVDA261016P00250000,NVDA,2026-10-16,P,250.0,22.45,286.0,23.25,236.0,0.3296,1149.0,208.0,-0.7483,0.013,0.2477,-0.1068,-0.1303,22.9984,-0.55,21.35,23.5,20.0,up,23.5,2026-09-04T13:56:20,-2.2869,23.25,229.4873,2026-09-07 20:11:28,2026-09-07 16:15:05
NVDA,NVDA261016P00255000,NVDA,2026-10-16,P,255.0,26.4,109.0,27.3,32.0,0.3266,912.0,45.0,-0.8035,0.0116,0.2144,-0.0956,-0.1267,27.0615,-0.825,23.96,27.25,23.96,up,27.25,2026-09-04T15:16:44,-2.93856,27.3250007629395,229.4873,2026-09-07 20:11:28,2026-09-07 16:15:05
NVDA,NVDA261016P00260000,NVDA,2026-10-16,P,260.0,30.65,116.0,31.65,31.0,0.3259,312.0,21.0,-0.8502,0.0101,0.1793,-0.084,-0.1187,31.3697,-1.25,29.05,30.8,27.91,up,30.8,2026-09-04T11:57:21,-3.90016,31.625,229.4873,2026-09-07 20:11:28,2026-09-07 16:15:05
NVDA,NVDA261016P00265000,NVDA,2026-10-16,P,265.0,35.15,80.0,36.15,40.0,0.3249,222.0,5.0,-0.8886,0.0086,0.1464,-0.0724,-0.1075,35.8735,-4.355,32.35,32.47,32.35,up,32.47,2026-09-04T10:27:54,-11.8262,36.125,229.4873,2026-09-07 20:11:28,2026-09-07 16:15:05
NVDA,NVDA261016P00270000,NVDA,2026-10-16,P,270.0,39.8,90.0,40.8,53.0,0.3222,1031.0,27.0,-0.9191,0.007,0.1157,-0.0608,-0.0938,40.5286,-1.075,37.45,40.5,36.65,up,40.5,2026-09-04T13:52:42,-2.58569,40.7749996185303,229.4873,2026-09-07 20:11:28,2026-09-07 16:15:05
NVDA,NVDA261016P00275000,NVDA,2026-10-16,P,275.0,44.6,11.0,45.5,11.0,0.3127,34.0,0.0,-0.9424,0.0056,0.0876,-0.0498,-0.0788,45.2957,0.0,0.0,0.0,0.0,down,47.9,2026-09-02T12:17:16,0.0,45.375,229.4873,2026-09-07 20:11:28,2026-09-07 16:15:05
NVDA,NVDA261016P00280000,NVDA,2026-10-16,P,280.0,49.45,30.0,50.35,11.0,0.283,17.0,3.0,-0.9597,0.0044,0.0669,-0.0399,-0.071,50.141,-0.675,47.54,50.5,47.54,down,49.8,2026-09-04T15:29:58,-1.3373,50.3999996185303,229.4873,2026-09-07 20:11:28,2026-09-07 16:15:05
NVDA,NVDA261016P00285000,NVDA,2026-10-16,P,285.0,54.4,11.0,55.2,11.0,0.0,0.0,0.0,-0.9723,0.0033,0.0476,-0.0308,-0.0566,55.0427,0.0,0.0,0.0,0.0,down,65.58,2026-08-10T11:57:30,0.0,55.125,229.4873,2026-09-07 20:11:28,2026-09-07 16:15:05
NVDA,NVDA261016P00290000,NVDA,2026-10-16,P,290.0,55.9,51.0,63.85,51.0,0.3276,0.0,0.0,-0.9811,0.0025,0.0343,-0.0234,-0.0454,59.9786,0.0,0.0,0.0,0.0,up,74.6,2026-09-01T15:58:28,0.0,60.75,229.4873,2026-09-07 20:11:28,2026-09-07 16:15:05
NVDA,NVDA261016P00295000,NVDA,2026-10-16,P,295.0,60.7,51.0,68.8,51.0,0.0,0.0,0.0,-0.9872,0.0018,0.0242,-0.0173,-0.0426,64.939,0.0,0.0,0.0,0.0,down,79.62,2026-08-21T10:36:24,0.0,65.1749992370606,229.4873,2026-09-07 20:11:28,2026-09-07 16:15:05
NVDA,NVDA261016P00300000,NVDA,2026-10-16,P,300.0,65.9,51.0,73.75,51.0,0.0,2.0,1.0,-0.9914,0.0013,0.017,-0.0127,-0.0351,69.9127,-2.125,68.5,68.5,68.5,down,68.5,2026-09-04T11:40:21,-3.00885,70.25,229.4873,2026-09-07 20:11:28,2026-09-07 16:15:05
NVDA,NVDA261016P00305000,NVDA,2026-10-16,P,305.0,71.25,51.0,77.9,51.0,0.0,0.0,0.0,-0.9941,0.0009,0.0116,-0.0092,-0.0339,74.8966,0.0,0.0,0.0,0.0,no_change,0.0,,0.0,75.4000015258789,229.4873,2026-09-07 20:11:28,2026-09-07 16:15:05
NVDA,NVDA261016P00310000,NVDA,2026-10-16,P,310.0,75.55,10.0,83.75,10.0,0.0,0.0,0.0,-0.9961,0.0007,0.009,-0.0065,-0.0298,79.8847,0.0,0.0,0.0,0.0,down,87.0,2026-08-07T15:21:26,0.0,80.1500015258789,229.4873,2026-09-07 20:11:28,2026-09-07 16:15:05
NVDA,NVDA261016P00315000,NVDA,2026-10-16,P,315.0,80.1,10.0,88.75,10.0,0.0,0.0,0.0,-0.9973,0.0005,0.005,-0.0047,-0.0299,84.8778,0.0,0.0,0.0,0.0,no_change,0.0,,0.0,84.9249992370606,229.4873,2026-09-07 20:11:28,2026-09-07 16:15:05
NVDA,NVDA261016P00320000,NVDA,2026-10-16,P,320.0,85.55,10.0,94.1,10.0,0.4512,0.0,0.0,-0.9982,0.0003,0.004,-0.0033,-0.0297,89.8722,0.0,0.0,0.0,0.0,no_change,0.0,,0.0,89.9749984741211,229.4873,2026-09-07 20:11:28,2026-09-07 16:15:05
NVDA,NVDA261016P00325000,NVDA,2026-10-16,P,325.0,90.0,12.0,98.8,51.0,0.0,0.0,0.0,-0.9988,0.0002,0.003,-0.0023,-0.028,94.8679,0.0,0.0,0.0,0.0,no_change,0.0,,0.0,94.8499984741211,229.4873,2026-09-07 20:11:28,2026-09-07 16:15:05
NVDA,NVDA261016P00330000,NVDA,2026-10-16,P,330.0,95.5,10.0,103.75,1.0,0.0,0.0,0.0,-0.9991,0.0002,0.0016,-0.0017,-0.0284,99.8649,0.0,0.0,0.0,0.0,no_change,0.0,,0.0,100.025001525879,229.4873,2026-09-07 20:11:28,2026-09-07 16:15:05
NVDA,NVDA261016P00335000,NVDA,2026-10-16,P,335.0,100.7,51.0,108.45,51.0,0.0,0.0,0.0,-0.9994,0.0001,0.0013,-0.0012,-0.0286,104.8621,0.0,0.0,0.0,0.0,no_change,0.0,,0.0,104.950000762939,229.4873,2026-09-07 20:11:28,2026-09-07 16:15:05
NVDA,NVDA261016P00340000,NVDA,2026-10-16,P,340.0,105.0,12.0,113.75,10.0,0.0,0.0,0.0,-0.9996,0.0001,0.0011,-0.0008,-0.0289,109.8596,0.0,0.0,0.0,0.0,no_change,0.0,,0.0,110.150001525879,229.4873,2026-09-07 20:11:28,2026-09-07 16:15:05
NVDA,NVDA261016P00345000,NVDA,2026-10-16,P,345.0,110.0,51.0,118.75,55.0,0.0,0.0,0.0,-0.9997,0.0001,0.0006,-0.0006,-0.0287,114.8575,0.0,0.0,0.0,0.0,no_change,0.0,,0.0,114.950000762939,229.4873,2026-09-07 20:11:28,2026-09-07 16:15:05
NVDA,NVDA261016P00350000,NVDA,2026-10-16,P,350.0,115.0,12.0,123.75,10.0,0.0,0.0,0.0,-0.9998,0.0,0.0004,-0.0004,-0.029,119.8555,0.0,0.0,0.0,0.0,no_change,0.0,,0.0,120.049999237061,229.4873,2026-09-07 20:11:28,2026-09-07 16:15:05
NVDA,NVDA261016P00355000,NVDA,2026-10-16,P,355.0,120.3,10.0,128.9,1.0,0.0,0.0,0.0,-0.9999,0.0,0.0003,-0.0003,-0.0294,124.8535,0.0,0.0,0.0,0.0,no_change,0.0,,0.0,125.0,229.4873,2026-09-07 20:11:28,2026-09-07 16:15:05
NVDA,NVDA261016P00360000,NVDA,2026-10-16,P,360.0,125.0,12.0,134.05,10.0,0.5713,0.0,0.0,-0.9999,0.0,0.0003,-0.0002,-0.0298,129.8516,0.0,0.0,0.0,0.0,up,142.25,2026-05-29T13:06:51,0.0,130.074996948242,229.4873,2026-09-07 20:11:28,2026-09-07 16:15:05
NVDA,NVDA261016P00365000,NVDA,2026-10-16,P,365.0,130.0,55.0,138.85,51.0,0.0,0.0,0.0,-1.0,0.0,0.0002,-0.0001,-0.0301,134.8497,0.0,0.0,0.0,0.0,no_change,0.0,,0.0,134.849998474121,229.4873,2026-09-07 20:11:28,2026-09-07 16:15:05
NVDA,NVDA261016P00370000,NVDA,2026-10-16,P,370.0,135.0,55.0,143.75,51.0,0.0,0.0,0.0,-1.0,0.0,0.0001,-0.0001,-0.0305,139.8479,0.0,0.0,0.0,0.0,up,146.03,2026-08-27T09:34:17,0.0,139.949996948242,229.4873,2026-09-07 20:11:28,2026-09-07 16:15:05
NVDA,NVDA261016P00375000,NVDA,2026-10-16,P,375.0,140.0,12.0,148.75,51.0,0.0,0.0,0.0,-1.0,0.0,0.0001,-0.0001,-0.0309,144.8461,0.0,0.0,0.0,0.0,no_change,0.0,,0.0,144.799995422363,229.4873,2026-09-07 20:11:28,2026-09-07 16:15:05
NVDA,NVDA261016P00380000,NVDA,2026-10-16,P,380.0,145.5,51.0,154.1,51.0,0.6388,0.0,0.0,-1.0,0.0,0.0,-0.0001,-0.0313,149.8442,0.0,0.0,0.0,0.0,up,158.2,2026-05-21T14:10:39,0.0,149.974998474121,229.4873,2026-09-07 20:11:28,2026-09-07 16:15:05
NVDA,NVDA261016P00385000,NVDA,2026-10-16,P,385.0,150.0,12.0,158.75,51.0,0.6971,0.0,0.0,-1.0,0.0,0.0,0.0,-0.0317,154.8424,0.0,0.0,0.0,0.0,no_change,0.0,,0.0,154.875,229.4873,2026-09-07 20:11:28,2026-09-07 16:15:05
NVDA,NVDA261016P00390000,NVDA,2026-10-16,P,390.0,155.0,12.0,163.75,10.0,0.0,0.0,0.0,-1.0,0.0,0.0,0.0,-0.0321,159.8406,0.0,0.0,0.0,0.0,down,183.33,2026-08-03T15:53:36,0.0,159.925003051758,229.4873,2026-09-07 20:11:28,2026-09-07 16:15:05
NVDA,NVDA261016P00395000,NVDA,2026-10-16,P,395.0,160.0,55.0,168.75,51.0,0.0,0.0,0.0,-1.0,0.0,0.0,0.0,-0.0325,164.8388,0.0,0.0,0.0,0.0,no_change,0.0,,0.0,165.0,229.4873,2026-09-07 20:11:28,2026-09-07 16:15:05
NVDA,NVDA261016P00400000,NVDA,2026-10-16,P,400.0,165.45,51.0,173.75,51.0,0.0,1.0,0.0,-1.0,0.0,0.0,0.0,-0.0329,169.837,0.0,0.0,0.0,0.0,up,184.22,2026-08-21T12:12:33,0.0,170.025001525879,229.4873,2026-09-07 20:11:28,2026-09-07 16:15:05
NVDA,NVDA261016P00405000,NVDA,2026-10-16,P,405.0,170.0,2.0,178.7,1.0,0.0,0.0,0.0,-1.0,0.0,0.0,0.0,-0.0333,174.8352,0.0,0.0,0.0,0.0,no_change,0.0,,0.0,175.0,229.4873,2026-09-07 20:11:28,2026-09-07 16:15:05
NVDA,NVDA261016P00410000,NVDA,2026-10-16,P,410.0,175.7,10.0,182.9,10.0,0.0,0.0,0.0,-1.0,0.0,0.0,0.0,-0.0337,179.8335,0.0,0.0,0.0,0.0,down,182.97,2026-08-13T15:50:28,0.0,180.025001525879,229.4873,2026-09-07 20:11:28,2026-09-07 16:15:05
NVDA,NVDA261016P00415000,NVDA,2026-10-16,P,415.0,180.0,12.0,188.75,1.0,0.0,0.0,0.0,-1.0,0.0,0.0,0.0,-0.0341,184.8317,0.0,0.0,0.0,0.0,no_change,0.0,,0.0,184.824996948242,229.4873,2026-09-07 20:11:28,2026-09-07 16:15:05
NVDA,NVDA261016P00420000,NVDA,2026-10-16,P,420.0,185.0,55.0,193.75,52.0,0.8821,0.0,0.0,-1.0,0.0,0.0,0.0,-0.0345,189.8299,0.0,0.0,0.0,0.0,no_change,0.0,,0.0,190.025001525879,229.4873,2026-09-07 20:11:28,2026-09-07 16:15:05
NVDA,NVDA261016P00425000,NVDA,2026-10-16,P,425.0,190.0,12.0,198.95,51.0,0.0,0.0,0.0,-1.0,0.0,0.0,0.0,-0.0349,194.8281,0.0,0.0,0.0,0.0,no_change,0.0,,0.0,194.775001525879,229.4873,2026-09-07 20:11:28,2026-09-07 16:15:05
NVDA,NVDA261016P00430000,NVDA,2026-10-16,P,430.0,195.0,55.0,204.1,52.0,0.0,0.0,0.0,-1.0,0.0,0.0,0.0,-0.0353,199.8263,0.0,0.0,0.0,0.0,no_change,0.0,,0.0,199.950004577637,229.4873,2026-09-07 20:11:28,2026-09-07 16:15:05
NVDA,NVDA261016P00435000,NVDA,2026-10-16,P,435.0,200.0,55.0,208.7,51.0,0.0,0.0,0.0,-1.0,0.0,0.0,0.0,-0.0357,204.8245,0.0,0.0,0.0,0.0,no_change,0.0,,0.0,204.875,229.4873,2026-09-07 20:11:28,2026-09-07 16:15:05
NVDA,NVDA261016P00440000,NVDA,2026-10-16,P,440.0,205.0,55.0,214.05,51.0,0.7912,0.0,0.0,-1.0,0.0,0.0,0.0,-0.0362,209.8227,0.0,0.0,0.0,0.0,down,212.53,2026-05-13T12:30:55,0.0,210.074996948242,229.4873,2026-09-07 20:11:28,2026-09-07 16:15:05
NVDA,NVDA261016P00450000,NVDA,2026-10-16,P,450.0,215.0,12.0,224.1,56.0,0.8199,0.0,0.0,-1.0,0.0,0.0,0.0,-0.037,219.8191,0.0,0.0,0.0,0.0,no_change,0.0,,0.0,219.899993896484,229.4873,2026-09-07 20:11:28,2026-09-07 16:15:05
NVDA,NVDA261016P00455000,NVDA,2026-10-16,P,455.0,220.0,12.0,229.05,11.0,0.8847,0.0,0.0,-1.0,0.0,0.0,0.0,-0.0374,224.8173,0.0,0.0,0.0,0.0,down,229.4,2026-08-13T15:51:57,0.0,224.900001525879,229.4873,2026-09-07 20:11:28,2026-09-07 16:15:05
NVDA,NVDA261016P00460000,NVDA,2026-10-16,P,460.0,225.0,12.0,234.0,1.0,0.7933,0.0,0.0,-1.0,0.0,0.0,0.0,-0.0378,229.8155,0.0,0.0,0.0,0.0,down,234.38,2026-08-13T15:51:57,0.0,230.049995422363,229.4873,2026-09-07 20:11:28,2026-09-07 16:15:05
NVDA,NVDA261023C00050000,NVDA,2026-10-23,C,50.0,175.05,2.0,185.0,2.0,0.0,0.0,0.0,0.9995,0.0,0.002,-0.0028,0.0651,180.388,0.0,0.0,0.0,0.0,no_change,0.0,,0.0,180.075004577637,229.4873,2026-09-07 20:11:28,2026-09-07 16:15:05
NVDA,NVDA261023C00055000,NVDA,2026-10-23,C,55.0,170.05,2.0,180.0,2.0,0.0,0.0,0.0,0.9994,0.0,0.0024,-0.0032,0.0716,175.4212,0.0,0.0,0.0,0.0,no_change,0.0,,0.0,175.125,229.4873,2026-09-07 20:11:28,2026-09-07 16:15:05
NVDA,NVDA261023C00060000,NVDA,2026-10-23,C,60.0,165.0,2.0,175.0,2.0,0.0,0.0,0.0,0.9992,0.0,0.0028,-0.0036,0.0781,170.4548,0.0,0.0,0.0,0.0,no_change,0.0,,0.0,170.125,229.4873,2026-09-07 20:11:28,2026-09-07 16:15:05
NVDA,NVDA261023C00065000,NVDA,2026-10-23,C,65.0,160.0,2.0,170.0,2.0,0.0,0.0,0.0,0.999,0.0,0.0034,-0.004,0.0845,165.4889,0.0,0.0,0.0,0.0,no_change,0.0,,0.0,165.174995422363,229.4873,2026-09-07 20:11:28,2026-09-07 16:15:05
NVDA,NVDA261023C00070000,NVDA,2026-10-23,C,70.0,155.05,1.0,165.0,2.0,0.0,0.0,0.0,0.9988,0.0,0.0039,-0.0045,0.091,160.5235,0.0,0.0,0.0,0.0,no_change,0.0,,0.0,160.324996948242,229.4873,2026-09-07 20:11:28,2026-09-07 16:15:05
NVDA,NVDA261023C00075000,NVDA,2026-10-23,C,75.0,151.0,51.0,160.4,3.0,0.0,0.0,0.0,0.9986,0.0001,0.0046,-0.005,0.0974,155.5588,0.0,0.0,0.0,0.0,no_change,0.0,,0.0,155.324996948242,229.4873,2026-09-07 20:11:28,2026-09-07 16:15:05
NVDA,NVDA261023C00080000,NVDA,2026-10-23,C,80.0,146.0,2.0,155.95,1.0,0.0,0.0,0.0,0.9983,0.0001,0.0053,-0.0055,0.1039,150.5947,0.0,0.0,0.0,0.0,no_change,0.0,,0.0,150.375,229.4873,2026-09-07 20:11:28,2026-09-07 16:15:05
NVDA,NVDA261023C00085000,NVDA,2026-10-23,C,85.0,141.0,51.0,150.95,1.0,0.0,0.0,0.0,0.9979,0.0001,0.0061,-0.0061,0.1103,145.6315,0.0,0.0,0.0,0.0,no_change,0.0,,0.0,145.425003051758,229.4873,2026-09-07 20:11:28,2026-09-07 16:15:05
NVDA,NVDA261023C00090000,NVDA,2026-10-23,C,90.0,136.0,2.0,145.95,1.0,0.0,0.0,0.0,0.9975,0.0001,0.007,-0.0068,0.1167,140.6691,0.0,0.0,0.0,0.0,no_change,0.0,,0.0,140.425003051758,229.4873,2026-09-07 20:11:28,2026-09-07 16:15:05
NVDA,NVDA261023C00095000,NVDA,2026-10-23,C,95.0,131.0,2.0,140.95,1.0,0.0,0.0,0.0,0.9971,0.0001,0.0081,-0.0074,0.1231,135.7077,0.0,0.0,0.0,0.0,no_change,0.0,,0.0,135.524993896484,229.4873,2026-09-07 20:11:28,2026-09-07 16:15:05
NVDA,NVDA261023C00100000,NVDA,2026-10-23,C,100.0,126.0,51.0,135.95,1.0,0.0,0.0,0.0,0.9966,0.0001,0.0093,-0.0082,0.1295,130.7474,0.0,0.0,0.0,0.0,no_change,0.0,,0.0,130.574996948242,229.4873,2026-09-07 20:11:28,2026-09-07 16:15:05
NVDA,NVDA261023C00105000,NVDA,2026-10-23,C,105.0,121.0,2.0,130.3,2.0,0.0,0.0,0.0,0.996,0.0002,0.0106,-0.009,0.1358,125.7884,0.0,0.0,0.0,0.0,no_change,0.0,,0.0,125.599998474121,229.4873,2026-09-07 20:11:28,2026-09-07 16:15:05
NVDA,NVDA261023C00110000,NVDA,2026-10-23,C,110.0,116.0,12.0,125.65,10.0,0.0,0.0,0.0,0.9953,0.0002,0.0122,-0.0099,0.1421,120.8308,0.0,0.0,0.0,0.0,no_change,0.0,,0.0,120.625,229.4873,2026-09-07 20:11:28,2026-09-07 16:15:05
NVDA,NVDA261023C00115000,NVDA,2026-10-23,C,115.0,111.25,51.0,120.4,10.0,0.0,0.0,0.0,0.9945,0.0002,0.0139,-0.0108,0.1484,115.8749,0.0,0.0,0.0,0.0,no_change,0.0,,0.0,115.675003051758,229.4873,2026-09-07 20:11:28,2026-09-07 16:15:05
NVDA,NVDA261023C00120000,NVDA,2026-10-23,C,120.0,106.0,55.0,115.65,10.0,0.5099,0.0,0.0,0.9935,0.0003,0.016,-0.0119,0.1546,110.9208,0.0,0.0,0.0,0.0,no_change,0.0,,0.0,110.724998474121,229.4873,2026-09-07 20:11:28,2026-09-07 16:15:05
NVDA,NVDA261023C00125000,NVDA,2026-10-23,C,125.0,101.35,10.0,110.6,10.0,0.59,0.0,0.0,0.9924,0.0003,0.0182,-0.013,0.1608,105.969,0.0,0.0,0.0,0.0,no_change,0.0,,0.0,105.775001525879,229.4873,2026-09-07 20:11:28,2026-09-07 16:15:05
NVDA,NVDA261023C00130000,NVDA,2026-10-23,C,130.0,96.0,55.0,105.75,10.0,0.5914,0.0,0.0,0.9912,0.0004,0.0208,-0.0142,0.1669,101.0196,0.0,0.0,0.0,0.0,no_change,0.0,,0.0,100.824996948242,229.4873,2026-09-07 20:11:28,2026-09-07 16:15:05
NVDA,NVDA261023C00135000,NVDA,2026-10-23,C,135.0,91.1,51.0,101.0,12.0,0.5793,0.0,0.0,0.9897,0.0005,0.0238,-0.0156,0.173,96.073,0.0,0.0,0.0,0.0,no_change,0.0,,0.0,96.375,229.4873,2026-09-07 20:11:28,2026-09-07 16:15:05
NVDA,NVDA261023C00140000,NVDA,2026-10-23,C,140.0,86.3,51.0,95.75,10.0,0.561,0.0,0.0,0.988,0.0006,0.0272,-0.017,0.179,91.1299,0.0,0.0,0.0,0.0,no_change,0.0,,0.0,91.2000007629394,229.4873,2026-09-07 20:11:28,2026-09-07 16:15:05
NVDA,NVDA261023C00145000,NVDA,2026-10-23,C,145.0,81.3,10.0,90.8,10.0,0.5666,0.0,0.0,0.9859,0.0007,0.031,-0.0186,0.1849,86.1908,0.0,0.0,0.0,0.0,no_change,0.0,,0.0,86.5,229.4873,2026-09-07 20:11:28,2026-09-07 16:15:05
NVDA,NVDA261023C00150000,NVDA,2026-10-23,C,150.0,76.8,51.0,86.0,2.0,0.5386,0.0,0.0,0.9835,0.0008,0.0355,-0.0203,0.1906,81.2566,0.0,0.0,0.0,0.0,no_change,0.0,,0.0,82.2999992370606,229.4873,2026-09-07 20:11:28,2026-09-07 16:15:05
NVDA,NVDA261023C00155000,NVDA,2026-10-23,C,155.0,71.9,51.0,81.0,2.0,0.51,0.0,0.0,0.9806,0.001,0.0408,-0.0222,0.1962,76.3288,0.0,0.0,0.0,0.0,no_change,0.0,,0.0,76.4000015258789,229.4873,2026-09-07 20:11:28,2026-09-07 16:15:05
NVDA,NVDA261023C00160000,NVDA,2026-10-23,C,160.0,67.45,51.0,75.55,10.0,0.5482,5.0,5.0,0.977,0.0012,0.047,-0.0244,0.2016,71.4098,0.375,71.2,71.2,71.2,up,71.2,2026-09-04T13:49:29,0.529473,72.2999992370606,229.4873,2026-09-07 20:11:28,2026-09-07 16:15:05
NVDA,NVDA261023C00165000,NVDA,2026-10-23,C,165.0,62.45,55.0,70.65,11.0,0.5126,1.0,1.0,0.9726,0.0015,0.0544,-0.0269,0.2068,66.5032,4.07,69.52,69.52,69.52,up,69.52,2026-09-04T09:47:17,6.21849,67.1999988555908,229.4873,2026-09-07 20:11:28,2026-09-07 16:15:05
NVDA,NVDA261023C00170000,NVDA,2026-10-23,C,170.0,57.55,56.0,65.75,10.0,0.4854,12.0,12.0,0.9669,0.0018,0.0635,-0.0299,0.2115,61.6152,0.33,65.7,65.7,61.38,no_change,61.38,2026-09-04T13:50:07,0.540539,62.8500022888184,229.4873,2026-09-07 20:11:28,2026-09-07 16:15:05
NVDA,NVDA261023C00175000,NVDA,2026-10-23,C,175.0,52.5,13.0,58.8,11.0,0.0,1.0,1.0,0.9595,0.0022,0.0748,-0.0337,0.2157,56.755,4.2,60.4,60.4,60.4,up,60.4,2026-09-04T10:38:51,7.47331,56.6999988555908,229.4873,2026-09-07 20:11:28,2026-09-07 16:15:05
NVDA,NVDA261023C00180000,NVDA,2026-10-23,C,180.0,51.5,5.0,52.85,20.0,0.4635,1.0,1.0,0.9497,0.0028,0.089,-0.0385,0.219,51.9362,1.75,52.45,52.45,52.45,up,52.45,2026-09-04T13:16:17,3.45167,51.9000015258789,229.4873,2026-09-07 20:11:28,2026-09-07 16:15:05
NVDA,NVDA261023C00185000,NVDA,2026-10-23,C,185.0,45.15,52.0,48.9,11.0,0.4491,1.0,1.0,0.9365,0.0035,0.1067,-0.0445,0.2214,47.1773,1.7,47.85,47.85,47.85,up,47.85,2026-09-04T13:32:05,3.68364,47.0250015258789,229.4873,2026-09-07 20:11:28,2026-09-07 16:15:05
NVDA,NVDA261023C00190000,NVDA,2026-10-23,C,190.0,41.9,37.0,43.45,13.0,0.4184,2.0,2.0,0.9189,0.0044,0.1284,-0.0519,0.2222,42.5027,1.775,43.25,43.25,43.25,up,43.25,2026-09-04T12:11:28,4.27969,41.9250011444092,229.4873,2026-09-07 20:11:28,2026-09-07 16:15:05
NVDA,NVDA261023C00195000,NVDA,2026-10-23,C,195.0,37.15,21.0,38.9,21.0,0.3978,10.0,0.0,0.8958,0.0054,0.1543,-0.0606,0.2212,37.942,0.0,0.0,0.0,0.0,no_change,37.45,2026-09-03T14:49:19,0.0,37.4499988555908,229.4873,2026-09-07 20:11:28,2026-09-07 16:15:05
NVDA,NVDA261023C00200000,NVDA,2026-10-23,C,200.0,33.15,9.0,34.5,79.0,0.3977,52.0,50.0,0.8662,0.0067,0.1837,-0.0705,0.2181,33.5299,0.82,37.08,37.29,33.32,down,33.32,2026-09-04T15:45:54,2.52308,33.375,229.4873,2026-09-07 20:11:28,2026-09-07 16:15:05
NVDA,NVDA261023C00205000,NVDA,2026-10-23,C,205.0,28.6,32.0,30.3,53.0,0.3795,7.0,10.0,0.8295,0.008,0.2154,-0.0811,0.2125,29.3046,0.425,32.73,32.89,28.75,down,28.75,2026-09-04T15:42:06,1.50044,29.1499996185303,229.4873,2026-09-07 20:11:28,2026-09-07 16:15:05
NVDA,NVDA261023C00210000,NVDA,2026-10-23,C,210.0,24.85,9.0,26.25,68.0,0.3751,57.0,7.0,0.7852,0.0094,0.2476,-0.0917,0.2044,25.3057,1.875,28.1,28.13,26.0,down,26.0,2026-09-04T12:34:52,7.77202,25.0500001907349,229.4873,2026-09-07 20:11:28,2026-09-07 16:15:05
NVDA,NVDA261023C00215000,NVDA,2026-10-23,C,215.0,21.2,17.0,21.7,1.0,0.3544,103.0,33.0,0.7335,0.0108,0.2779,-0.1015,0.1936,21.572,0.615,23.0,24.68,21.34,down,21.34,2026-09-04T15:59:43,2.96743,21.3249998092651,229.4873,2026-09-07 20:11:28,2026-09-07 16:15:05
NVDA,NVDA261023C00220000,NVDA,2026-10-23,C,220.0,17.5,10.0,19.4,16.0,0.3471,122.0,140.0,0.6753,0.012,0.3039,-0.1096,0.1805,18.139,1.4,20.65,21.13,18.1,up,18.55,2026-09-04T15:52:44,8.16326,18.0,229.4873,2026-09-07 20:11:28,2026-09-07 16:15:05
NVDA,NVDA261023C00225000,NVDA,2026-10-23,C,225.0,14.8,10.0,16.15,32.0,0.3468,1140.0,128.0,0.6118,0.013,0.3233,-0.1152,0.1653,15.0365,1.17,16.0,17.85,14.86,up,15.47,2026-09-04T15:54:48,8.18182,14.7999997138977,229.4873,2026-09-07 20:11:28,2026-09-07 16:15:05
NVDA,NVDA261023C00230000,NVDA,2026-10-23,C,230.0,11.7,56.0,12.7,6.0,0.3429,340.0,263.0,0.5446,0.0136,0.3344,-0.118,0.1485,12.2687,1.25,12.4,15.0,11.7,up,12.7,2026-09-04T15:53:07,10.917,11.8250002861023,229.4873,2026-09-07 20:11:28,2026-09-07 16:15:05
NVDA,NVDA261023C00235000,NVDA,2026-10-23,C,235.0,9.8,20.0,10.25,70.0,0.3462,678.0,671.0,0.4767,0.0138,0.3359,-0.1174,0.131,9.8829,1.125,10.8,12.35,9.7,up,10.25,2026-09-04T15:55:00,12.3288,9.67500019073486,229.4873,2026-09-07 20:11:28,2026-09-07 16:15:05
NVDA,NVDA261023C00240000,NVDA,2026-10-23,C,240.0,7.75,10.0,8.15,54.0,0.3423,1086.0,1526.0,0.4104,0.0135,0.3281,-0.1139,0.1135,7.8705,0.775,8.0,10.0,7.1,down,7.95,2026-09-04T15:59:31,10.8014,7.79999995231628,229.4873,2026-09-07 20:11:28,2026-09-07 16:15:05
NVDA,NVDA261023C00245000,NVDA,2026-10-23,C,245.0,6.0,126.0,6.4,14.0,0.3391,4872.0,1392.0,0.3473,0.0129,0.312,-0.1077,0.0965,6.188,0.555,6.0,8.0,6.0,no_change,6.18,2026-09-04T15:59:54,9.86667,6.17499995231628,229.4873,2026-09-07 20:11:28,2026-09-07 16:15:05
NVDA,NVDA261023C00250000,NVDA,2026-10-23,C,250.0,4.7,47.0,5.0,29.0,0.3396,1225.0,1025.0,0.2894,0.0119,0.2892,-0.0995,0.0808,4.8202,0.535,4.7,6.32,4.7,up,4.81,2026-09-04T15:58:21,12.5146,4.79999995231628,229.4873,2026-09-07 20:11:28,2026-09-07 16:15:05
NVDA,NVDA261023C00255000,NVDA,2026-10-23,C,255.0,3.5,87.0,3.85,10.0,0.3371,148.0,147.0,0.2383,0.0108,0.2623,-0.0901,0.0667,3.7319,0.6,3.38,5.0,3.38,no_change,3.9,2026-09-04T15:58:21,18.1818,3.72500002384186,229.4873,2026-09-07 20:11:28,2026-09-07 16:15:05
NVDA,NVDA261023C00260000,NVDA,2026-10-23,C,260.0,2.66,70.0,3.05,74.0,0.34,771.0,562.0,0.1941,0.0095,0.2334,-0.0802,0.0544,2.877,0.495,3.2,3.88,2.85,down,3.0,2026-09-04T15:51:54,19.7605,2.85500001907349,229.4873,2026-09-07 20:11:28,2026-09-07 16:15:05
NVDA,NVDA261023C00265000,NVDA,2026-10-23,C,265.0,1.91,10.0,2.4,12.0,0.3426,147.0,135.0,0.157,0.0083,0.2045,-0.0704,0.0441,2.2151,0.39,2.07,3.0,2.07,up,2.28,2026-09-04T15:52:14,20.6349,2.19500005245209,229.4873,2026-09-07 20:11:28,2026-09-07 16:15:05
NVDA,NVDA261023C00270000,NVDA,2026-10-23,C,270.0,1.4,30.0,1.78,10.0,0.3452,170.0,219.0,0.1266,0.0071,0.1772,-0.0612,0.0356,1.7123,0.315,1.7,2.35,1.65,up,1.76,2026-09-04T15:52:14,21.7993,1.69499999284744,229.4873,2026-09-07 20:11:28,2026-09-07 16:15:05
NVDA,NVDA261023C00275000,NVDA,2026-10-23,C,275.0,1.22,10.0,1.39,10.0,0.3488,482.0,131.0,0.1018,0.006,0.1519,-0.0528,0.0286,1.3266,0.2,1.2,1.8,1.2,down,1.29,2026-09-04T15:47:58,18.3486,1.30500000715256,229.4873,2026-09-07 20:11:28,2026-09-07 16:15:05
NVDA,NVDA261023C00280000,NVDA,2026-10-23,C,280.0,0.96,17.0,1.02,1.0,0.3511,130.0,126.0,0.082,0.005,0.1298,-0.0454,0.023,1.0351,0.175,1.15,1.39,1.0,down,1.01,2026-09-04T15:58:51,20.9581,1.00999996066093,229.4873,2026-09-07 20:11:28,2026-09-07 16:15:05
NVDA,NVDA261023C00285000,NVDA,2026-10-23,C,285.0,0.74,4.0,0.87,89.0,0.3594,86.0,149.0,0.0662,0.0042,0.1104,-0.039,0.0186,0.8125,0.225,1.07,1.07,0.85,up,0.87,2026-09-04T13:36:26,34.8837,0.814999997615814,229.4873,2026-09-07 20:11:28,2026-09-07 16:15:05
NVDA,NVDA261023C00290000,NVDA,2026-10-23,C,290.0,0.39,15.0,0.86,10.0,0.3651,34.0,81.0,0.0536,0.0035,0.0938,-0.0334,0.015,0.6436,0.23,0.77,0.83,0.59,down,0.66,2026-09-04T14:13:30,53.4884,0.645000010728836,229.4873,2026-09-07 20:11:28,2026-09-07 16:15:05
NVDA,NVDA261023C00295000,NVDA,2026-10-23,C,295.0,0.46,86.0,0.55,93.0,0.3692,60.0,122.0,0.0438,0.003,0.08,-0.0288,0.0123,0.5157,0.185,0.44,0.68,0.44,up,0.58,2026-09-04T15:55:41,46.8354,0.515000000596046,229.4873,2026-09-07 20:11:28,2026-09-07 16:15:05
NVDA,NVDA261023C00300000,NVDA,2026-10-23,C,300.0,0.37,17.0,0.47,90.0,0.3772,14.0,17.0,0.0359,0.0025,0.0681,-0.0248,0.01,0.4159,0.46,0.42,0.53,0.42,down,0.46,2026-09-04T12:38:28,0.0,0.424999997019768,229.4873,2026-09-07 20:11:28,2026-09-07 16:15:05
NVDA,NVDA261023C00305000,NVDA,2026-10-23,C,305.0,0.1,11.0,0.83,1.0,0.384,0.0,0.0,0.0296,0.0021,0.0582,-0.0214,0.0083,0.3381,0.0,0.0,0.0,0.0,no_change,0.0,,0.0,0.355000004172325,229.4873,2026-09-07 20:11:28,2026-09-07 16:15:05
NVDA,NVDA261023C00310000,NVDA,2026-10-23,C,310.0,0.24,48.0,0.33,10.0,0.3907,3.0,3.0,0.0245,0.0017,0.0498,-0.0186,0.0068,0.2772,0.31,0.28,0.31,0.25,up,0.31,2026-09-04T12:49:53,0.0,0.28999999165535,229.4873,2026-09-07 20:11:28,2026-09-07 16:15:05
NVDA,NVDA261023C00315000,NVDA,2026-10-23,C,315.0,0.2,79.0,0.29,90.0,0.3993,2.0,3.0,0.0204,0.0015,0.0428,-0.0162,0.0057,0.2288,0.23,0.32,0.32,0.23,down,0.23,2026-09-04T15:45:33,0.0,0.240000002086163,229.4873,2026-09-07 20:11:28,2026-09-07 16:15:05
NVDA,NVDA261023C00320000,NVDA,2026-10-23,C,320.0,0.16,21.0,0.25,90.0,0.4064,4.0,4.0,0.017,0.0012,0.0367,-0.014,0.0047,0.1891,0.2,0.24,0.24,0.2,down,0.2,2026-09-04T12:26:05,0.0,0.219999998807907,229.4873,2026-09-07 20:11:28,2026-09-07 16:15:05
NVDA,NVDA261023C00325000,NVDA,2026-10-23,C,325.0,0.13,81.0,0.2,79.0,0.4103,38.0,38.0,0.0144,0.001,0.0318,-0.0123,0.004,0.1586,0.15,0.21,0.21,0.15,no_change,0.15,2026-09-04T15:24:25,0.0,0.170000001788139,229.4873,2026-09-07 20:11:28,2026-09-07 16:15:05
NVDA,NVDA261023C00330000,NVDA,2026-10-23,C,330.0,0.09,5.0,0.19,18.0,0.4188,0.0,0.0,0.0122,0.0009,0.0275,-0.0107,0.0034,0.1332,0.0,0.0,0.0,0.0,no_change,0.0,,0.0,0.154999997466803,229.4873,2026-09-07 20:11:28,2026-09-07 16:15:05
NVDA,NVDA261023C00335000,NVDA,2026-10-23,C,335.0,0.08,6.0,0.17,42.0,0.426,0.0,0.0,0.0103,0.0008,0.0239,-0.0094,0.0029,0.1126,0.0,0.0,0.0,0.0,no_change,0.0,,0.0,0.135000001639128,229.4873,2026-09-07 20:11:28,2026-09-07 16:15:05
NVDA,NVDA261023C00340000,NVDA,2026-10-23,C,340.0,0.06,84.0,0.13,146.0,0.4267,107.0,116.0,0.0088,0.0007,0.0207,-0.0083,0.0024,0.0953,0.14,0.11,0.14,0.1,up,0.14,2026-09-04T15:59:06,0.0,0.0999999977648258,229.4873,2026-09-07 20:11:28,2026-09-07 16:15:05
NVDA,NVDA261023C00345000,NVDA,2026-10-23,C,345.0,0.05,16.0,0.14,109.0,0.4404,15.0,15.0,0.0076,0.0006,0.0182,-0.0073,0.0021,0.0815,0.11,0.09,0.12,0.09,down,0.11,2026-09-04T12:15:18,0.0,0.0950000006705522,229.4873,2026-09-07 20:11:28,2026-09-07 16:15:05
NVDA,NVDA261023C00350000,NVDA,2026-10-23,C,350.0,0.02,23.0,0.13,15.0,0.4423,0.0,0.0,0.0065,0.0005,0.0159,-0.0065,0.0018,0.0698,0.0,0.0,0.0,0.0,no_change,0.0,,0.0,0.0849999971687794,229.4873,2026-09-07 20:11:28,2026-09-07 16:15:05
NVDA,NVDA261023C00360000,NVDA,2026-10-23,C,360.0,0.01,5.0,0.1,5.0,0.4533,1.0,1.0,0.0049,0.0004,0.0123,-0.0051,0.0013,0.052,0.02,0.02,0.02,0.02,up,0.02,2026-09-04T15:58:56,0.0,0.0600000005215406,229.4873,2026-09-07 20:11:28,2026-09-07 16:15:05
NVDA,NVDA261023C00370000,NVDA,2026-10-23,C,370.0,0.03,6.0,0.05,1.0,0.463,15.0,15.0,0.0037,0.0003,0.0096,-0.0041,0.001,0.0395,0.03,0.04,0.05,0.03,no_change,0.03,2026-09-04T15:24:25,0.0,0.0400000000372529,229.4873,2026-09-07 20:11:28,2026-09-07 16:15:05
NVDA,NVDA261023C00380000,NVDA,2026-10-23,C,380.0,0.0,0.0,0.29,10.0,0.4968,0.0,0.0,0.0029,0.0002,0.0077,-0.0033,0.0008,0.0305,0.0,0.0,0.0,0.0,no_change,0.0,,0.0,0.0449999989941716,229.4873,2026-09-07 20:11:28,2026-09-07 16:15:05
NVDA,NVDA261023C00390000,NVDA,2026-10-23,C,390.0,0.0,0.0,0.29,10.0,0.5198,0.0,0.0,0.0023,0.0002,0.0062,-0.0027,0.0006,0.024,0.0,0.0,0.0,0.0,no_change,0.0,,0.0,0.0399999991059303,229.4873,2026-09-07 20:11:28,2026-09-07 16:15:05
NVDA,NVDA261023P00050000,NVDA,2026-10-23,P,50.0,0.0,0.0,0.27,9.0,1.6915,0.0,0.0,-0.0007,0.0,0.002,-0.0028,-0.0002,0.0247,0.0,0.0,0.0,0.0,no_change,0.0,,0.0,0.0299999993294477,229.4873,2026-09-07 20:11:28,2026-09-07 16:15:05
NVDA,NVDA261023P00055000,NVDA,2026-10-23,P,55.0,0.0,0.0,0.27,9.0,1.5884,0.0,0.0,-0.0008,0.0,0.0024,-0.0032,-0.0003,0.0285,0.0,0.0,0.0,0.0,no_change,0.0,,0.0,0.0299999993294477,229.4873,2026-09-07 20:11:28,2026-09-07 16:15:05
NVDA,NVDA261023P00060000,NVDA,2026-10-23,P,60.0,0.0,0.0,0.63,9.0,1.5814,0.0,0.0,-0.001,0.0,0.0029,-0.0036,-0.0003,0.0329,0.0,0.0,0.0,0.0,no_change,0.0,,0.0,0.0350000001490116,229.4873,2026-09-07 20:11:28,2026-09-07 16:15:05
NVDA,NVDA261023P00065000,NVDA,2026-10-23,P,65.0,0.0,0.0,0.28,9.0,1.4151,0.0,0.0,-0.0012,0.0,0.0034,-0.004,-0.0004,0.0377,0.0,0.0,0.0,0.0,no_change,0.0,,0.0,0.0400000000372529,229.4873,2026-09-07 20:11:28,2026-09-07 16:15:05
NVDA,NVDA261023P00070000,NVDA,2026-10-23,P,70.0,0.0,0.0,0.92,9.0,1.4155,0.0,0.0,-0.0014,0.0,0.0039,-0.0045,-0.0005,0.0431,0.0,0.0,0.0,0.0,no_change,0.0,,0.0,0.0449999989941716,229.4873,2026-09-07 20:11:28,2026-09-07 16:15:05
NVDA,NVDA261023P00075000,NVDA,2026-10-23,P,75.0,0.0,0.0,0.45,9.0,1.3413,0.0,0.0,-0.0017,0.0001,0.0046,-0.005,-0.0005,0.049,0.0,0.0,0.0,0.0,no_change,0.0,,0.0,0.0449999989941716,229.4873,2026-09-07 20:11:28,2026-09-07 16:15:05
NVDA,NVDA261023P00080000,NVDA,2026-10-23,P,80.0,0.0,0.0,0.3,9.0,1.2075,0.0,0.0,-0.002,0.0001,0.0053,-0.0055,-0.0006,0.0557,0.0,0.0,0.0,0.0,no_change,0.0,,0.0,0.0500000016763806,229.4873,2026-09-07 20:11:28,2026-09-07 16:15:05
NVDA,NVDA261023P00085000,NVDA,2026-10-23,P,85.0,0.01,9.0,0.3,9.0,1.1421,0.0,0.0,-0.0023,0.0001,0.0061,-0.0061,-0.0007,0.0632,0.0,0.0,0.0,0.0,no_change,0.0,,0.0,0.0550000006332994,229.4873,2026-09-07 20:11:28,2026-09-07 16:15:05
NVDA,NVDA261023P00090000,NVDA,2026-10-23,P,90.0,0.02,9.0,0.31,1.0,0.9798,0.0,0.0,-0.0027,0.0001,0.007,-0.0068,-0.0008,0.0715,0.0,0.0,0.0,0.0,no_change,0.0,,0.0,0.0600000005215406,229.4873,2026-09-07 20:11:28,2026-09-07 16:15:05
NVDA,NVDA261023P00095000,NVDA,2026-10-23,P,95.0,0.0,0.0,0.56,1.0,0.9408,0.0,0.0,-0.0032,0.0001,0.0081,-0.0075,-0.001,0.0808,0.0,0.0,0.0,0.0,no_change,0.0,,0.0,0.0699999993667006,229.4873,2026-09-07 20:11:28,2026-09-07 16:15:05
NVDA,NVDA261023P00100000,NVDA,2026-10-23,P,100.0,0.04,9.0,0.33,10.0,0.902,0.0,0.0,-0.0037,0.0001,0.0093,-0.0082,-0.0011,0.0913,0.0,0.0,0.0,0.0,no_change,0.0,,0.0,0.0849999971687794,229.4873,2026-09-07 20:11:28,2026-09-07 16:15:05
NVDA,NVDA261023P00105000,NVDA,2026-10-23,P,105.0,0.04,86.0,0.14,5.0,0.8582,0.0,0.0,-0.0043,0.0002,0.0107,-0.009,-0.0013,0.103,0.0,0.0,0.0,0.0,no_change,0.0,,0.0,0.099999999627471,229.4873,2026-09-07 20:11:28,2026-09-07 16:15:05
NVDA,NVDA261023P00110000,NVDA,2026-10-23,P,110.0,0.06,119.0,0.16,43.0,0.8298,3.0,3.0,-0.005,0.0002,0.0122,-0.0099,-0.0015,0.1162,0.1,0.1,0.1,0.1,up,0.1,2026-09-04T13:08:26,0.0,0.10500000230968,229.4873,2026-09-07 20:11:28,2026-09-07 16:15:05
NVDA,NVDA261023P00115000,NVDA,2026-10-23,P,115.0,0.07,85.0,0.17,3.0,0.7919,0.0,0.0,-0.0058,0.0002,0.014,-0.0109,-0.0018,0.131,0.0,0.0,0.0,0.0,no_change,0.0,,0.0,0.130000002682209,229.4873,2026-09-07 20:11:28,2026-09-07 16:15:05
NVDA,NVDA261023P00120000,NVDA,2026-10-23,P,120.0,0.08,81.0,0.19,72.0,0.758,5.0,5.0,-0.0067,0.0003,0.016,-0.0119,-0.0021,0.1478,0.11,0.11,0.11,0.11,up,0.11,2026-09-04T14:29:14,0.0,0.140000000596046,229.4873,2026-09-07 20:11:28,2026-09-07 16:15:05
NVDA,NVDA261023P00125000,NVDA,2026-10-23,P,125.0,0.1,81.0,0.21,14.0,0.7271,0.0,0.0,-0.0078,0.0004,0.0183,-0.013,-0.0024,0.1667,0.0,0.0,0.0,0.0,no_change,0.0,,0.0,0.16499999910593,229.4873,2026-09-07 20:11:28,2026-09-07 16:15:05
NVDA,NVDA261023P00130000,NVDA,2026-10-23,P,130.0,0.12,106.0,0.23,14.0,0.6956,21.0,21.0,-0.0091,0.0004,0.0208,-0.0143,-0.0028,0.1881,0.22,0.18,0.22,0.17,up,0.22,2026-09-04T14:29:30,0.0,0.179999999701977,229.4873,2026-09-07 20:11:28,2026-09-07 16:15:05
NVDA,NVDA261023P00135000,NVDA,2026-10-23,P,135.0,0.15,80.0,0.26,10.0,0.6683,0.0,0.0,-0.0106,0.0005,0.0239,-0.0156,-0.0032,0.2124,0.0,0.0,0.0,0.0,no_change,0.0,,0.0,0.204999998211861,229.4873,2026-09-07 20:11:28,2026-09-07 16:15:05
NVDA,NVDA261023P00140000,NVDA,2026-10-23,P,140.0,0.17,82.0,0.25,2.0,0.6296,20.0,20.0,-0.0123,0.0006,0.0272,-0.0171,-0.0037,0.2402,0.24,0.24,0.25,0.23,up,0.24,2026-09-04T14:00:41,0.0,0.229999996721745,229.4873,2026-09-07 20:11:28,2026-09-07 16:15:05
NVDA,NVDA261023P00145000,NVDA,2026-10-23,P,145.0,0.21,95.0,0.32,59.0,0.6101,7.0,13.0,-0.0144,0.0007,0.0311,-0.0186,-0.0043,0.2719,0.26,0.29,0.3,0.25,no_change,0.26,2026-09-04T14:07:29,0.0,0.259999997913837,229.4873,2026-09-07 20:11:28,2026-09-07 16:15:05
NVDA,NVDA261023P00150000,NVDA,2026-10-23,P,150.0,0.3,5.0,0.56,6.0,0.5897,1.0,1.0,-0.0168,0.0008,0.0358,-0.0204,-0.0051,0.3088,0.3,0.3,0.3,0.3,up,0.3,2026-09-04T11:51:39,0.0,0.325000002980232,229.4873,2026-09-07 20:11:28,2026-09-07 16:15:05
NVDA,NVDA261023P00155000,NVDA,2026-10-23,P,155.0,0.28,65.0,0.63,7.0,0.557,47.0,8.0,-0.0198,0.001,0.041,-0.0223,-0.0059,0.3519,0.03,0.32,0.38,0.32,up,0.38,2026-09-04T10:04:34,8.57143,0.344999998807907,229.4873,2026-09-07 20:11:28,2026-09-07 16:15:05
NVDA,NVDA261023P00160000,NVDA,2026-10-23,P,160.0,0.33,11.0,0.46,9.0,0.5278,37.0,4.0,-0.0233,0.0012,0.0471,-0.0245,-0.007,0.4036,0.075,0.47,0.47,0.36,no_change,0.4,2026-09-04T14:04:19,23.0769,0.41499999165535,229.4873,2026-09-07 20:11:28,2026-09-07 16:15:05
NVDA,NVDA261023P00165000,NVDA,2026-10-23,P,165.0,0.4,18.0,0.53,10.0,0.5035,42.0,3.0,-0.0278,0.0015,0.0547,-0.027,-0.0083,0.4681,-0.025,0.41,0.47,0.41,up,0.47,2026-09-04T14:04:19,-5.05051,0.479999989271164,229.4873,2026-09-07 20:11:28,2026-09-07 16:15:05
NVDA,NVDA261023P00170000,NVDA,2026-10-23,P,170.0,0.49,79.0,0.55,137.0,0.4748,625.0,619.0,-0.0335,0.0018,0.0637,-0.0301,-0.0099,0.5513,-0.055,0.59,0.59,0.5,down,0.53,2026-09-04T15:12:08,-9.40171,0.53999999165535,229.4873,2026-09-07 20:11:28,2026-09-07 16:15:05
NVDA,NVDA261023P00175000,NVDA,2026-10-23,P,175.0,0.6,83.0,0.92,14.0,0.4575,31.0,24.0,-0.0409,0.0023,0.0752,-0.0339,-0.0121,0.6624,-0.025,0.66,0.66,0.6,up,0.64,2026-09-04T15:31:24,-3.7594,0.669999986886978,229.4873,2026-09-07 20:11:28,2026-09-07 16:15:05
NVDA,NVDA261023P00180000,NVDA,2026-10-23,P,180.0,0.8,20.0,1.08,64.0,0.4406,29.0,31.0,-0.0508,0.0028,0.0893,-0.0388,-0.015,0.8153,-0.045,0.77,0.83,0.71,up,0.81,2026-09-04T15:18:24,-5.26316,0.830000013113022,229.4873,2026-09-07 20:11:28,2026-09-07 16:15:05
NVDA,NVDA261023P00185000,NVDA,2026-10-23,P,185.0,0.96,9.0,1.1,9.0,0.4204,36.0,27.0,-0.0641,0.0035,0.1072,-0.0448,-0.0187,1.0285,-0.04,0.97,1.04,0.89,no_change,1.04,2026-09-04T15:30:03,-3.7037,1.0450000166893,229.4873,2026-09-07 20:11:28,2026-09-07 16:15:05
NVDA,NVDA261023P00190000,NVDA,2026-10-23,P,190.0,1.05,36.0,1.46,42.0,0.4044,189.0,178.0,-0.082,0.0044,0.1296,-0.0523,-0.024,1.3287,-0.095,1.22,1.38,1.11,down,1.3,2026-09-04T15:50:05,-6.81004,1.34499996900558,229.4873,2026-09-07 20:11:28,2026-09-07 16:15:05
NVDA,NVDA261023P00195000,NVDA,2026-10-23,P,195.0,1.65,36.0,1.82,10.0,0.3922,86.0,27.0,-0.1051,0.0055,0.1547,-0.0611,-0.0305,1.7393,-0.105,1.65,1.76,1.48,no_change,1.75,2026-09-04T15:57:55,-5.66038,1.76500004529953,229.4873,2026-09-07 20:11:28,2026-09-07 16:15:05
NVDA,NVDA261023P00200000,NVDA,2026-10-23,P,200.0,2.21,29.0,2.38,13.0,0.381,213.0,203.0,-0.1353,0.0068,0.1846,-0.0712,-0.0389,2.3071,-0.065,2.1,2.38,1.9,up,2.38,2026-09-04T15:58:21,-2.65849,2.32500004768372,229.4873,2026-09-07 20:11:28,2026-09-07 16:15:05
NVDA,NVDA261023P00205000,NVDA,2026-10-23,P,205.0,2.94,10.0,3.15,10.0,0.3723,120.0,80.0,-0.1725,0.0081,0.2164,-0.082,-0.0491,3.0605,-0.23,2.7,3.25,2.49,down,2.92,2026-09-04T15:56:03,-7.30159,3.10000002384186,229.4873,2026-09-07 20:11:28,2026-09-07 16:15:05
NVDA,NVDA261023P00210000,NVDA,2026-10-23,P,210.0,3.9,47.0,4.15,21.0,0.3654,666.0,278.0,-0.2174,0.0096,0.2488,-0.0929,-0.0612,4.0442,-0.135,3.34,4.17,3.3,up,4.04,2026-09-04T15:59:02,-3.23353,4.09999990463257,229.4873,2026-09-07 20:11:28,2026-09-07 16:15:05
NVDA,NVDA261023P00215000,NVDA,2026-10-23,P,215.0,5.1,18.0,5.85,28.0,0.3581,118.0,94.0,-0.2698,0.011,0.2792,-0.1029,-0.0747,5.2938,-0.075,5.13,5.45,4.35,up,5.45,2026-09-04T15:33:44,-1.35747,5.34999990463257,229.4873,2026-09-07 20:11:28,2026-09-07 16:15:05
NVDA,NVDA261023P00220000,NVDA,2026-10-23,P,220.0,6.7,16.0,7.05,26.0,0.3541,246.0,60.0,-0.329,0.0122,0.3051,-0.1114,-0.0896,6.8507,-0.585,6.28,7.02,5.75,down,6.69,2026-09-04T15:51:45,-8.04123,6.92499995231628,229.4873,2026-09-07 20:11:28,2026-09-07 16:15:05
NVDA,NVDA261023P00225000,NVDA,2026-10-23,P,225.0,8.0,47.0,9.2,52.0,0.3536,1136.0,1149.0,-0.3936,0.0132,0.324,-0.1174,-0.1048,8.7417,-0.2,8.33,9.0,7.15,down,8.8,2026-09-04T15:59:05,-2.22222,9.09999990463257,229.4873,2026-09-07 20:11:28,2026-09-07 16:15:05
NVDA,NVDA261023P00230000,NVDA,2026-10-23,P,230.0,10.8,21.0,11.4,11.0,0.3481,475.0,637.0,-0.4619,0.0139,0.334,-0.1206,-0.1197,10.9938,-0.375,10.4,11.35,9.3,up,11.05,2026-09-04T15:59:55,-3.28228,11.25,229.4873,2026-09-07 20:11:28,2026-09-07 16:15:05
NVDA,NVDA261023P00235000,NVDA,2026-10-23,P,235.0,12.05,3.0,14.0,21.0,0.3475,181.0,224.0,-0.5316,0.0141,0.334,-0.1206,-0.1332,13.6165,-0.175,12.57,14.0,11.64,up,14.0,2026-09-04T15:30:12,-1.23457,13.6999998092651,229.4873,2026-09-07 20:11:28,2026-09-07 16:15:05
NVDA,NVDA261023P00240000,NVDA,2026-10-23,P,240.0,16.0,104.0,16.95,17.0,0.3357,1.0,1.0,-0.6003,0.014,0.3242,-0.1176,-0.1444,16.6094,-3.05,14.35,14.35,14.35,down,14.35,2026-09-04T09:51:23,-17.5287,16.4749999046326,229.4873,2026-09-07 20:11:28,2026-09-07 16:15:05
NVDA,NVDA261023P00245000,NVDA,2026-10-23,P,245.0,18.8,118.0,20.85,21.0,0.3344,3.0,5.0,-0.6658,0.0134,0.3061,-0.1119,-0.1528,19.9578,-1.775,17.9,18.7,17.6,up,18.7,2026-09-04T11:03:41,-8.66911,19.8249998092651,229.4873,2026-09-07 20:11:28,2026-09-07 16:15:05
NVDA,NVDA261023P00250000,NVDA,2026-10-23,P,250.0,23.2,73.0,24.3,135.0,0.3427,26.0,26.0,-0.7261,0.0125,0.2797,-0.1043,-0.1542,23.6343,-0.45,21.5,23.8,21.2,down,23.7,2026-09-04T15:59:31,-1.86336,24.0,229.4873,2026-09-07 20:11:28,2026-09-07 16:15:05
NVDA,NVDA261023P00255000,NVDA,2026-10-23,P,255.0,26.3,63.0,28.55,9.0,0.3321,1.0,0.0,-0.7799,0.0114,0.2474,-0.0954,-0.15,27.5993,0.0,0.0,0.0,0.0,up,29.12,2026-09-03T12:53:22,0.0,27.5,229.4873,2026-09-07 20:11:28,2026-09-07 16:15:05
NVDA,NVDA261023P00260000,NVDA,2026-10-23,P,260.0,30.45,58.0,32.5,9.0,0.3246,0.0,0.0,-0.8266,0.0102,0.2134,-0.0859,-0.1408,31.8088,0.0,0.0,0.0,0.0,no_change,0.0,,0.0,31.9249992370606,229.4873,2026-09-07 20:11:28,2026-09-07 16:15:05
NVDA,NVDA261023P00265000,NVDA,2026-10-23,P,265.0,34.85,36.0,37.15,10.0,0.3303,0.0,0.0,-0.8662,0.0089,0.1803,-0.0762,-0.1306,36.2197,0.0,0.0,0.0,0.0,no_change,0.0,,0.0,36.2750015258789,229.4873,2026-09-07 20:11:28,2026-09-07 16:15:05
NVDA,NVDA261023P00270000,NVDA,2026-10-23,P,270.0,39.4,10.0,41.7,11.0,0.3281,0.0,0.0,-0.8986,0.0076,0.1483,-0.0663,-0.117,40.7921,0.0,0.0,0.0,0.0,no_change,0.0,,0.0,41.0249996185303,229.4873,2026-09-07 20:11:28,2026-09-07 16:15:05
NVDA,NVDA261023P00275000,NVDA,2026-10-23,P,275.0,44.15,18.0,46.3,14.0,0.323,1.0,1.0,-0.9249,0.0064,0.1171,-0.0565,-0.1054,45.4906,-4.375,41.95,41.95,41.95,down,41.95,2026-09-04T09:52:00,-9.44414,45.75,229.4873,2026-09-07 20:11:28,2026-09-07 16:15:05
NVDA,NVDA261023P00280000,NVDA,2026-10-23,P,280.0,49.0,55.0,52.05,1.0,0.0,0.0,0.0,-0.9454,0.0052,0.0893,-0.047,-0.0846,50.2805,0.0,0.0,0.0,0.0,no_change,0.0,,0.0,50.625,229.4873,2026-09-07 20:11:28,2026-09-07 16:15:05
NVDA,NVDA261023P00285000,NVDA,2026-10-23,P,285.0,54.15,55.0,57.0,10.0,0.0,0.0,0.0,-0.9609,0.0041,0.0713,-0.0383,-0.0683,55.1359,0.0,0.0,0.0,0.0,no_change,0.0,,0.0,55.3250007629394,229.4873,2026-09-07 20:11:28,2026-09-07 16:15:05
NVDA,NVDA261023P00290000,NVDA,2026-10-23,P,290.0,58.9,11.0,61.75,11.0,0.0,0.0,0.0,-0.9724,0.0032,0.0495,-0.03,-0.0628,60.044,0.0,0.0,0.0,0.0,no_change,0.0,,0.0,60.3999996185303,229.4873,2026-09-07 20:11:28,2026-09-07 16:15:05
NVDA,NVDA261023P00295000,NVDA,2026-10-23,P,295.0,60.0,12.0,69.9,10.0,0.3932,0.0,0.0,-0.9809,0.0024,0.0384,-0.0232,-0.049,64.9794,0.0,0.0,0.0,0.0,no_change,0.0,,0.0,65.4250011444092,229.4873,2026-09-07 20:11:28,2026-09-07 16:15:05
NVDA,NVDA261023P00300000,NVDA,2026-10-23,P,300.0,65.1,51.0,74.8,10.0,0.4033,0.0,0.0,-0.9867,0.0018,0.0256,-0.0173,-0.0457,69.9403,0.0,0.0,0.0,0.0,no_change,0.0,,0.0,70.5999984741211,229.4873,2026-09-07 20:11:28,2026-09-07 16:15:05
NVDA,NVDA261023P00305000,NVDA,2026-10-23,P,305.0,70.0,12.0,79.75,1.0,0.4238,0.0,0.0,-0.9911,0.0013,0.0204,-0.0128,-0.0362,74.9116,0.0,0.0,0.0,0.0,no_change,0.0,,0.0,75.375,229.4873,2026-09-07 20:11:28,2026-09-07 16:15:05
NVDA,NVDA261023P00310000,NVDA,2026-10-23,P,310.0,75.05,10.0,84.8,10.0,0.4375,0.0,0.0,-0.9938,0.0009,0.0118,-0.0092,-0.0348,79.8955,0.0,0.0,0.0,0.0,no_change,0.0,,0.0,80.3499984741211,229.4873,2026-09-07 20:11:28,2026-09-07 16:15:05
NVDA,NVDA261023P00315000,NVDA,2026-10-23,P,315.0,80.0,12.0,89.8,10.0,0.449,0.0,0.0,-0.9959,0.0007,0.0096,-0.0065,-0.0346,84.8831,0.0,0.0,0.0,0.0,no_change,0.0,,0.0,85.3499984741211,229.4873,2026-09-07 20:11:28,2026-09-07 16:15:05
NVDA,NVDA261023P00320000,NVDA,2026-10-23,P,320.0,85.0,55.0,94.75,10.0,0.4679,0.0,0.0,-0.9972,0.0005,0.0061,-0.0046,-0.0299,89.875,0.0,0.0,0.0,0.0,no_change,0.0,,0.0,90.3499984741211,229.4873,2026-09-07 20:11:28,2026-09-07 16:15:05
NVDA,NVDA261023P00325000,NVDA,2026-10-23,P,325.0,90.2,10.0,99.95,10.0,0.4864,0.0,0.0,-0.9981,0.0003,0.0038,-0.0032,-0.0301,94.8696,0.0,0.0,0.0,0.0,no_change,0.0,,0.0,95.3249969482422,229.4873,2026-09-07 20:11:28,2026-09-07 16:15:05
NVDA,NVDA261023P00330000,NVDA,2026-10-23,P,330.0,95.0,55.0,104.95,11.0,0.5046,0.0,0.0,-0.9988,0.0002,0.0032,-0.0021,-0.0302,99.8649,0.0,0.0,0.0,0.0,no_change,0.0,,0.0,100.324996948242,229.4873,2026-09-07 20:11:28,2026-09-07 16:15:05
NVDA,NVDA261023P00335000,NVDA,2026-10-23,P,335.0,100.0,12.0,109.8,10.0,0.5224,0.0,0.0,-0.9992,0.0001,0.0018,-0.0014,-0.0285,104.8617,0.0,0.0,0.0,0.0,no_change,0.0,,0.0,105.324996948242,229.4873,2026-09-07 20:11:28,2026-09-07 16:15:05
NVDA,NVDA261023P00340000,NVDA,2026-10-23,P,340.0,105.0,2.0,115.0,4.0,0.5399,0.0,0.0,-0.9995,0.0001,0.001,-0.001,-0.0289,109.8591,0.0,0.0,0.0,0.0,no_change,0.0,,0.0,110.275001525879,229.4873,2026-09-07 20:11:28,2026-09-07 16:15:05
NVDA,NVDA261023P00345000,NVDA,2026-10-23,P,345.0,110.05,1.0,120.0,12.0,0.5571,0.0,0.0,-0.9997,0.0001,0.0009,-0.0006,-0.0292,114.8566,0.0,0.0,0.0,0.0,no_change,0.0,,0.0,115.324996948242,229.4873,2026-09-07 20:11:28,2026-09-07 16:15:05
NVDA,NVDA261023P00350000,NVDA,2026-10-23,P,350.0,115.0,12.0,124.95,11.0,0.574,0.0,0.0,-0.9998,0.0,0.0006,-0.0004,-0.029,119.8544,0.0,0.0,0.0,0.0,no_change,0.0,,0.0,120.324996948242,229.4873,2026-09-07 20:11:28,2026-09-07 16:15:05
NVDA,NVDA261023P00360000,NVDA,2026-10-23,P,360.0,125.05,1.0,135.0,12.0,0.6069,0.0,0.0,-0.9999,0.0,0.0002,-0.0002,-0.0298,129.8506,0.0,0.0,0.0,0.0,no_change,0.0,,0.0,130.324996948242,229.4873,2026-09-07 20:11:28,2026-09-07 16:15:05
NVDA,NVDA261023P00370000,NVDA,2026-10-23,P,370.0,135.0,12.0,145.0,12.0,0.6388,0.0,0.0,-1.0,0.0,0.0001,-0.0001,-0.0304,139.8468,0.0,0.0,0.0,0.0,no_change,0.0,,0.0,140.299995422363,229.4873,2026-09-07 20:11:28,2026-09-07 16:15:05
NVDA,NVDA261023P00380000,NVDA,2026-10-23,P,380.0,145.0,2.0,155.0,4.0,0.6698,0.0,0.0,-1.0,0.0,0.0,0.0,-0.0312,149.8432,0.0,0.0,0.0,0.0,no_change,0.0,,0.0,150.299995422363,229.4873,2026-09-07 20:11:28,2026-09-07 16:15:05
NVDA,NVDA261023P00390000,NVDA,2026-10-23,P,390.0,155.0,12.0,164.95,11.0,0.6999,0.0,0.0,-1.0,0.0,0.0,0.0,-0.0321,159.8396,0.0,0.0,0.0,0.0,no_change,0.0,,0.0,160.299995422363,229.4873,2026-09-07 20:11:28,2026-09-07 16:15:05
NVDA,NVDA261120C00050000,NVDA,2026-11-20,C,50.0,176.75,51.0,185.9,1.0,1.3224,31.0,0.0,0.9996,0.0,0.0026,-0.0018,0.104,180.5899,0.0,0.0,0.0,0.0,down,175.65,2026-09-02T13:54:31,0.0,180.550003051758,229.4873,2026-09-07 20:11:28,2026-09-07 16:15:05
NVDA,NVDA261120C00055000,NVDA,2026-11-20,C,55.0,171.6,1.0,180.95,1.0,1.1145,10.0,0.0,0.9994,0.0,0.0033,-0.0022,0.1144,175.643,0.0,0.0,0.0,0.0,up,155.19,2026-06-18T12:19:54,0.0,175.325004577637,229.4873,2026-09-07 20:11:28,2026-09-07 16:15:05
NVDA,NVDA261120C00060000,NVDA,2026-11-20,C,60.0,166.85,51.0,172.35,51.0,0.0,48.0,0.0,0.9992,0.0,0.004,-0.0026,0.1247,170.697,0.0,0.0,0.0,0.0,down,143.45,2026-07-17T15:18:07,0.0,169.25,229.4873,2026-09-07 20:11:28,2026-09-07 16:15:05
NVDA,NVDA261120C00065000,NVDA,2026-11-20,C,65.0,161.85,1.0,170.9,1.0,1.0822,29.0,0.0,0.9989,0.0,0.0049,-0.003,0.135,165.7521,0.0,0.0,0.0,0.0,down,144.8,2026-08-24T15:38:15,0.0,165.5,229.4873,2026-09-07 20:11:28,2026-09-07 16:15:05
NVDA,NVDA261120C00070000,NVDA,2026-11-20,C,70.0,156.9,1.0,165.9,1.0,1.0247,31.0,0.0,0.9986,0.0,0.0059,-0.0035,0.1453,160.8084,0.0,0.0,0.0,0.0,up,157.22,2026-08-28T09:31:41,0.0,160.549995422363,229.4873,2026-09-07 20:11:28,2026-09-07 16:15:05
NVDA,NVDA261120C00075000,NVDA,2026-11-20,C,75.0,151.8,52.0,161.0,51.0,0.9411,16.0,0.0,0.9982,0.0001,0.0071,-0.004,0.1555,155.8661,0.0,0.0,0.0,0.0,up,151.3,2026-08-28T10:50:01,0.0,155.550003051758,229.4873,2026-09-07 20:11:28,2026-09-07 16:15:05
NVDA,NVDA261120C00080000,NVDA,2026-11-20,C,80.0,146.85,56.0,156.0,55.0,0.9209,42.0,0.0,0.9978,0.0001,0.0084,-0.0046,0.1657,150.9253,0.0,0.0,0.0,0.0,up,132.87,2026-08-25T14:07:24,0.0,150.625,229.4873,2026-09-07 20:11:28,2026-09-07 16:15:05
NVDA,NVDA261120C00085000,NVDA,2026-11-20,C,85.0,142.1,1.0,151.0,5.0,0.9143,45.0,0.0,0.9972,0.0001,0.01,-0.0053,0.1759,145.9863,0.0,0.0,0.0,0.0,up,141.17,2026-08-14T15:21:31,0.0,145.775001525879,229.4873,2026-09-07 20:11:28,2026-09-07 16:15:05
NVDA,NVDA261120C00090000,NVDA,2026-11-20,C,90.0,137.05,1.0,146.0,2.0,0.8291,83.0,0.0,0.9966,0.0001,0.0118,-0.006,0.186,141.0493,0.0,0.0,0.0,0.0,down,120.15,2026-08-26T15:58:34,0.0,140.849998474121,229.4873,2026-09-07 20:11:28,2026-09-07 16:15:05
NVDA,NVDA261120C00095000,NVDA,2026-11-20,C,95.0,132.25,10.0,141.0,12.0,0.8636,38.0,0.0,0.9959,0.0001,0.0138,-0.0068,0.196,136.1146,0.0,0.0,0.0,0.0,up,116.33,2026-08-26T15:36:20,0.0,135.875,229.4873,2026-09-07 20:11:28,2026-09-07 16:15:05
NVDA,NVDA261120C00100000,NVDA,2026-11-20,C,100.0,127.25,10.0,135.8,10.0,1.0521,283.0,0.0,0.995,0.0002,0.0162,-0.0077,0.206,131.1824,0.0,0.0,0.0,0.0,up,130.47,2026-09-03T14:32:39,0.0,130.849998474121,229.4873,2026-09-07 20:11:28,2026-09-07 16:15:05
NVDA,NVDA261120C00105000,NVDA,2026-11-20,C,105.0,122.15,10.0,131.0,2.0,0.7865,241.0,0.0,0.994,0.0002,0.0189,-0.0086,0.216,126.2532,0.0,0.0,0.0,0.0,up,114.21,2026-09-01T14:13:00,0.0,126.649997711182,229.4873,2026-09-07 20:11:28,2026-09-07 16:15:05
NVDA,NVDA261120C00110000,NVDA,2026-11-20,C,110.0,117.4,51.0,126.0,12.0,0.7246,209.0,0.0,0.9929,0.0003,0.0219,-0.0097,0.2258,121.3274,0.0,0.0,0.0,0.0,down,108.88,2026-09-01T14:08:48,0.0,121.299999237061,229.4873,2026-09-07 20:11:28,2026-09-07 16:15:05
NVDA,NVDA261120C00115000,NVDA,2026-11-20,C,115.0,112.5,51.0,120.0,51.0,0.0,324.0,0.0,0.9916,0.0003,0.0254,-0.0108,0.2355,116.4054,0.0,0.0,0.0,0.0,up,105.72,2026-08-31T13:27:13,0.0,116.800003051758,229.4873,2026-09-07 20:11:28,2026-09-07 16:15:05
NVDA,NVDA261120C00120000,NVDA,2026-11-20,C,120.0,108.75,133.0,115.45,55.0,0.8033,457.0,0.0,0.99,0.0004,0.0294,-0.0121,0.2452,111.4881,0.0,0.0,0.0,0.0,down,100.33,2026-08-28T13:28:44,0.0,112.625,229.4873,2026-09-07 20:11:28,2026-09-07 16:15:05
NVDA,NVDA261120C00125000,NVDA,2026-11-20,C,125.0,103.15,123.0,110.5,55.0,0.701,302.0,1.0,0.9881,0.0005,0.0339,-0.0134,0.2546,106.5763,2.005,108.53,108.53,108.53,up,108.53,2026-09-04T12:18:42,1.88219,107.075000762939,229.4873,2026-09-07 20:11:28,2026-09-07 16:15:05
NVDA,NVDA261120C00130000,NVDA,2026-11-20,C,130.0,98.3,100.0,106.8,1.0,0.7814,380.0,5.0,0.9859,0.0006,0.0391,-0.015,0.2639,101.6711,4.16,105.18,105.51,105.13,up,105.51,2026-09-04T10:20:15,4.10459,102.424999237061,229.4873,2026-09-07 20:11:28,2026-09-07 16:15:05
NVDA,NVDA261120C00135000,NVDA,2026-11-20,C,135.0,94.95,107.0,98.4,68.0,0.5684,422.0,86.0,0.9834,0.0007,0.0451,-0.0167,0.273,96.7741,-0.155,100.8,100.8,96.02,down,96.02,2026-09-04T15:36:09,-0.161164,96.3250007629394,229.4873,2026-09-07 20:11:28,2026-09-07 16:15:05
NVDA,NVDA261120C00140000,NVDA,2026-11-20,C,140.0,89.95,10.0,95.85,5.0,0.7093,1470.0,30.0,0.9803,0.0008,0.052,-0.0185,0.2818,91.8874,3.705,95.34,96.15,95.34,down,95.63,2026-09-04T10:12:17,4.03046,91.6749992370606,229.4873,2026-09-07 20:11:28,2026-09-07 16:15:05
NVDA,NVDA261120C00145000,NVDA,2026-11-20,C,145.0,84.2,258.0,88.85,123.0,0.4081,469.0,30.0,0.9765,0.001,0.06,-0.0207,0.2903,87.0141,4.505,90.41,91.3,90.41,down,90.78,2026-09-04T10:12:17,5.22167,86.625,229.4873,2026-09-07 20:11:28,2026-09-07 16:15:05
NVDA,NVDA261120C00150000,NVDA,2026-11-20,C,150.0,80.3,319.0,84.0,155.0,0.5302,1037.0,42.0,0.972,0.0012,0.0695,-0.0231,0.2984,82.1581,0.825,82.52,85.41,81.8,down,81.8,2026-09-04T14:01:17,1.01883,81.9249992370606,229.4873,2026-09-07 20:11:28,2026-09-07 16:15:05
NVDA,NVDA261120C00155000,NVDA,2026-11-20,C,155.0,73.9,124.0,78.1,11.0,0.0,1893.0,38.0,0.9665,0.0014,0.0805,-0.0259,0.3059,77.3252,1.05,77.62,80.6,77.0,down,77.0,2026-09-04T14:39:44,1.38249,76.3999977111816,229.4873,2026-09-07 20:11:28,2026-09-07 16:15:05
NVDA,NVDA261120C00160000,NVDA,2026-11-20,C,160.0,72.1,36.0,74.1,225.0,0.5514,1271.0,94.0,0.9596,0.0017,0.0936,-0.0292,0.3127,72.5227,1.24,73.18,76.42,72.34,down,72.34,2026-09-04T15:23:33,1.74402,72.3499984741211,229.4873,2026-09-07 20:11:28,2026-09-07 16:15:05
NVDA,NVDA261120C00165000,NVDA,2026-11-20,C,165.0,67.2,33.0,69.55,148.0,0.5319,1437.0,83.0,0.9511,0.002,0.109,-0.033,0.3187,67.7606,2.635,68.41,71.67,68.41,down,69.16,2026-09-04T11:44:54,3.96091,67.7250022888184,229.4873,2026-09-07 20:11:28,2026-09-07 16:15:05
NVDA,NVDA261120C00170000,NVDA,2026-11-20,C,170.0,62.6,61.0,63.7,81.0,0.4743,1561.0,19.0,0.9406,0.0024,0.1269,-0.0375,0.3236,63.0505,1.38,63.3,65.77,63.1,up,63.18,2026-09-04T13:39:46,2.23301,62.5999984741211,229.4873,2026-09-07 20:11:28,2026-09-07 16:15:05
NVDA,NVDA261120C00175000,NVDA,2026-11-20,C,175.0,57.9,108.0,58.85,88.0,0.4516,1904.0,44.0,0.9276,0.0029,0.1477,-0.0426,0.3271,58.4077,1.175,59.0,62.35,58.4,no_change,58.4,2026-09-04T15:55:55,2.0533,57.875,229.4873,2026-09-07 20:11:28,2026-09-07 16:15:05
NVDA,NVDA261120C00180000,NVDA,2026-11-20,C,180.0,53.4,77.0,54.3,63.0,0.4428,7070.0,33.0,0.9117,0.0034,0.1714,-0.0483,0.329,53.8485,0.725,54.0,57.75,53.22,no_change,53.25,2026-09-04T15:35:22,1.3803,53.5249996185303,229.4873,2026-09-07 20:11:28,2026-09-07 16:15:05
NVDA,NVDA261120C00185000,NVDA,2026-11-20,C,185.0,48.7,134.0,51.0,103.0,0.4175,3496.0,65.0,0.8925,0.004,0.1975,-0.0546,0.3291,49.3928,0.85,50.5,53.0,49.0,down,49.0,2026-09-04T15:15:21,1.76531,49.1750011444092,229.4873,2026-09-07 20:11:28,2026-09-07 16:15:05
NVDA,NVDA261120C00190000,NVDA,2026-11-20,C,190.0,44.75,146.0,45.65,155.0,0.4305,3561.0,295.0,0.8696,0.0047,0.2261,-0.0615,0.3271,45.0605,1.1,48.19,48.75,44.41,down,45.0,2026-09-04T15:59:29,2.50569,44.7749996185303,229.4873,2026-09-07 20:11:28,2026-09-07 16:15:05
NVDA,NVDA261120C00195000,NVDA,2026-11-20,C,195.0,40.45,46.0,41.1,9.0,0.4108,3786.0,61.0,0.8429,0.0054,0.256,-0.0686,0.323,40.8733,1.05,43.65,44.25,40.8,down,40.8,2026-09-04T13:39:15,2.64151,40.4249992370606,229.4873,2026-09-07 20:11:28,2026-09-07 16:15:05
NVDA,NVDA261120C00200000,NVDA,2026-11-20,C,200.0,36.15,191.0,37.2,120.0,0.4038,24921.0,393.0,0.8121,0.0062,0.2865,-0.0758,0.3166,36.8535,1.075,37.0,40.4,36.45,no_change,36.8,2026-09-04T15:59:34,3.0091,36.5749988555908,229.4873,2026-09-07 20:11:28,2026-09-07 16:15:05
NVDA,NVDA261120C00205000,NVDA,2026-11-20,C,205.0,32.4,231.0,33.25,35.0,0.3964,5184.0,136.0,0.7774,0.007,0.3166,-0.0827,0.3077,33.0213,1.33,34.9,36.7,32.8,up,33.28,2026-09-04T15:56:42,4.16275,32.625,229.4873,2026-09-07 20:11:28,2026-09-07 16:15:05
NVDA,NVDA261120C00210000,NVDA,2026-11-20,C,210.0,29.25,64.0,29.55,14.0,0.3985,11831.0,395.0,0.739,0.0077,0.3447,-0.0891,0.2967,29.3965,1.085,29.8,32.66,28.93,down,29.31,2026-09-04T15:59:13,3.84411,29.1999998092651,229.4873,2026-09-07 20:11:28,2026-09-07 16:15:05
NVDA,NVDA261120C00215000,NVDA,2026-11-20,C,215.0,25.8,169.0,26.1,1.0,0.3934,7416.0,787.0,0.6972,0.0083,0.3699,-0.0947,0.2836,25.9972,1.11,26.43,29.1,25.54,down,25.96,2026-09-04T15:59:13,4.4668,25.8249998092651,229.4873,2026-09-07 20:11:28,2026-09-07 16:15:05
NVDA,NVDA261120C00220000,NVDA,2026-11-20,C,220.0,22.65,100.0,23.0,33.0,0.3904,16607.0,1260.0,0.6526,0.0089,0.3911,-0.0993,0.2684,22.8369,1.125,22.55,25.8,22.48,down,22.95,2026-09-04T15:57:43,5.15464,22.6000003814697,229.4873,2026-09-07 20:11:28,2026-09-07 16:15:05
NVDA,NVDA261120C00225000,NVDA,2026-11-20,C,225.0,19.75,83.0,20.05,22.0,0.386,11739.0,1382.0,0.606,0.0094,0.4072,-0.1026,0.2518,19.9271,0.92,20.33,22.6,19.45,down,19.87,2026-09-04T15:59:22,4.85488,19.7250003814697,229.4873,2026-09-07 20:11:28,2026-09-07 16:15:05
NVDA,NVDA261120C00230000,NVDA,2026-11-20,C,230.0,17.15,4.0,17.4,36.0,0.3842,31184.0,2674.0,0.5577,0.0097,0.4175,-0.1044,0.234,17.2558,0.89,17.2,19.85,16.85,down,17.24,2026-09-04T15:59:31,5.44342,17.1000003814697,229.4873,2026-09-07 20:11:28,2026-09-07 16:15:05
NVDA,NVDA261120C00235000,NVDA,2026-11-20,C,235.0,14.7,48.0,15.1,31.0,0.3813,10710.0,4419.0,0.5095,0.0098,0.4218,-0.1048,0.2154,14.8762,0.9,15.0,17.27,14.5,no_change,14.9,2026-09-04T15:58:51,6.42857,14.7249999046326,229.4873,2026-09-07 20:11:28,2026-09-07 16:15:05
NVDA,NVDA261120C00240000,NVDA,2026-11-20,C,240.0,12.5,20.0,12.95,23.0,0.3797,20261.0,1316.0,0.4614,0.0098,0.42,-0.1038,0.1965,12.737,0.93,12.4,14.8,12.26,down,12.88,2026-09-04T15:57:14,7.78243,12.5999999046326,229.4873,2026-09-07 20:11:28,2026-09-07 16:15:05
NVDA,NVDA261120C00245000,NVDA,2026-11-20,C,245.0,10.75,21.0,10.95,28.0,0.3786,11413.0,1146.0,0.4146,0.0097,0.4124,-0.1014,0.1778,10.8464,0.94,10.85,12.75,10.5,up,11.04,2026-09-04T15:55:21,9.30693,10.7249999046326,229.4873,2026-09-07 20:11:28,2026-09-07 16:15:05
NVDA,NVDA261120C00250000,NVDA,2026-11-20,C,250.0,9.1,42.0,9.35,56.0,0.3771,34960.0,4366.0,0.3698,0.0094,0.3995,-0.0979,0.1593,9.1916,0.675,8.85,10.94,8.85,up,9.2,2026-09-04T15:59:27,7.91789,9.09999990463257,229.4873,2026-09-07 20:11:28,2026-09-07 16:15:05
NVDA,NVDA261120C00255000,NVDA,2026-11-20,C,255.0,7.65,12.0,7.85,2.0,0.3765,7063.0,1446.0,0.3277,0.009,0.3826,-0.0934,0.1419,7.7648,0.595,7.45,9.25,7.37,down,7.72,2026-09-04T15:59:47,8.35088,7.70000004768372,229.4873,2026-09-07 20:11:28,2026-09-07 16:15:05
NVDA,NVDA261120C00260000,NVDA,2026-11-20,C,260.0,6.45,42.0,6.65,56.0,0.3762,18443.0,3407.0,0.2882,0.0085,0.3618,-0.0881,0.1254,6.5237,0.53,6.35,7.9,6.15,down,6.48,2026-09-04T15:59:42,8.90756,6.47500014305115,229.4873,2026-09-07 20:11:28,2026-09-07 16:15:05
NVDA,NVDA261120C00265000,NVDA,2026-11-20,C,265.0,5.4,5.0,5.6,34.0,0.3766,7705.0,1200.0,0.2521,0.008,0.3385,-0.0823,0.1099,5.4654,0.425,5.1,6.58,5.1,down,5.4,2026-09-04T15:59:27,8.54271,5.42499995231628,229.4873,2026-09-07 20:11:28,2026-09-07 16:15:05
NVDA,NVDA261120C00270000,NVDA,2026-11-20,C,270.0,4.5,39.0,4.7,89.0,0.3784,13886.0,2961.0,0.2197,0.0074,0.3144,-0.0763,0.0962,4.5782,0.675,4.29,5.55,4.29,up,4.8,2026-09-04T15:56:16,16.3636,4.57500004768372,229.4873,2026-09-07 20:11:28,2026-09-07 16:15:05
NVDA,NVDA261120C00275000,NVDA,2026-11-20,C,275.0,3.75,42.0,3.9,95.0,0.3783,10624.0,535.0,0.191,0.0068,0.2894,-0.0703,0.0837,3.8364,0.5,3.45,4.7,3.45,no_change,3.9,2026-09-04T15:53:20,14.7059,3.82500004768372,229.4873,2026-09-07 20:11:28,2026-09-07 16:15:05
NVDA,NVDA261120C00280000,NVDA,2026-11-20,C,280.0,3.1,97.0,3.2,50.0,0.3781,11077.0,1348.0,0.1649,0.0061,0.2643,-0.0642,0.0725,3.1991,0.425,2.88,3.9,2.88,up,3.25,2026-09-04T15:52:11,15.0443,3.17499995231628,229.4873,2026-09-07 20:11:28,2026-09-07 16:15:05
NVDA,NVDA261120C00285000,NVDA,2026-11-20,C,285.0,2.49,23.0,2.71,57.0,0.3814,4944.0,782.0,0.1422,0.0055,0.2397,-0.0583,0.0625,2.6696,0.3,2.41,3.25,2.41,up,2.64,2026-09-04T15:42:14,12.8205,2.64499998092651,229.4873,2026-09-07 20:11:28,2026-09-07 16:15:05
NVDA,NVDA261120C00290000,NVDA,2026-11-20,C,290.0,2.17,31.0,2.25,12.0,0.3826,5106.0,1918.0,0.1223,0.005,0.2166,-0.0527,0.0539,2.2289,0.335,2.16,2.74,2.16,up,2.26,2026-09-04T15:52:14,17.4026,2.20500004291534,229.4873,2026-09-07 20:11:28,2026-09-07 16:15:05
NVDA,NVDA261120C00295000,NVDA,2026-11-20,C,295.0,1.82,61.0,1.89,62.0,0.3848,1596.0,405.0,0.1051,0.0044,0.1945,-0.0474,0.0463,1.8618,0.35,1.66,2.27,1.66,no_change,1.94,2026-09-04T14:52:30,22.0126,1.85499995946884,229.4873,2026-09-07 20:11:28,2026-09-07 16:15:05
NVDA,NVDA261120C00300000,NVDA,2026-11-20,C,300.0,1.52,27.0,1.58,75.0,0.3866,11440.0,1247.0,0.0903,0.004,0.1745,-0.0426,0.0399,1.5596,0.215,1.44,1.9,1.35,up,1.54,2026-09-04T15:59:15,16.2264,1.55000001192093,229.4873,2026-09-07 20:11:28,2026-09-07 16:15:05
NVDA,NVDA261120C00310000,NVDA,2026-11-20,C,310.0,1.07,6.0,1.12,110.0,0.392,3789.0,562.0,0.0662,0.0031,0.1382,-0.0338,0.0292,1.0886,0.2,1.09,1.3,1.04,up,1.13,2026-09-04T15:56:54,21.5054,1.09499996900558,229.4873,2026-09-07 20:11:28,2026-09-07 16:15:05
NVDA,NVDA261120C00320000,NVDA,2026-11-20,C,320.0,0.75,47.0,0.8,100.0,0.3973,2407.0,446.0,0.0484,0.0024,0.1082,-0.0266,0.0214,0.7619,0.135,0.85,0.94,0.76,down,0.76,2026-09-04T15:30:52,21.6,0.775000005960464,229.4873,2026-09-07 20:11:28,2026-09-07 16:15:05
NVDA,NVDA261120C00330000,NVDA,2026-11-20,C,330.0,0.46,191.0,0.6,97.0,0.3998,1667.0,301.0,0.0354,0.0018,0.0843,-0.0208,0.0156,0.537,0.08,0.5,0.66,0.5,down,0.54,2026-09-04T15:52:42,17.3913,0.524999991059303,229.4873,2026-09-07 20:11:28,2026-09-07 16:15:05
NVDA,NVDA261120C00340000,NVDA,2026-11-20,C,340.0,0.37,54.0,0.46,130.0,0.4106,1638.0,23.0,0.026,0.0014,0.0655,-0.0162,0.0115,0.3817,0.08,0.37,0.48,0.37,up,0.41,2026-09-04T14:19:21,24.2424,0.394999995827675,229.4873,2026-09-07 20:11:28,2026-09-07 16:15:05
NVDA,NVDA261120C00350000,NVDA,2026-11-20,C,350.0,0.2,177.0,0.36,72.0,0.4118,1125.0,66.0,0.0192,0.0011,0.0507,-0.0126,0.0084,0.2723,0.055,0.31,0.35,0.29,no_change,0.29,2026-09-04T15:52:31,23.4043,0.280000008642674,229.4873,2026-09-07 20:11:28,2026-09-07 16:15:05
NVDA,NVDA261120C00360000,NVDA,2026-11-20,C,360.0,0.16,126.0,0.24,111.0,0.4159,2571.0,12.0,0.0142,0.0008,0.0394,-0.0098,0.0063,0.1969,0.145,0.18,0.28,0.18,up,0.28,2026-09-04T15:40:53,107.407,0.195000000298023,229.4873,2026-09-07 20:11:28,2026-09-07 16:15:05
NVDA,NVDA261120C00370000,NVDA,2026-11-20,C,370.0,0.13,19.0,0.16,15.0,0.4208,1928.0,4959.0,0.0106,0.0006,0.0306,-0.0077,0.0046,0.1433,0.05,0.11,0.2,0.11,no_change,0.16,2026-09-04T15:56:06,45.4545,0.144999995827675,229.4873,2026-09-07 20:11:28,2026-09-07 16:15:05
NVDA,NVDA261120C00380000,NVDA,2026-11-20,C,380.0,0.01,359.0,0.2,148.0,0.4252,1674.0,0.0,0.008,0.0005,0.024,-0.006,0.0035,0.1056,0.0,0.0,0.0,0.0,up,0.11,2026-09-03T14:29:03,0.0,0.110000001266599,229.4873,2026-09-07 20:11:28,2026-09-07 16:15:05
NVDA,NVDA261120C00390000,NVDA,2026-11-20,C,390.0,0.03,111.0,0.17,114.0,0.4422,757.0,0.0,0.0061,0.0004,0.0188,-0.0048,0.0027,0.079,0.0,0.0,0.0,0.0,up,0.07,2026-09-03T13:42:10,0.0,0.0849999999627471,229.4873,2026-09-07 20:11:28,2026-09-07 16:15:05
NVDA,NVDA261120C00400000,NVDA,2026-11-20,C,400.0,0.01,2.0,0.06,10.0,0.4332,9619.0,1355.0,0.0047,0.0003,0.015,-0.0038,0.002,0.06,0.005,0.05,0.08,0.05,down,0.05,2026-09-04T15:42:07,11.1111,0.0549999997019768,229.4873,2026-09-07 20:11:28,2026-09-07 16:15:05
NVDA,NVDA261120C00410000,NVDA,2026-11-20,C,410.0,0.02,52.0,0.11,148.0,0.4578,1185.0,1.0,0.0037,0.0002,0.012,-0.0031,0.0016,0.0463,-0.05,0.03,0.03,0.03,down,0.03,2026-09-04T12:24:03,-62.5,0.0699999993667006,229.4873,2026-09-07 20:11:28,2026-09-07 16:15:05
NVDA,NVDA261120C00420000,NVDA,2026-11-20,C,420.0,0.03,1.0,0.14,14.0,0.4878,630.0,3.0,0.0029,0.0002,0.0098,-0.0025,0.0013,0.0363,-0.025,0.04,0.07,0.04,down,0.05,2026-09-04T15:41:24,-33.3333,0.0849999999627471,229.4873,2026-09-07 20:11:28,2026-09-07 16:15:05
NVDA,NVDA261120C00430000,NVDA,2026-11-20,C,430.0,0.01,2.0,0.05,10.0,0.4571,162.0,0.0,0.0023,0.0001,0.008,-0.0021,0.001,0.029,0.0,0.0,0.0,0.0,no_change,0.03,2026-09-03T14:28:59,0.0,0.0300000002607703,229.4873,2026-09-07 20:11:28,2026-09-07 16:15:05
NVDA,NVDA261120C00440000,NVDA,2026-11-20,C,440.0,0.01,2.0,0.04,1.0,0.4722,785.0,112.0,0.0019,0.0001,0.0066,-0.0018,0.0008,0.0234,0.01,0.02,0.03,0.02,no_change,0.03,2026-09-04T15:29:32,50.0,0.0299999993294477,229.4873,2026-09-07 20:11:28,2026-09-07 16:15:05
NVDA,NVDA261120C00450000,NVDA,2026-11-20,C,450.0,0.0,0.0,0.07,23.0,0.4994,136.0,2.0,0.0016,0.0001,0.0056,-0.0015,0.0007,0.0192,0.0,0.07,0.07,0.07,up,0.07,2026-09-04T11:01:05,3.56564e-06,0.0400000000372529,229.4873,2026-09-07 20:11:28,2026-09-07 16:15:05
NVDA,NVDA261120C00455000,NVDA,2026-11-20,C,455.0,0.0,0.0,0.03,10.0,0.4776,2987.0,66.0,0.0014,0.0001,0.0051,-0.0014,0.0006,0.0175,0.005,0.06,0.06,0.01,no_change,0.02,2026-09-04T15:42:12,33.3333,0.0199999995529652,229.4873,2026-09-07 20:11:28,2026-09-07 16:15:05
NVDA,NVDA261120C00460000,NVDA,2026-11-20,C,460.0,0.01,5.0,0.03,1.0,0.4845,4705.0,83.0,0.0013,0.0001,0.0047,-0.0013,0.0006,0.016,0.015,0.02,0.03,0.02,up,0.03,2026-09-04T15:22:14,100.0,0.0199999995529652,229.4873,2026-09-07 20:11:28,2026-09-07 16:15:05
NVDA,NVDA261120P00050000,NVDA,2026-11-20,P,50.0,0.01,3.0,0.04,1.0,1.1409,1172.0,0.0,-0.0007,0.0,0.0026,-0.0018,-0.0004,0.0257,0.0,0.0,0.0,0.0,no_change,0.01,2026-09-03T15:45:09,0.0,0.0249999994412065,229.4873,2026-09-07 20:11:28,2026-09-07 16:15:05
NVDA,NVDA261120P00055000,NVDA,2026-11-20,P,55.0,0.0,0.0,0.07,20.0,1.1186,368.0,0.0,-0.0009,0.0,0.0033,-0.0022,-0.0005,0.0315,0.0,0.0,0.0,0.0,up,0.05,2026-09-02T11:29:35,0.0,0.0400000000372529,229.4873,2026-09-07 20:11:28,2026-09-07 16:15:05
NVDA,NVDA261120P00060000,NVDA,2026-11-20,P,60.0,0.0,0.0,0.06,5.0,1.0391,300.0,40.0,-0.0012,0.0,0.004,-0.0026,-0.0006,0.0383,0.005,0.04,0.04,0.04,no_change,0.04,2026-09-04T15:09:38,14.2857,0.034999999217689,229.4873,2026-09-07 20:11:28,2026-09-07 16:15:05
NVDA,NVDA261120P00065000,NVDA,2026-11-20,P,65.0,0.03,1.0,0.15,9.0,1.0771,134.0,0.0,-0.0014,0.0,0.0049,-0.003,-0.0007,0.0462,0.0,0.0,0.0,0.0,up,0.09,2026-09-03T14:17:50,0.0,0.0900000026449561,229.4873,2026-09-07 20:11:28,2026-09-07 16:15:05
NVDA,NVDA261120P00070000,NVDA,2026-11-20,P,70.0,0.02,1.0,0.09,1.0,0.9657,343.0,1.0,-0.0018,0.0,0.0059,-0.0035,-0.0009,0.0553,-0.005,0.06,0.06,0.06,up,0.06,2026-09-04T13:24:24,-7.69231,0.0550000015646219,229.4873,2026-09-07 20:11:28,2026-09-07 16:15:05
NVDA,NVDA261120P00075000,NVDA,2026-11-20,P,75.0,0.02,10.0,0.17,10.0,0.9661,326.0,0.0,-0.0021,0.0001,0.0071,-0.0041,-0.0011,0.0658,0.0,0.0,0.0,0.0,no_change,0.09,2026-09-03T15:47:43,0.0,0.0950000006705522,229.4873,2026-09-07 20:11:28,2026-09-07 16:15:05
NVDA,NVDA261120P00080000,NVDA,2026-11-20,P,80.0,0.03,21.0,0.1,70.0,0.8766,1338.0,11.0,-0.0026,0.0001,0.0085,-0.0047,-0.0013,0.0779,-0.01,0.06,0.06,0.06,no_change,0.06,2026-09-04T14:04:09,-14.2857,0.0650000004097819,229.4873,2026-09-07 20:11:28,2026-09-07 16:15:05
NVDA,NVDA261120P00085000,NVDA,2026-11-20,P,85.0,0.0,0.0,0.41,5.0,0.887,710.0,0.0,-0.0031,0.0001,0.0101,-0.0053,-0.0016,0.0915,0.0,0.0,0.0,0.0,down,0.09,2026-09-03T12:57:37,0.0,0.119999999180436,229.4873,2026-09-07 20:11:28,2026-09-07 16:15:05
NVDA,NVDA261120P00090000,NVDA,2026-11-20,P,90.0,0.06,36.0,0.12,1.0,0.812,428.0,0.0,-0.0037,0.0001,0.0118,-0.006,-0.0019,0.1075,0.0,0.0,0.0,0.0,no_change,0.09,2026-09-03T15:31:36,0.0,0.0949999988079071,229.4873,2026-09-07 20:11:28,2026-09-07 16:15:05
NVDA,NVDA261120P00095000,NVDA,2026-11-20,P,95.0,0.05,120.0,0.22,259.0,0.8053,792.0,0.0,-0.0045,0.0001,0.0139,-0.0068,-0.0023,0.1254,0.0,0.0,0.0,0.0,up,0.13,2026-09-03T14:59:31,0.0,0.140000002458692,229.4873,2026-09-07 20:11:28,2026-09-07 16:15:05
NVDA,NVDA261120P00100000,NVDA,2026-11-20,P,100.0,0.12,1.0,0.16,110.0,0.7686,5827.0,49.0,-0.0053,0.0002,0.0162,-0.0077,-0.0027,0.146,0.015,0.14,0.15,0.13,up,0.15,2026-09-04T15:54:01,11.1111,0.129999998956919,229.4873,2026-09-07 20:11:28,2026-09-07 16:15:05
NVDA,NVDA261120P00105000,NVDA,2026-11-20,P,105.0,0.06,201.0,0.19,91.0,0.7142,426.0,0.0,-0.0063,0.0002,0.0189,-0.0087,-0.0032,0.1697,0.0,0.0,0.0,0.0,down,0.17,2026-08-28T13:46:14,0.0,0.150000002235174,229.4873,2026-09-07 20:11:28,2026-09-07 16:15:05
NVDA,NVDA261120P00110000,NVDA,2026-11-20,P,110.0,0.1,10.0,0.24,1.0,0.7012,2545.0,0.0,-0.0074,0.0003,0.022,-0.0097,-0.0038,0.1967,0.0,0.0,0.0,0.0,up,0.2,2026-09-02T14:38:51,0.0,0.174999997019768,229.4873,2026-09-07 20:11:28,2026-09-07 16:15:05
NVDA,NVDA261120P00115000,NVDA,2026-11-20,P,115.0,0.21,32.0,0.25,3.0,0.6872,6683.0,0.0,-0.0088,0.0003,0.0255,-0.0109,-0.0044,0.2278,0.0,0.0,0.0,0.0,up,0.23,2026-09-02T15:12:55,0.0,0.269999995827675,229.4873,2026-09-07 20:11:28,2026-09-07 16:15:05
NVDA,NVDA261120P00120000,NVDA,2026-11-20,P,120.0,0.1,39.0,0.29,5.0,0.6623,4828.0,11.0,-0.0104,0.0004,0.0295,-0.0121,-0.0052,0.2633,0.0,0.24,0.24,0.24,no_change,0.24,2026-09-04T14:04:58,-8.69234e-07,0.264999993145466,229.4873,2026-09-07 20:11:28,2026-09-07 16:15:05
NVDA,NVDA261120P00125000,NVDA,2026-11-20,P,125.0,0.29,66.0,0.32,7.0,0.6394,5284.0,47.0,-0.0122,0.0005,0.034,-0.0135,-0.0061,0.3044,-0.01,0.31,0.31,0.29,up,0.3,2026-09-04T15:49:07,-3.22581,0.305000007152557,229.4873,2026-09-07 20:11:28,2026-09-07 16:15:05
NVDA,NVDA261120P00130000,NVDA,2026-11-20,P,130.0,0.34,10.0,0.37,54.0,0.6166,5706.0,239.0,-0.0144,0.0006,0.0392,-0.015,-0.0072,0.3521,0.005,0.34,0.36,0.34,no_change,0.36,2026-09-04T12:51:32,1.40845,0.350000008940697,229.4873,2026-09-07 20:11:28,2026-09-07 16:15:05
NVDA,NVDA261120P00135000,NVDA,2026-11-20,P,135.0,0.39,84.0,0.43,91.0,0.5933,7982.0,252.0,-0.0171,0.0007,0.0453,-0.0168,-0.0085,0.4089,0.0,0.41,0.42,0.39,up,0.42,2026-09-04T12:33:42,-4.25747e-07,0.394999995827675,229.4873,2026-09-07 20:11:28,2026-09-07 16:15:05
NVDA,NVDA261120P00140000,NVDA,2026-11-20,P,140.0,0.46,73.0,0.5,53.0,0.5723,8912.0,9.0,-0.0202,0.0008,0.0522,-0.0187,-0.01,0.4755,-0.005,0.48,0.48,0.45,up,0.48,2026-09-04T15:54:01,-1.03093,0.469999998807907,229.4873,2026-09-07 20:11:28,2026-09-07 16:15:05
NVDA,NVDA261120P00145000,NVDA,2026-11-20,P,145.0,0.54,87.0,0.58,84.0,0.5516,8095.0,1859.0,-0.024,0.001,0.0605,-0.0208,-0.0119,0.5554,-0.03,0.53,0.54,0.53,no_change,0.54,2026-09-04T12:35:08,-5.26316,0.555000007152557,229.4873,2026-09-07 20:11:28,2026-09-07 16:15:05
NVDA,NVDA261120P00150000,NVDA,2026-11-20,P,150.0,0.64,132.0,0.8,2.0,0.5315,20044.0,2777.0,-0.0285,0.0012,0.0698,-0.0233,-0.0141,0.6532,-0.015,0.65,0.66,0.62,no_change,0.66,2026-09-04T15:47:54,-2.22222,0.655000001192093,229.4873,2026-09-07 20:11:28,2026-09-07 16:15:05
NVDA,NVDA261120P00155000,NVDA,2026-11-20,P,155.0,0.76,90.0,0.8,41.0,0.5131,8687.0,1762.0,-0.0341,0.0014,0.0809,-0.0261,-0.0168,0.7741,-0.02,0.75,0.77,0.71,no_change,0.77,2026-09-04T15:23:32,-2.53164,0.775000005960464,229.4873,2026-09-07 20:11:28,2026-09-07 16:15:05
NVDA,NVDA261120P00160000,NVDA,2026-11-20,P,160.0,0.91,90.0,0.95,10.0,0.4964,23745.0,2844.0,-0.0411,0.0017,0.0942,-0.0294,-0.0201,0.926,-0.04,0.92,0.93,0.85,down,0.91,2026-09-04T15:52:21,-4.21053,0.925000011920929,229.4873,2026-09-07 20:11:28,2026-09-07 16:15:05
NVDA,NVDA261120P00165000,NVDA,2026-11-20,P,165.0,1.1,108.0,1.12,7.0,0.4796,10422.0,403.0,-0.0496,0.002,0.1095,-0.0333,-0.0243,1.1183,-0.05,1.07,1.11,1.0,down,1.09,2026-09-04T15:44:12,-4.38596,1.11500000953674,229.4873,2026-09-07 20:11:28,2026-09-07 16:15:05
NVDA,NVDA261120P00170000,NVDA,2026-11-20,P,170.0,1.34,32.0,1.38,5.0,0.466,21890.0,609.0,-0.0603,0.0024,0.1278,-0.0378,-0.0293,1.364,-0.04,1.31,1.37,1.2,up,1.35,2026-09-04T15:53:19,-2.8777,1.36000001430511,229.4873,2026-09-07 20:11:28,2026-09-07 16:15:05
NVDA,NVDA261120P00175000,NVDA,2026-11-20,P,175.0,1.65,14.0,1.7,67.0,0.4536,19607.0,138.0,-0.0734,0.0029,0.1486,-0.043,-0.0357,1.6769,-0.04,1.62,1.7,1.47,no_change,1.67,2026-09-04T15:57:07,-2.33918,1.69499999284744,229.4873,2026-09-07 20:11:28,2026-09-07 16:15:05
NVDA,NVDA261120P00180000,NVDA,2026-11-20,P,180.0,2.03,19.0,2.1,81.0,0.4428,28290.0,581.0,-0.0893,0.0034,0.1722,-0.0488,-0.0431,2.0695,-0.045,2.0,2.1,1.8,up,2.08,2026-09-04T15:57:42,-2.11765,2.08500003814697,229.4873,2026-09-07 20:11:28,2026-09-07 16:15:05
NVDA,NVDA261120P00185000,NVDA,2026-11-20,P,185.0,2.5,10.0,2.61,14.0,0.4332,11784.0,612.0,-0.1087,0.0041,0.1991,-0.0552,-0.0522,2.5701,-0.08,2.41,2.6,2.21,up,2.57,2026-09-04T15:58:50,-3.01887,2.59499990940094,229.4873,2026-09-07 20:11:28,2026-09-07 16:15:05
NVDA,NVDA261120P00190000,NVDA,2026-11-20,P,190.0,3.15,5.0,3.25,1.0,0.4245,15212.0,537.0,-0.1318,0.0048,0.2271,-0.0622,-0.0631,3.1965,-0.15,3.15,3.23,2.73,down,3.15,2026-09-04T15:57:43,-4.54545,3.20000004768372,229.4873,2026-09-07 20:11:28,2026-09-07 16:15:05
NVDA,NVDA261120P00195000,NVDA,2026-11-20,P,195.0,3.9,72.0,4.0,1.0,0.4157,16878.0,312.0,-0.1592,0.0055,0.2575,-0.0695,-0.0757,3.9766,-0.17,3.82,4.05,3.41,down,3.93,2026-09-04T15:53:21,-4.14634,3.97500014305115,229.4873,2026-09-07 20:11:28,2026-09-07 16:15:05
NVDA,NVDA261120P00200000,NVDA,2026-11-20,P,200.0,4.8,34.0,5.0,1.0,0.4106,45216.0,1120.0,-0.1901,0.0063,0.2884,-0.0768,-0.0897,4.9117,-0.175,4.52,5.0,4.2,up,4.9,2026-09-04T15:59:04,-3.44828,4.97499990463257,229.4873,2026-09-07 20:11:28,2026-09-07 16:15:05
NVDA,NVDA261120P00205000,NVDA,2026-11-20,P,205.0,5.95,34.0,6.15,15.0,0.4049,8234.0,761.0,-0.2257,0.0071,0.3182,-0.084,-0.1056,6.055,-0.145,5.65,6.15,5.2,up,6.08,2026-09-04T15:59:10,-2.32932,6.07500004768372,229.4873,2026-09-07 20:11:28,2026-09-07 16:15:05
NVDA,NVDA261120P00210000,NVDA,2026-11-20,P,210.0,7.3,31.0,7.5,70.0,0.3991,15004.0,707.0,-0.2649,0.0078,0.3464,-0.0907,-0.1227,7.402,-0.195,7.18,7.5,6.4,down,7.38,2026-09-04T15:59:10,-2.57426,7.42499995231628,229.4873,2026-09-07 20:11:28,2026-09-07 16:15:05
NVDA,NVDA261120P00215000,NVDA,2026-11-20,P,215.0,8.85,22.0,9.05,25.0,0.3939,11231.0,1199.0,-0.3075,0.0085,0.3719,-0.0966,-0.1405,8.9757,-0.35,8.6,9.15,7.75,down,8.85,2026-09-04T15:51:33,-3.80435,9.02500009536743,229.4873,2026-09-07 20:11:28,2026-09-07 16:15:05
NVDA,NVDA261120P00220000,NVDA,2026-11-20,P,220.0,10.65,13.0,10.9,10.0,0.3901,9683.0,951.0,-0.3531,0.0091,0.3922,-0.1015,-0.1592,10.7969,-0.44,10.6,11.07,9.4,down,10.61,2026-09-04T15:54:07,-3.9819,10.8499999046326,229.4873,2026-09-07 20:11:28,2026-09-07 16:15:05
NVDA,NVDA261120P00225000,NVDA,2026-11-20,P,225.0,12.65,21.0,13.0,21.0,0.3871,6298.0,775.0,-0.4011,0.0096,0.4078,-0.1051,-0.178,12.8798,-0.275,12.55,13.07,11.25,up,12.9,2026-09-04T15:59:29,-2.08729,12.9250001907349,229.4873,2026-09-07 20:11:28,2026-09-07 16:15:05
NVDA,NVDA261120P00230000,NVDA,2026-11-20,P,230.0,15.0,16.0,15.3,33.0,0.3829,6563.0,1604.0,-0.4502,0.01,0.4172,-0.1074,-0.1954,15.2097,-0.5,14.8,15.43,13.35,up,15.05,2026-09-04T15:55:00,-3.21543,15.2999997138977,229.4873,2026-09-07 20:11:28,2026-09-07 16:15:05
NVDA,NVDA261120P00235000,NVDA,2026-11-20,P,235.0,17.55,15.0,17.95,25.0,0.3804,1437.0,1338.0,-0.5002,0.0102,0.4202,-0.1082,-0.2122,17.8135,-0.325,16.65,18.1,15.7,down,17.85,2026-09-04T15:43:51,-1.78817,17.875,229.4873,2026-09-07 20:11:28,2026-09-07 16:15:05
NVDA,NVDA261120P00240000,NVDA,2026-11-20,P,240.0,20.45,5.0,20.75,57.0,0.378,1367.0,371.0,-0.5499,0.0102,0.4168,-0.1076,-0.2256,20.6805,-0.35,18.75,20.87,18.5,down,20.65,2026-09-04T15:47:08,-1.66667,20.7749996185303,229.4873,2026-09-07 20:11:28,2026-09-07 16:15:05
NVDA,NVDA261120P00245000,NVDA,2026-11-20,P,245.0,23.5,5.0,23.9,15.0,0.3764,1244.0,343.0,-0.5986,0.0101,0.4061,-0.1056,-0.2378,23.8079,-0.58,22.1,24.03,21.45,down,23.57,2026-09-04T15:51:05,-2.40165,23.8999996185303,229.4873,2026-09-07 20:11:28,2026-09-07 16:15:05
NVDA,NVDA261120P00250000,NVDA,2026-11-20,P,250.0,26.6,70.0,27.25,56.0,0.371,1880.0,63.0,-0.6455,0.0099,0.3913,-0.1026,-0.2471,27.1769,-1.6,25.5,26.45,24.51,down,26.1,2026-09-04T12:52:41,-5.77617,27.3500003814697,229.4873,2026-09-07 20:11:28,2026-09-07 16:15:05
NVDA,NVDA261120P00255000,NVDA,2026-11-20,P,255.0,30.05,46.0,30.85,21.0,0.3679,245.0,11.0,-0.6901,0.0095,0.3706,-0.0986,-0.2534,30.7794,-1.125,28.5,30.0,28.5,up,30.0,2026-09-04T12:56:50,-3.61446,30.7750005722046,229.4873,2026-09-07 20:11:28,2026-09-07 16:15:05
NVDA,NVDA261120P00260000,NVDA,2026-11-20,P,260.0,33.75,68.0,34.7,32.0,0.366,865.0,34.0,-0.7317,0.0091,0.3442,-0.0938,-0.2513,34.5924,-0.35,31.77,34.65,31.77,no_change,34.6,2026-09-04T15:42:19,-1.00143,34.8499984741211,229.4873,2026-09-07 20:11:28,2026-09-07 16:15:05
NVDA,NVDA261120P00265000,NVDA,2026-11-20,P,265.0,37.65,21.0,38.65,21.0,0.3627,569.0,1.0,-0.7701,0.0086,0.3182,-0.0886,-0.2512,38.5952,-1.55,37.35,37.35,37.35,down,37.35,2026-09-04T11:35:20,-3.98458,38.7249984741211,229.4873,2026-09-07 20:11:28,2026-09-07 16:15:05
NVDA,NVDA261120P00270000,NVDA,2026-11-20,P,270.0,41.05,1.0,44.3,2.0,0.3635,485.0,1.0,-0.8052,0.008,0.287,-0.083,-0.241,42.7716,-2.005,41.47,41.47,41.47,down,41.47,2026-09-04T11:35:20,-4.61185,42.8250007629394,229.4873,2026-09-07 20:11:28,2026-09-07 16:15:05
NVDA,NVDA261120P00275000,NVDA,2026-11-20,P,275.0,43.7,1.0,48.65,1.0,0.3709,26.0,0.0,-0.8369,0.0074,0.2575,-0.0773,-0.2282,47.0926,0.0,0.0,0.0,0.0,up,58.4,2026-08-28T15:26:30,0.0,47.2249984741211,229.4873,2026-09-07 20:11:28,2026-09-07 16:15:05
NVDA,NVDA261120P00280000,NVDA,2026-11-20,P,280.0,50.65,32.0,51.65,29.0,0.3609,52.0,0.0,-0.8653,0.0068,0.2243,-0.0715,-0.2149,51.5498,0.0,0.0,0.0,0.0,up,60.05,2026-08-28T12:50:01,0.0,51.6749992370606,229.4873,2026-09-07 20:11:28,2026-09-07 16:15:05
NVDA,NVDA261120P00285000,NVDA,2026-11-20,P,285.0,54.9,129.0,56.6,29.0,0.3605,185.0,2.0,-0.8903,0.0062,0.1938,-0.0656,-0.1946,56.1123,0.175,56.7,56.7,56.7,down,56.7,2026-09-04T15:19:53,0.309595,56.25,229.4873,2026-09-07 20:11:28,2026-09-07 16:15:05
NVDA,NVDA261120P00290000,NVDA,2026-11-20,P,290.0,59.55,99.0,61.65,26.0,0.3717,123.0,0.0,-0.9123,0.0055,0.1621,-0.0593,-0.1751,60.775,0.0,0.0,0.0,0.0,down,72.9,2026-08-28T15:21:55,0.0,60.8999996185303,229.4873,2026-09-07 20:11:28,2026-09-07 16:15:05
NVDA,NVDA261120P00295000,NVDA,2026-11-20,P,295.0,64.3,6.0,66.05,6.0,0.3535,9.0,0.0,-0.931,0.0049,0.1358,-0.0529,-0.154,65.5102,0.0,0.0,0.0,0.0,down,65.7,2026-09-03T15:19:58,0.0,65.6499977111816,229.4873,2026-09-07 20:11:28,2026-09-07 16:15:05
NVDA,NVDA261120P00300000,NVDA,2026-11-20,P,300.0,69.15,6.0,70.85,6.0,0.3446,15.0,0.0,-0.947,0.0042,0.1054,-0.0457,-0.1276,70.3167,0.0,0.0,0.0,0.0,down,70.59,2026-09-03T15:19:58,0.0,70.5,229.4873,2026-09-07 20:11:28,2026-09-07 16:15:05
NVDA,NVDA261120P00310000,NVDA,2026-11-20,P,310.0,75.0,2.0,84.1,2.0,0.0,4.0,0.0,-0.9707,0.0029,0.0614,-0.0314,-0.0826,80.0666,0.0,0.0,0.0,0.0,up,83.11,2026-09-03T10:31:35,0.0,80.2750015258789,229.4873,2026-09-07 20:11:28,2026-09-07 16:15:05
NVDA,NVDA261120P00320000,NVDA,2026-11-20,P,320.0,85.0,5.0,93.8,2.0,0.0,0.0,0.0,-0.9854,0.0017,0.0353,-0.0186,-0.0521,89.9417,0.0,0.0,0.0,0.0,up,117.81,2026-06-23T12:49:27,0.0,90.2249984741211,229.4873,2026-09-07 20:11:28,2026-09-07 16:15:05
NVDA,NVDA261120P00330000,NVDA,2026-11-20,P,330.0,95.0,5.0,103.75,2.0,0.0,0.0,0.0,-0.9935,0.0009,0.0174,-0.009,-0.0459,99.8879,0.0,0.0,0.0,0.0,down,110.92,2026-09-02T09:30:12,0.0,100.150001525879,229.4873,2026-09-07 20:11:28,2026-09-07 16:15:05
NVDA,NVDA261120P00340000,NVDA,2026-11-20,P,340.0,105.0,51.0,113.8,51.0,0.0,1.0,0.0,-0.9974,0.0004,0.0064,-0.0038,-0.0342,109.866,0.0,0.0,0.0,0.0,down,113.97,2026-08-17T13:20:47,0.0,110.150001525879,229.4873,2026-09-07 20:11:28,2026-09-07 16:15:05
NVDA,NVDA261120P00350000,NVDA,2026-11-20,P,350.0,115.0,2.0,123.95,1.0,0.0,0.0,0.0,-0.9991,0.0002,0.0017,-0.0013,-0.0302,119.8559,0.0,0.0,0.0,0.0,up,144.05,2026-06-09T15:44:57,0.0,120.099998474121,229.4873,2026-09-07 20:11:28,2026-09-07 16:15:05
NVDA,NVDA261120P00360000,NVDA,2026-11-20,P,360.0,125.0,2.0,133.95,2.0,0.0,0.0,0.0,-0.9998,0.0,0.0009,-0.0003,-0.0303,129.8505,0.0,0.0,0.0,0.0,down,133.95,2026-08-17T13:20:47,0.0,130.050003051758,229.4873,2026-09-07 20:11:28,2026-09-07 16:15:05
NVDA,NVDA261120P00370000,NVDA,2026-11-20,P,370.0,135.0,2.0,143.75,1.0,0.0,0.0,0.0,-0.9999,0.0,0.0001,-0.0001,-0.0305,139.8467,0.0,0.0,0.0,0.0,no_change,0.0,,0.0,140.100006103516,229.4873,2026-09-07 20:11:28,2026-09-07 16:15:05
NVDA,NVDA261120P00380000,NVDA,2026-11-20,P,380.0,145.0,55.0,153.75,51.0,0.0,0.0,0.0,-1.0,0.0,0.0,0.0,-0.0312,149.843,0.0,0.0,0.0,0.0,no_change,0.0,,0.0,150.150001525879,229.4873,2026-09-07 20:11:28,2026-09-07 16:15:05
NVDA,NVDA261120P00390000,NVDA,2026-11-20,P,390.0,155.15,50.0,163.75,51.0,0.0,0.0,0.0,-1.0,0.0,0.0,0.0,-0.0321,159.8394,0.0,0.0,0.0,0.0,up,196.0,2026-06-29T09:40:10,0.0,160.150001525879,229.4873,2026-09-07 20:11:28,2026-09-07 16:15:05
NVDA,NVDA261120P00400000,NVDA,2026-11-20,P,400.0,165.45,50.0,173.95,56.0,0.0,0.0,0.0,-1.0,0.0,0.0,0.0,-0.0329,169.8358,0.0,0.0,0.0,0.0,no_change,0.0,,0.0,170.074996948242,229.4873,2026-09-07 20:11:28,2026-09-07 16:15:05
NVDA,NVDA261120P00410000,NVDA,2026-11-20,P,410.0,175.0,51.0,183.9,1.0,0.0,0.0,0.0,-1.0,0.0,0.0,0.0,-0.0337,179.8322,0.0,0.0,0.0,0.0,no_change,0.0,,0.0,180.075004577637,229.4873,2026-09-07 20:11:28,2026-09-07 16:15:05
NVDA,NVDA261120P00420000,NVDA,2026-11-20,P,420.0,185.0,2.0,193.8,1.0,0.0,0.0,0.0,-1.0,0.0,0.0,0.0,-0.0345,189.8287,0.0,0.0,0.0,0.0,no_change,0.0,,0.0,190.075004577637,229.4873,2026-09-07 20:11:28,2026-09-07 16:15:05
NVDA,NVDA261120P00430000,NVDA,2026-11-20,P,430.0,195.0,51.0,203.7,51.0,0.0,0.0,0.0,-1.0,0.0,0.0,0.0,-0.0353,199.8251,0.0,0.0,0.0,0.0,no_change,0.0,,0.0,200.075004577637,229.4873,2026-09-07 20:11:28,2026-09-07 16:15:05
NVDA,NVDA261120P00440000,NVDA,2026-11-20,P,440.0,205.0,51.0,213.7,51.0,0.0,0.0,0.0,-1.0,0.0,0.0,0.0,-0.0362,209.8215,0.0,0.0,0.0,0.0,no_change,0.0,,0.0,210.075004577637,229.4873,2026-09-07 20:11:28,2026-09-07 16:15:05
NVDA,NVDA261120P00450000,NVDA,2026-11-20,P,450.0,215.0,51.0,223.7,1.0,0.0,0.0,0.0,-1.0,0.0,0.0,0.0,-0.037,219.8179,0.0,0.0,0.0,0.0,no_change,0.0,,0.0,220.074996948242,229.4873,2026-09-07 20:11:28,2026-09-07 16:15:05
NVDA,NVDA261120P00455000,NVDA,2026-11-20,P,455.0,220.0,2.0,228.9,1.0,0.0,0.0,0.0,-1.0,0.0,0.0,0.0,-0.0374,224.8161,0.0,0.0,0.0,0.0,no_change,0.0,,0.0,225.025001525879,229.4873,2026-09-07 20:11:28,2026-09-07 16:15:05
NVDA,NVDA261120P00460000,NVDA,2026-11-20,P,460.0,225.0,51.0,233.9,51.0,0.0,0.0,0.0,-1.0,0.0,0.0,0.0,-0.0378,229.8143,0.0,0.0,0.0,0.0,up,249.18,2026-08-25T11:02:53,0.0,230.025001525879,229.4873,2026-09-07 20:11:28,2026-09-07 16:15:05
NVDA,NVDA261218C00000500,NVDA,2026-12-18,C,0.5,225.85,57.0,230.05,25.0,0.0,10106.0,3.0,1.0,0.0,0.0,0.0,0.0,229.879,4.155,230.75,231.73,230.64,up,231.73,2026-09-04T09:49:16,1.82577,228.199996948242,229.4873,2026-09-07 20:11:28,2026-09-07 16:15:05
NVDA,NVDA261218C00001000,NVDA,2026-12-18,C,1.0,225.4,1.0,234.0,2.0,5.8095,42.0,1.0,1.0,0.0,0.0,0.0,0.0,229.2691,4.915,232.84,232.84,232.84,up,232.84,2026-09-04T10:18:40,2.15641,227.524993896484,229.4873,2026-09-07 20:11:28,2026-09-07 16:15:05
NVDA,NVDA261218C00001500,NVDA,2026-12-18,C,1.5,224.85,51.0,234.05,1.0,4.7082,32.0,0.0,1.0,0.0,0.0,0.0,0.0001,228.7692,0.0,0.0,0.0,0.0,up,224.23,2026-08-17T10:07:14,0.0,226.925003051758,229.4873,2026-09-07 20:11:28,2026-09-07 16:15:05
NVDA,NVDA261218C00002000,NVDA,2026-12-18,C,2.0,224.35,2.0,233.5,1.0,4.2453,20.0,0.0,1.0,0.0,0.0,0.0,0.0001,228.2693,0.0,0.0,0.0,0.0,no_change,210.15,2026-06-05T10:39:58,0.0,228.150001525879,229.4873,2026-09-07 20:11:28,2026-09-07 16:15:05
NVDA,NVDA261218C00002500,NVDA,2026-12-18,C,2.5,223.85,1.0,233.0,1.0,3.9254,9.0,0.0,1.0,0.0,0.0,0.0,0.0001,227.7694,0.0,0.0,0.0,0.0,down,194.38,2026-07-08T11:31:40,0.0,227.650001525879,229.4873,2026-09-07 20:11:28,2026-09-07 16:15:05
NVDA,NVDA261218C00003000,NVDA,2026-12-18,C,3.0,223.35,51.0,232.45,1.0,3.6776,20.0,0.0,1.0,0.0,0.0,0.0,0.0002,227.2695,0.0,0.0,0.0,0.0,down,214.55,2026-06-03T15:18:26,0.0,226.900001525879,229.4873,2026-09-07 20:11:28,2026-09-07 16:15:05
NVDA,NVDA261218C00003500,NVDA,2026-12-18,C,3.5,222.85,2.0,231.9,51.0,3.4723,10.0,0.0,1.0,0.0,0.0,0.0,0.0002,226.7697,0.0,0.0,0.0,0.0,down,202.59,2026-06-05T15:55:50,0.0,226.650001525879,229.4873,2026-09-07 20:11:28,2026-09-07 16:15:05
NVDA,NVDA261218C00004000,NVDA,2026-12-18,C,4.0,222.35,51.0,231.0,2.0,3.3026,4.0,0.0,1.0,0.0,0.0,0.0,0.0002,226.2698,0.0,0.0,0.0,0.0,up,220.68,2026-08-13T11:05:49,0.0,226.150001525879,229.4873,2026-09-07 20:11:28,2026-09-07 16:15:05
NVDA,NVDA261218C00004500,NVDA,2026-12-18,C,4.5,221.9,51.0,231.0,2.0,3.3346,0.0,0.0,1.0,0.0,0.0,0.0,0.0002,225.7699,0.0,0.0,0.0,0.0,up,220.5,2026-06-02T12:46:26,0.0,225.674995422363,229.4873,2026-09-07 20:11:28,2026-09-07 16:15:05
NVDA,NVDA261218C00005000,NVDA,2026-12-18,C,5.0,221.4,51.0,230.0,51.0,3.205,118.0,0.0,1.0,0.0,0.0,0.0,0.0003,225.27,0.0,0.0,0.0,0.0,up,209.78,2026-07-22T13:39:34,0.0,224.599998474121,229.4873,2026-09-07 20:11:28,2026-09-07 16:15:05
NVDA,NVDA261218C00006000,NVDA,2026-12-18,C,6.0,220.35,51.0,229.0,51.0,2.8218,1001.0,0.0,1.0,0.0,0.0,0.0,0.0003,224.2703,0.0,0.0,0.0,0.0,down,194.54,2026-06-11T13:16:10,0.0,222.850006103516,229.4873,2026-09-07 20:11:28,2026-09-07 16:15:05
NVDA,NVDA261218C00007000,NVDA,2026-12-18,C,7.0,219.35,1.0,228.0,2.0,2.6488,256.0,0.0,1.0,0.0,0.0,0.0,0.0004,223.2705,0.0,0.0,0.0,0.0,down,203.1,2026-06-09T09:59:18,0.0,223.150001525879,229.4873,2026-09-07 20:11:28,2026-09-07 16:15:05
NVDA,NVDA261218C00008000,NVDA,2026-12-18,C,8.0,218.35,1.0,227.0,2.0,2.4999,27.0,0.0,1.0,0.0,0.0,0.0,0.0004,222.2707,0.0,0.0,0.0,0.0,up,205.92,2026-06-04T09:30:01,0.0,222.150001525879,229.4873,2026-09-07 20:11:28,2026-09-07 16:15:05
NVDA,NVDA261218C00009000,NVDA,2026-12-18,C,9.0,217.35,51.0,226.0,51.0,2.3686,39.0,0.0,1.0,0.0,0.0,0.0,0.0005,221.271,0.0,0.0,0.0,0.0,up,205.3,2026-05-28T15:38:26,0.0,221.150001525879,229.4873,2026-09-07 20:11:28,2026-09-07 16:15:05
NVDA,NVDA261218C00010000,NVDA,2026-12-18,C,10.0,216.25,1.0,225.0,2.0,0.0,840.0,0.0,1.0,0.0,0.0,0.0,0.0006,220.2712,0.0,0.0,0.0,0.0,down,180.3,2026-07-29T15:57:08,0.0,220.099998474121,229.4873,2026-09-07 20:11:28,2026-09-07 16:15:05
NVDA,NVDA261218C00011000,NVDA,2026-12-18,C,11.0,215.4,1.0,224.0,2.0,2.3482,242.0,0.0,1.0,0.0,0.0,0.0,0.0006,219.2715,0.0,0.0,0.0,0.0,down,203.35,2026-06-04T10:38:32,0.0,219.049995422363,229.4873,2026-09-07 20:11:28,2026-09-07 16:15:05
NVDA,NVDA261218C00012000,NVDA,2026-12-18,C,12.0,214.4,1.0,223.0,5.0,2.2458,284.0,64.0,1.0,0.0,0.0,0.0,0.001,218.2717,3.595,218.92,218.92,218.92,up,218.92,2026-09-04T13:22:38,1.66957,218.174995422363,229.4873,2026-09-07 20:11:28,2026-09-07 16:15:05
NVDA,NVDA261218C00013000,NVDA,2026-12-18,C,13.0,213.4,1.0,222.0,2.0,2.1506,661.0,0.0,1.0,0.0,0.0,-0.0001,0.0011,217.2721,0.0,0.0,0.0,0.0,up,187.1,2026-04-20T10:20:36,0.0,217.024993896484,229.4873,2026-09-07 20:11:28,2026-09-07 16:15:05
NVDA,NVDA261218C00014000,NVDA,2026-12-18,C,14.0,212.4,1.0,221.0,2.0,2.061,49.0,0.0,1.0,0.0,0.0,-0.0002,0.0038,216.2729,0.0,0.0,0.0,0.0,up,206.91,2026-08-05T12:29:36,0.0,216.199996948242,229.4873,2026-09-07 20:11:28,2026-09-07 16:15:05
NVDA,NVDA261218C00015000,NVDA,2026-12-18,C,15.0,211.45,1.0,220.0,2.0,2.0992,1050.0,0.0,1.0,0.0,0.0001,-0.0005,0.0115,215.2742,0.0,0.0,0.0,0.0,up,214.42,2026-09-03T14:46:35,0.0,215.199996948242,229.4873,2026-09-07 20:11:28,2026-09-07 16:15:05
NVDA,NVDA261218C00016000,NVDA,2026-12-18,C,16.0,210.4,1.0,219.0,2.0,1.9633,440.0,0.0,1.0,0.0,0.0001,-0.0006,0.0238,214.2777,0.0,0.0,0.0,0.0,down,174.5,2026-07-29T15:58:47,0.0,214.224998474121,229.4873,2026-09-07 20:11:28,2026-09-07 16:15:05
NVDA,NVDA261218C00017000,NVDA,2026-12-18,C,17.0,209.4,1.0,218.0,2.0,1.8874,325.0,0.0,1.0,0.0,0.0004,-0.0003,0.0391,213.2852,0.0,0.0,0.0,0.0,down,178.01,2026-06-26T14:22:43,0.0,213.224998474121,229.4873,2026-09-07 20:11:28,2026-09-07 16:15:05
NVDA,NVDA261218C00018000,NVDA,2026-12-18,C,18.0,208.5,1.0,217.0,2.0,1.9332,264.0,0.0,1.0,0.0,0.0005,-0.0003,0.0424,212.2962,0.0,0.0,0.0,0.0,down,176.55,2026-06-26T15:44:30,0.0,212.275001525879,229.4873,2026-09-07 20:11:28,2026-09-07 16:15:05
NVDA,NVDA261218C00019000,NVDA,2026-12-18,C,19.0,207.45,51.0,216.0,2.0,1.8674,651.0,0.0,1.0,0.0,0.0006,-0.0004,0.0448,211.3074,0.0,0.0,0.0,0.0,down,173.0,2026-06-26T09:33:24,0.0,210.900001525879,229.4873,2026-09-07 20:11:28,2026-09-07 16:15:05
NVDA,NVDA261218C00020000,NVDA,2026-12-18,C,20.0,206.4,1.0,215.0,2.0,1.742,16352.0,0.0,1.0,0.0,0.0006,-0.0004,0.0471,210.3186,0.0,0.0,0.0,0.0,up,191.48,2026-08-26T11:37:42,0.0,210.075004577637,229.4873,2026-09-07 20:11:28,2026-09-07 16:15:05
NVDA,NVDA261218C00021000,NVDA,2026-12-18,C,21.0,205.45,1.0,214.0,2.0,1.7416,3789.0,0.0,1.0,0.0,0.0006,-0.0004,0.0495,209.3298,0.0,0.0,0.0,0.0,down,186.11,2026-07-16T11:14:28,0.0,209.275001525879,229.4873,2026-09-07 20:11:28,2026-09-07 16:15:05
NVDA,NVDA261218C00022000,NVDA,2026-12-18,C,22.0,204.4,1.0,213.0,2.0,1.603,3697.0,0.0,1.0,0.0,0.0007,-0.0004,0.0518,208.341,0.0,0.0,0.0,0.0,no_change,170.89,2026-06-29T10:30:39,0.0,208.25,229.4873,2026-09-07 20:11:28,2026-09-07 16:15:05
NVDA,NVDA261218C00023000,NVDA,2026-12-18,C,23.0,203.4,1.0,212.0,2.0,1.6171,330.0,0.0,1.0,0.0,0.0007,-0.0005,0.0542,207.3523,0.0,0.0,0.0,0.0,no_change,187.61,2026-08-26T10:26:30,0.0,207.25,229.4873,2026-09-07 20:11:28,2026-09-07 16:15:05
NVDA,NVDA261218C00024000,NVDA,2026-12-18,C,24.0,202.55,2.0,211.0,2.0,1.7212,663.0,0.0,1.0,0.0,0.0008,-0.0005,0.0565,206.3635,0.0,0.0,0.0,0.0,up,195.99,2026-08-28T15:50:46,0.0,206.25,229.4873,2026-09-07 20:11:28,2026-09-07 16:15:05
NVDA,NVDA261218C00025000,NVDA,2026-12-18,C,25.0,201.35,2.0,210.0,2.0,1.4862,1309.0,1.0,1.0,0.0,0.0009,-0.0006,0.0589,205.3748,3.0,207.1,207.1,207.1,up,207.1,2026-09-04T11:29:32,1.46986,205.800003051758,229.4873,2026-09-07 20:11:28,2026-09-07 16:15:05
NVDA,NVDA261218C00026000,NVDA,2026-12-18,C,26.0,200.55,1.0,209.0,2.0,1.621,673.0,0.0,1.0,0.0,0.001,-0.0006,0.0613,204.3861,0.0,0.0,0.0,0.0,down,186.0,2026-08-26T09:55:28,0.0,204.349998474121,229.4873,2026-09-07 20:11:28,2026-09-07 16:15:05
NVDA,NVDA261218C00027000,NVDA,2026-12-18,C,27.0,199.45,51.0,208.0,2.0,1.5192,1037.0,0.0,1.0,0.0,0.0011,-0.0006,0.0636,203.3975,0.0,0.0,0.0,0.0,up,186.0,2026-08-26T14:50:04,0.0,203.299995422363,229.4873,2026-09-07 20:11:28,2026-09-07 16:15:05
NVDA,NVDA261218C00028000,NVDA,2026-12-18,C,28.0,198.45,1.0,207.0,2.0,1.4644,536.0,0.0,1.0,0.0,0.0011,-0.0007,0.066,202.4089,0.0,0.0,0.0,0.0,no_change,200.0,2026-08-27T14:02:52,0.0,202.299995422363,229.4873,2026-09-07 20:11:28,2026-09-07 16:15:05
NVDA,NVDA261218C00029000,NVDA,2026-12-18,C,29.0,197.6,1.0,206.0,2.0,1.5663,601.0,0.0,1.0,0.0,0.0012,-0.0007,0.0683,201.4204,0.0,0.0,0.0,0.0,down,180.5,2026-08-24T15:45:12,0.0,201.300003051758,229.4873,2026-09-07 20:11:28,2026-09-07 16:15:05
NVDA,NVDA261218C00030000,NVDA,2026-12-18,C,30.0,196.6,1.0,205.0,2.0,1.5231,1895.0,0.0,1.0,0.0,0.0013,-0.0007,0.0706,200.4318,0.0,0.0,0.0,0.0,up,188.6,2026-09-02T10:12:45,0.0,200.325004577637,229.4873,2026-09-07 20:11:28,2026-09-07 16:15:05
NVDA,NVDA261218C00031000,NVDA,2026-12-18,C,31.0,195.4,2.0,204.0,2.0,1.3721,979.0,0.0,1.0,0.0,0.0014,-0.0008,0.073,199.4433,0.0,0.0,0.0,0.0,down,169.69,2026-07-17T09:33:57,0.0,198.349998474121,229.4873,2026-09-07 20:11:28,2026-09-07 16:15:05
NVDA,NVDA261218C00032000,NVDA,2026-12-18,C,32.0,194.6,2.0,203.0,2.0,1.4793,2463.0,0.0,1.0,0.0,0.0014,-0.0008,0.0753,198.4548,0.0,0.0,0.0,0.0,up,185.52,2026-08-21T09:30:07,0.0,198.325004577637,229.4873,2026-09-07 20:11:28,2026-09-07 16:15:05
NVDA,NVDA261218C00033000,NVDA,2026-12-18,C,33.0,193.5,57.0,202.0,2.0,1.3384,342.0,0.0,1.0,0.0,0.0015,-0.0009,0.0777,197.4663,0.0,0.0,0.0,0.0,up,175.07,2026-07-14T11:12:13,0.0,197.375,229.4873,2026-09-07 20:11:28,2026-09-07 16:15:05
NVDA,NVDA261218C00034000,NVDA,2026-12-18,C,34.0,192.5,1.0,201.0,2.0,1.2869,361.0,0.0,1.0,0.0,0.0017,-0.0009,0.08,196.4778,0.0,0.0,0.0,0.0,up,186.0,2026-08-05T09:37:28,0.0,196.375,229.4873,2026-09-07 20:11:28,2026-09-07 16:15:05
NVDA,NVDA261218C00035000,NVDA,2026-12-18,C,35.0,191.55,51.0,200.0,2.0,1.3064,2219.0,0.0,1.0,0.0,0.0018,-0.001,0.0825,195.4894,0.0,0.0,0.0,0.0,no_change,195.0,2026-09-03T13:51:56,0.0,195.200004577637,229.4873,2026-09-07 20:11:28,2026-09-07 16:15:05
NVDA,NVDA261218C00036000,NVDA,2026-12-18,C,36.0,190.55,1.0,199.0,2.0,1.318,268.0,0.0,0.9999,0.0,0.0019,-0.001,0.0848,194.5011,0.0,0.0,0.0,0.0,up,180.62,2026-08-21T10:12:33,0.0,194.375,229.4873,2026-09-07 20:11:28,2026-09-07 16:15:05
NVDA,NVDA261218C00037000,NVDA,2026-12-18,C,37.0,189.6,1.0,198.0,2.0,1.3244,336.0,0.0,0.9999,0.0,0.002,-0.001,0.0872,193.5128,0.0,0.0,0.0,0.0,up,165.33,2026-04-30T14:17:16,0.0,193.350006103516,229.4873,2026-09-07 20:11:28,2026-09-07 16:15:05
NVDA,NVDA261218C00038000,NVDA,2026-12-18,C,38.0,188.55,1.0,197.7,51.0,1.2311,948.0,0.0,0.9999,0.0,0.0021,-0.0011,0.0895,192.5245,0.0,0.0,0.0,0.0,up,191.02,2026-09-03T09:53:17,0.0,192.349998474121,229.4873,2026-09-07 20:11:28,2026-09-07 16:15:05
NVDA,NVDA261218C00039000,NVDA,2026-12-18,C,39.0,187.65,1.0,196.9,1.0,1.2918,1272.0,0.0,0.9998,0.0,0.0022,-0.0012,0.0918,191.5363,0.0,0.0,0.0,0.0,no_change,186.87,2026-08-13T15:59:55,0.0,191.399993896484,229.4873,2026-09-07 20:11:28,2026-09-07 16:15:05
NVDA,NVDA261218C00040000,NVDA,2026-12-18,C,40.0,186.6,1.0,195.75,1.0,1.2554,1786.0,0.0,0.9998,0.0,0.0023,-0.0012,0.0942,190.5481,0.0,0.0,0.0,0.0,down,179.86,2026-08-31T13:23:53,0.0,190.325004577637,229.4873,2026-09-07 20:11:28,2026-09-07 16:15:05
NVDA,NVDA261218C00041000,NVDA,2026-12-18,C,41.0,185.6,1.0,194.9,1.0,1.2183,877.0,0.0,0.9998,0.0,0.0024,-0.0013,0.0965,189.5599,0.0,0.0,0.0,0.0,up,170.55,2026-08-26T10:57:15,0.0,189.375,229.4873,2026-09-07 20:11:28,2026-09-07 16:15:05
NVDA,NVDA261218C00042000,NVDA,2026-12-18,C,42.0,184.6,1.0,193.7,1.0,1.1795,1155.0,0.0,0.9998,0.0,0.0026,-0.0013,0.0989,188.5717,0.0,0.0,0.0,0.0,down,150.19,2026-07-29T10:26:27,0.0,188.400001525879,229.4873,2026-09-07 20:11:28,2026-09-07 16:15:05
NVDA,NVDA261218C00043000,NVDA,2026-12-18,C,43.0,183.6,1.0,192.9,1.0,1.1912,796.0,0.0,0.9997,0.0,0.0027,-0.0014,0.1012,187.5836,0.0,0.0,0.0,0.0,up,166.56,2026-07-10T11:55:24,0.0,187.400001525879,229.4873,2026-09-07 20:11:28,2026-09-07 16:15:05
NVDA,NVDA261218C00044000,NVDA,2026-12-18,C,44.0,182.65,1.0,191.65,1.0,1.1986,681.0,0.0,0.9997,0.0,0.0028,-0.0014,0.1035,186.5955,0.0,0.0,0.0,0.0,up,182.5,2026-08-27T14:29:12,0.0,186.375,229.4873,2026-09-07 20:11:28,2026-09-07 16:15:05
NVDA,NVDA261218C00045000,NVDA,2026-12-18,C,45.0,181.7,1.0,190.95,1.0,1.2033,600.0,0.0,0.9996,0.0,0.0031,-0.0015,0.1059,185.6074,0.0,0.0,0.0,0.0,up,178.2,2026-08-31T15:43:50,0.0,185.525001525879,229.4873,2026-09-07 20:11:28,2026-09-07 16:15:05
NVDA,NVDA261218C00046000,NVDA,2026-12-18,C,46.0,180.8,51.0,189.2,1.0,1.2332,910.0,0.0,0.9996,0.0,0.0033,-0.0015,0.1084,184.6195,0.0,0.0,0.0,0.0,up,176.5,2026-09-02T10:05:17,0.0,184.525001525879,229.4873,2026-09-07 20:11:28,2026-09-07 16:15:05
NVDA,NVDA261218C00047000,NVDA,2026-12-18,C,47.0,179.75,1.0,188.95,1.0,1.1763,301.0,0.0,0.9996,0.0,0.0034,-0.0016,0.1107,183.6316,0.0,0.0,0.0,0.0,up,179.75,2026-08-27T10:28:18,0.0,183.574996948242,229.4873,2026-09-07 20:11:28,2026-09-07 16:15:05
NVDA,NVDA261218C00048000,NVDA,2026-12-18,C,48.0,178.75,51.0,187.8,51.0,1.1778,556.0,5.0,0.9995,0.0,0.0036,-0.0017,0.113,182.6438,1.655,183.03,183.03,183.03,up,183.03,2026-09-04T15:04:08,0.912474,182.324996948242,229.4873,2026-09-07 20:11:28,2026-09-07 16:15:05
NVDA,NVDA261218C00049000,NVDA,2026-12-18,C,49.0,177.75,1.0,187.0,3.0,1.15,2621.0,0.0,0.9995,0.0,0.0037,-0.0017,0.1154,181.656,0.0,0.0,0.0,0.0,down,162.7,2026-08-26T10:57:15,0.0,181.575004577637,229.4873,2026-09-07 20:11:28,2026-09-07 16:15:05
NVDA,NVDA261218C00050000,NVDA,2026-12-18,C,50.0,176.8,51.0,186.0,51.0,1.1514,6102.0,16.0,0.9994,0.0,0.0039,-0.0018,0.1177,180.6683,4.77,184.17,184.17,184.17,no_change,184.17,2026-09-04T10:42:12,2.65887,180.450004577637,229.4873,2026-09-07 20:11:28,2026-09-07 16:15:05
NVDA,NVDA261218C00051000,NVDA,2026-12-18,C,51.0,175.85,1.0,185.0,55.0,1.1515,1792.0,0.0,0.9994,0.0,0.004,-0.0019,0.12,179.6806,0.0,0.0,0.0,0.0,up,174.43,2026-08-27T09:41:56,0.0,179.5,229.4873,2026-09-07 20:11:28,2026-09-07 16:15:05
NVDA,NVDA261218C00052000,NVDA,2026-12-18,C,52.0,174.7,1.0,184.0,55.0,1.0979,1048.0,0.0,0.9993,0.0,0.0042,-0.002,0.1224,178.6929,0.0,0.0,0.0,0.0,up,178.25,2026-08-27T13:52:27,0.0,178.424995422363,229.4873,2026-09-07 20:11:28,2026-09-07 16:15:05
NVDA,NVDA261218C00053000,NVDA,2026-12-18,C,53.0,173.85,51.0,181.95,1.0,1.1261,1038.0,0.0,0.9993,0.0,0.0044,-0.002,0.1247,177.7053,0.0,0.0,0.0,0.0,down,176.57,2026-09-03T13:49:53,0.0,177.525001525879,229.4873,2026-09-07 20:11:28,2026-09-07 16:15:05
NVDA,NVDA261218C00054000,NVDA,2026-12-18,C,54.0,172.7,1.0,182.0,51.0,1.0418,554.0,0.0,0.9992,0.0,0.0046,-0.0021,0.127,176.7177,0.0,0.0,0.0,0.0,down,165.7,2026-08-31T12:07:04,0.0,176.424995422363,229.4873,2026-09-07 20:11:28,2026-09-07 16:15:05
NVDA,NVDA261218C00055000,NVDA,2026-12-18,C,55.0,171.75,51.0,181.0,55.0,1.0485,2613.0,0.0,0.9992,0.0,0.0048,-0.0022,0.1294,175.7301,0.0,0.0,0.0,0.0,up,171.5,2026-09-02T11:54:45,0.0,174.974998474121,229.4873,2026-09-07 20:11:28,2026-09-07 16:15:05
NVDA,NVDA261218C00056000,NVDA,2026-12-18,C,56.0,170.9,1.0,179.8,1.0,1.1007,933.0,0.0,0.9991,0.0,0.0051,-0.0022,0.1317,174.7426,0.0,0.0,0.0,0.0,down,161.88,2026-09-01T15:30:07,0.0,174.549995422363,229.4873,2026-09-07 20:11:28,2026-09-07 16:15:05
NVDA,NVDA261218C00057000,NVDA,2026-12-18,C,57.0,169.9,1.0,178.8,1.0,1.078,733.0,0.0,0.9991,0.0,0.0054,-0.0023,0.1343,173.7552,0.0,0.0,0.0,0.0,up,163.1,2026-08-10T11:25:58,0.0,173.574996948242,229.4873,2026-09-07 20:11:28,2026-09-07 16:15:05
NVDA,NVDA261218C00058000,NVDA,2026-12-18,C,58.0,168.9,1.0,177.95,1.0,1.0552,701.0,0.0,0.999,0.0,0.0056,-0.0024,0.1366,172.768,0.0,0.0,0.0,0.0,up,161.85,2026-08-31T12:07:04,0.0,172.549995422363,229.4873,2026-09-07 20:11:28,2026-09-07 16:15:05
NVDA,NVDA261218C00059000,NVDA,2026-12-18,C,59.0,167.9,1.0,176.8,55.0,1.0324,7251.0,0.0,0.9989,0.0,0.0059,-0.0025,0.139,171.7808,0.0,0.0,0.0,0.0,no_change,165.2,2026-08-28T11:38:17,0.0,171.074996948242,229.4873,2026-09-07 20:11:28,2026-09-07 16:15:05
NVDA,NVDA261218C00060000,NVDA,2026-12-18,C,60.0,166.95,1.0,176.0,2.0,1.0541,3605.0,0.0,0.9989,0.0,0.0061,-0.0026,0.1413,170.7936,0.0,0.0,0.0,0.0,down,159.75,2026-09-01T09:37:10,0.0,169.574996948242,229.4873,2026-09-07 20:11:28,2026-09-07 16:15:05
NVDA,NVDA261218C00061000,NVDA,2026-12-18,C,61.0,165.9,1.0,175.0,55.0,1.0112,568.0,0.0,0.9988,0.0,0.0063,-0.0027,0.1436,169.8065,0.0,0.0,0.0,0.0,no_change,167.96,2026-08-27T13:07:28,0.0,169.599998474121,229.4873,2026-09-07 20:11:28,2026-09-07 16:15:05
NVDA,NVDA261218C00062000,NVDA,2026-12-18,C,62.0,164.85,1.0,173.05,1.0,0.9627,977.0,0.0,0.9987,0.0,0.0066,-0.0028,0.1459,168.8195,0.0,0.0,0.0,0.0,down,138.55,2026-07-06T11:44:10,0.0,168.550003051758,229.4873,2026-09-07 20:11:28,2026-09-07 16:15:05
NVDA,NVDA261218C00063000,NVDA,2026-12-18,C,63.0,163.95,51.0,173.0,55.0,0.9906,2169.0,0.0,0.9986,0.0,0.0068,-0.0028,0.1483,167.8325,0.0,0.0,0.0,0.0,up,163.17,2026-09-02T11:31:51,0.0,167.599998474121,229.4873,2026-09-07 20:11:28,2026-09-07 16:15:05
NVDA,NVDA261218C00064000,NVDA,2026-12-18,C,64.0,162.85,1.0,172.0,55.0,0.944,1055.0,0.0,0.9986,0.0,0.007,-0.0029,0.1506,166.8456,0.0,0.0,0.0,0.0,up,163.87,2026-08-27T15:24:07,0.0,166.350006103516,229.4873,2026-09-07 20:11:28,2026-09-07 16:15:05
NVDA,NVDA261218C00065000,NVDA,2026-12-18,C,65.0,161.9,1.0,171.0,5.0,0.9477,2146.0,0.0,0.9985,0.0,0.0073,-0.003,0.1529,165.8587,0.0,0.0,0.0,0.0,down,161.2,2026-09-02T11:31:51,0.0,165.224998474121,229.4873,2026-09-07 20:11:28,2026-09-07 16:15:05
NVDA,NVDA261218C00066000,NVDA,2026-12-18,C,66.0,160.85,1.0,170.0,2.0,0.9258,869.0,0.0,0.9984,0.0001,0.0075,-0.0031,0.1552,164.8719,0.0,0.0,0.0,0.0,down,128.0,2026-07-07T11:17:37,0.0,164.575004577637,229.4873,2026-09-07 20:11:28,2026-09-07 16:15:05
NVDA,NVDA261218C00067000,NVDA,2026-12-18,C,67.0,160.0,1.0,168.95,1.0,0.9512,757.0,0.0,0.9983,0.0001,0.0079,-0.0032,0.1575,163.8852,0.0,0.0,0.0,0.0,up,154.0,2026-08-18T13:27:15,0.0,163.650001525879,229.4873,2026-09-07 20:11:28,2026-09-07 16:15:05
NVDA,NVDA261218C00068000,NVDA,2026-12-18,C,68.0,158.8,2.0,167.5,1.0,0.9312,1357.0,247.0,0.9982,0.0001,0.0083,-0.0033,0.1598,162.8985,4.83,165.91,166.48,165.86,no_change,166.43,2026-09-04T10:37:36,2.98886,162.574996948242,229.4873,2026-09-07 20:11:28,2026-09-07 16:15:05
NVDA,NVDA261218C00069000,NVDA,2026-12-18,C,69.0,157.9,1.0,167.0,5.0,0.9111,5030.0,0.0,0.9981,0.0001,0.0087,-0.0034,0.1627,161.912,0.0,0.0,0.0,0.0,down,124.73,2026-07-07T10:17:47,0.0,161.25,229.4873,2026-09-07 20:11:28,2026-09-07 16:15:05
NVDA,NVDA261218C00070000,NVDA,2026-12-18,C,70.0,156.95,1.0,165.0,10.0,0.932,4019.0,287.0,0.998,0.0001,0.0091,-0.0035,0.165,160.9256,3.825,161.65,163.6,161.61,up,163.6,2026-09-04T12:43:36,2.39399,160.900001525879,229.4873,2026-09-07 20:11:28,2026-09-07 16:15:05
NVDA,NVDA261218C00071000,NVDA,2026-12-18,C,71.0,156.05,1.0,165.0,5.0,0.9136,1511.0,0.0,0.998,0.0001,0.0094,-0.0036,0.1673,159.9393,0.0,0.0,0.0,0.0,up,157.34,2026-08-27T15:57:27,0.0,159.700004577637,229.4873,2026-09-07 20:11:28,2026-09-07 16:15:05
NVDA,NVDA261218C00072000,NVDA,2026-12-18,C,72.0,155.05,1.0,164.0,55.0,0.9134,678.0,0.0,0.9978,0.0001,0.0097,-0.0037,0.1696,158.953,0.0,0.0,0.0,0.0,up,146.25,2026-08-21T09:57:05,0.0,158.724998474121,229.4873,2026-09-07 20:11:28,2026-09-07 16:15:05
NVDA,NVDA261218C00073000,NVDA,2026-12-18,C,73.0,154.05,61.0,163.0,55.0,0.9125,781.0,0.0,0.9978,0.0001,0.01,-0.0038,0.1719,157.9669,0.0,0.0,0.0,0.0,up,144.6,2026-06-03T14:54:22,0.0,157.900001525879,229.4873,2026-09-07 20:11:28,2026-09-07 16:15:05
NVDA,NVDA261218C00074000,NVDA,2026-12-18,C,74.0,152.95,1.0,162.0,2.0,0.8572,4184.0,0.0,0.9976,0.0001,0.0104,-0.004,0.1742,156.9808,0.0,0.0,0.0,0.0,down,137.72,2026-08-26T12:29:01,0.0,156.674995422363,229.4873,2026-09-07 20:11:28,2026-09-07 16:15:05
NVDA,NVDA261218C00075000,NVDA,2026-12-18,C,75.0,152.05,70.0,158.9,1.0,0.0,8048.0,205.0,0.9975,0.0001,0.0107,-0.0041,0.1765,155.9948,1.655,158.08,159.32,156.74,no_change,156.83,2026-09-04T12:11:46,1.06654,155.549995422363,229.4873,2026-09-07 20:11:28,2026-09-07 16:15:05
NVDA,NVDA261218C00076000,NVDA,2026-12-18,C,76.0,151.1,57.0,160.0,55.0,0.8774,346.0,0.0,0.9974,0.0001,0.0111,-0.0042,0.1788,155.0089,0.0,0.0,0.0,0.0,down,143.75,2026-08-20T09:58:51,0.0,154.775001525879,229.4873,2026-09-07 20:11:28,2026-09-07 16:15:05
NVDA,NVDA261218C00077000,NVDA,2026-12-18,C,77.0,149.95,6.0,159.0,5.0,0.9042,1650.0,1.0,0.9973,0.0001,0.0115,-0.0043,0.1811,154.0231,3.25,157.0,157.0,157.0,up,157.0,2026-09-04T09:38:56,2.11382,154.349998474121,229.4873,2026-09-07 20:11:28,2026-09-07 16:15:05
NVDA,NVDA261218C00078000,NVDA,2026-12-18,C,78.0,149.1,51.0,158.0,51.0,0.8601,890.0,0.0,0.9972,0.0001,0.0118,-0.0044,0.1834,153.0373,0.0,0.0,0.0,0.0,up,148.88,2026-08-27T14:33:44,0.0,152.775001525879,229.4873,2026-09-07 20:11:28,2026-09-07 16:15:05
NVDA,NVDA261218C00079000,NVDA,2026-12-18,C,79.0,148.05,1.0,157.0,2.0,0.8266,1537.0,0.0,0.997,0.0001,0.0124,-0.0046,0.1857,152.0517,0.0,0.0,0.0,0.0,no_change,147.93,2026-08-27T14:59:16,0.0,151.775001525879,229.4873,2026-09-07 20:11:28,2026-09-07 16:15:05
NVDA,NVDA261218C00080000,NVDA,2026-12-18,C,80.0,148.55,1.0,153.7,51.0,0.894,14180.0,4.0,0.9969,0.0001,0.013,-0.0047,0.1887,151.0661,2.45,151.8,151.8,151.8,up,151.8,2026-09-04T09:31:46,1.64044,150.849998474121,229.4873,2026-09-07 20:11:28,2026-09-07 16:15:05
NVDA,NVDA261218C00081000,NVDA,2026-12-18,C,81.0,146.1,61.0,155.0,51.0,0.8107,1942.0,0.0,0.9968,0.0001,0.0134,-0.0048,0.1911,150.0808,0.0,0.0,0.0,0.0,up,141.75,2026-08-27T09:44:08,0.0,149.800003051758,229.4873,2026-09-07 20:11:28,2026-09-07 16:15:05
NVDA,NVDA261218C00082000,NVDA,2026-12-18,C,82.0,145.15,69.0,153.4,51.0,0.8532,1860.0,5.0,0.9966,0.0001,0.0139,-0.005,0.1934,149.0956,3.6,152.75,152.75,152.0,down,152.0,2026-09-04T10:18:48,2.42587,149.400001525879,229.4873,2026-09-07 20:11:28,2026-09-07 16:15:05
NVDA,NVDA261218C00083000,NVDA,2026-12-18,C,83.0,144.2,1.0,152.3,1.0,0.8504,2723.0,2.0,0.9965,0.0001,0.0143,-0.0051,0.1958,148.1106,3.4,150.0,150.0,150.0,up,150.0,2026-09-04T09:33:26,2.31924,148.5,229.4873,2026-09-07 20:11:28,2026-09-07 16:15:05
NVDA,NVDA261218C00084000,NVDA,2026-12-18,C,84.0,143.75,96.0,151.1,51.0,0.9117,1797.0,75.0,0.9964,0.0001,0.0148,-0.0052,0.198,147.1256,1.08,147.74,147.74,147.73,no_change,147.73,2026-09-04T12:20:45,0.736446,147.125,229.4873,2026-09-07 20:11:28,2026-09-07 16:15:05
NVDA,NVDA261218C00085000,NVDA,2026-12-18,C,85.0,142.75,142.0,150.1,55.0,0.8984,7302.0,151.0,0.9962,0.0001,0.0153,-0.0054,0.2004,146.1407,1.23,150.0,150.0,146.77,no_change,146.78,2026-09-04T12:26:35,0.845074,145.825004577637,229.4873,2026-09-07 20:11:28,2026-09-07 16:15:05
NVDA,NVDA261218C00086000,NVDA,2026-12-18,C,86.0,141.8,150.0,149.15,86.0,0.9004,1855.0,75.0,0.996,0.0001,0.0158,-0.0055,0.2027,145.1559,1.685,145.73,145.8,145.73,down,145.76,2026-09-04T12:19:06,1.16953,145.425003051758,229.4873,2026-09-07 20:11:28,2026-09-07 16:15:05
NVDA,NVDA261218C00087000,NVDA,2026-12-18,C,87.0,140.6,67.0,148.2,10.0,0.864,1881.0,0.0,0.9959,0.0001,0.0162,-0.0057,0.205,144.1713,0.0,0.0,0.0,0.0,up,139.83,2026-08-27T11:28:46,0.0,144.125,229.4873,2026-09-07 20:11:28,2026-09-07 16:15:05
NVDA,NVDA261218C00088000,NVDA,2026-12-18,C,88.0,139.4,127.0,147.15,11.0,0.803,4018.0,0.0,0.9957,0.0001,0.0168,-0.0058,0.2074,143.1867,0.0,0.0,0.0,0.0,up,139.05,2026-08-27T10:57:18,0.0,143.125,229.4873,2026-09-07 20:11:28,2026-09-07 16:15:05
NVDA,NVDA261218C00089000,NVDA,2026-12-18,C,89.0,138.85,97.0,146.65,51.0,0.8763,1260.0,0.0,0.9955,0.0001,0.0173,-0.006,0.2097,142.2023,0.0,0.0,0.0,0.0,up,132.0,2026-08-31T10:42:15,0.0,142.5,229.4873,2026-09-07 20:11:28,2026-09-07 16:15:05
NVDA,NVDA261218C00090000,NVDA,2026-12-18,C,90.0,139.9,95.0,144.0,18.0,0.9596,13819.0,3.0,0.9954,0.0002,0.018,-0.0061,0.2124,141.218,0.88,144.8,144.8,141.73,no_change,141.73,2026-09-04T15:57:25,0.624779,140.950004577637,229.4873,2026-09-07 20:11:28,2026-09-07 16:15:05
NVDA,NVDA261218C00091000,NVDA,2026-12-18,C,91.0,136.3,57.0,145.0,55.0,1.0465,2472.0,0.0,0.9952,0.0002,0.0187,-0.0063,0.2159,140.2339,0.0,0.0,0.0,0.0,up,133.76,2026-08-28T10:19:11,0.0,141.0,229.4873,2026-09-07 20:11:28,2026-09-07 16:15:05
NVDA,NVDA261218C00092000,NVDA,2026-12-18,C,92.0,135.35,58.0,141.0,51.0,0.0,1465.0,0.0,0.995,0.0002,0.0193,-0.0064,0.2184,139.25,0.0,0.0,0.0,0.0,down,117.76,2026-08-24T11:12:59,0.0,138.724998474121,229.4873,2026-09-07 20:11:28,2026-09-07 16:15:05
NVDA,NVDA261218C00093000,NVDA,2026-12-18,C,93.0,134.35,58.0,142.35,51.0,0.7471,3545.0,0.0,0.9948,0.0002,0.0199,-0.0066,0.221,138.2663,0.0,0.0,0.0,0.0,up,136.9,2026-08-28T09:41:26,0.0,138.199996948242,229.4873,2026-09-07 20:11:28,2026-09-07 16:15:05
NVDA,NVDA261218C00094000,NVDA,2026-12-18,C,94.0,133.7,114.0,141.3,55.0,0.8075,1345.0,0.0,0.9946,0.0002,0.0206,-0.0068,0.2238,137.2828,0.0,0.0,0.0,0.0,up,131.0,2026-09-02T10:59:55,0.0,137.799995422363,229.4873,2026-09-07 20:11:28,2026-09-07 16:15:05
NVDA,NVDA261218C00095000,NVDA,2026-12-18,C,95.0,132.7,70.0,138.0,10.0,0.0,1902.0,3.0,0.9944,0.0002,0.0212,-0.0069,0.2268,136.2994,2.075,139.38,140.1,138.2,down,138.2,2026-09-04T11:07:25,1.52433,137.024993896484,229.4873,2026-09-07 20:11:28,2026-09-07 16:15:05
NVDA,NVDA261218C00096000,NVDA,2026-12-18,C,96.0,131.3,10.0,139.4,10.0,0.7592,703.0,0.0,0.9942,0.0002,0.0218,-0.0071,0.23,135.3162,0.0,0.0,0.0,0.0,up,126.15,2026-08-19T09:47:34,0.0,135.625,229.4873,2026-09-07 20:11:28,2026-09-07 16:15:05
NVDA,NVDA261218C00097000,NVDA,2026-12-18,C,97.0,130.35,151.0,138.35,10.0,0.7177,4109.0,0.0,0.9939,0.0002,0.0225,-0.0073,0.2336,134.3331,0.0,0.0,0.0,0.0,no_change,114.5,2026-08-24T12:45:53,0.0,134.550003051758,229.4873,2026-09-07 20:11:28,2026-09-07 16:15:05
NVDA,NVDA261218C00098000,NVDA,2026-12-18,C,98.0,129.4,57.0,137.35,51.0,0.7157,703.0,0.0,0.9937,0.0002,0.0232,-0.0075,0.2379,133.3503,0.0,0.0,0.0,0.0,no_change,129.1,2026-09-02T15:30:06,0.0,133.074996948242,229.4873,2026-09-07 20:11:28,2026-09-07 16:15:05
NVDA,NVDA261218C00099000,NVDA,2026-12-18,C,99.0,128.8,141.0,136.35,55.0,0.7701,1450.0,0.0,0.9935,0.0002,0.0241,-0.0076,0.2442,132.3677,0.0,0.0,0.0,0.0,no_change,129.2,2026-08-17T11:21:39,0.0,132.650001525879,229.4873,2026-09-07 20:11:28,2026-09-07 16:15:05
NVDA,NVDA261218C00100000,NVDA,2026-12-18,C,100.0,129.1,155.0,134.15,55.0,0.772,17387.0,11.0,0.9932,0.0002,0.0248,-0.0078,0.2496,131.3854,2.46,133.0,135.0,132.41,down,132.41,2026-09-04T13:08:14,1.89304,131.75,229.4873,2026-09-07 20:11:28,2026-09-07 16:15:05
NVDA,NVDA261218C00101000,NVDA,2026-12-18,C,101.0,126.9,169.0,134.4,55.0,0.767,12474.0,0.0,0.993,0.0002,0.0256,-0.008,0.2561,130.4035,0.0,0.0,0.0,0.0,down,120.2,2026-09-02T09:41:31,0.0,130.524993896484,229.4873,2026-09-07 20:11:28,2026-09-07 16:15:05
NVDA,NVDA261218C00102000,NVDA,2026-12-18,C,102.0,126.05,158.0,133.35,63.0,0.768,1360.0,4.0,0.9927,0.0002,0.0263,-0.0082,0.2635,129.4219,1.175,130.1,130.1,129.45,down,129.45,2026-09-04T13:35:34,0.916,130.5,229.4873,2026-09-07 20:11:28,2026-09-07 16:15:05
NVDA,NVDA261218C00103000,NVDA,2026-12-18,C,103.0,125.0,163.0,132.4,55.0,0.7569,12164.0,0.0,0.9925,0.0003,0.0271,-0.0084,0.2728,128.4407,0.0,0.0,0.0,0.0,up,124.5,2026-09-03T09:32:20,0.0,127.974998474121,229.4873,2026-09-07 20:11:28,2026-09-07 16:15:05
NVDA,NVDA261218C00104000,NVDA,2026-12-18,C,104.0,124.05,97.0,129.5,55.0,0.0,464.0,1.0,0.9922,0.0003,0.028,-0.0086,0.2832,127.4599,1.1,128.0,128.0,128.0,up,128.0,2026-09-04T09:31:34,0.866826,127.299999237061,229.4873,2026-09-07 20:11:28,2026-09-07 16:15:05
NVDA,NVDA261218C00105000,NVDA,2026-12-18,C,105.0,123.25,208.0,130.15,70.0,0.7348,12157.0,1.0,0.9919,0.0003,0.0288,-0.0088,0.2908,126.4796,4.22,130.02,130.02,130.02,up,130.02,2026-09-04T10:15:56,3.35453,126.599998474121,229.4873,2026-09-07 20:11:28,2026-09-07 16:15:05
NVDA,NVDA261218C00106000,NVDA,2026-12-18,C,106.0,121.7,133.0,129.65,51.0,0.6906,884.0,0.0,0.9917,0.0003,0.0297,-0.009,0.295,125.4999,0.0,0.0,0.0,0.0,up,124.52,2026-09-03T14:01:53,0.0,125.699996948242,229.4873,2026-09-07 20:11:28,2026-09-07 16:15:05
NVDA,NVDA261218C00107000,NVDA,2026-12-18,C,107.0,120.6,62.0,128.5,50.0,0.6715,967.0,0.0,0.9914,0.0003,0.0306,-0.0092,0.2976,124.5206,0.0,0.0,0.0,0.0,down,112.6,2026-09-01T13:20:32,0.0,124.25,229.4873,2026-09-07 20:11:28,2026-09-07 16:15:05
NVDA,NVDA261218C00108000,NVDA,2026-12-18,C,108.0,119.6,58.0,127.5,51.0,0.66,1238.0,0.0,0.9911,0.0003,0.0315,-0.0094,0.3002,123.5414,0.0,0.0,0.0,0.0,down,105.35,2026-08-25T14:22:21,0.0,123.775001525879,229.4873,2026-09-07 20:11:28,2026-09-07 16:15:05
NVDA,NVDA261218C00109000,NVDA,2026-12-18,C,109.0,119.15,62.0,126.5,55.0,0.7195,421.0,0.0,0.9907,0.0003,0.0325,-0.0096,0.3028,122.5625,0.0,0.0,0.0,0.0,no_change,112.95,2026-08-19T12:23:45,0.0,122.349998474121,229.4873,2026-09-07 20:11:28,2026-09-07 16:15:05
NVDA,NVDA261218C00110000,NVDA,2026-12-18,C,110.0,119.05,172.0,125.15,55.0,0.76,14773.0,2.0,0.9904,0.0003,0.0334,-0.0098,0.3054,121.5838,0.515,125.0,125.0,121.64,down,121.64,2026-09-04T14:10:00,0.425181,122.200000762939,229.4873,2026-09-07 20:11:28,2026-09-07 16:15:05
NVDA,NVDA261218C00111000,NVDA,2026-12-18,C,111.0,116.65,10.0,124.55,10.0,0.642,613.0,0.0,0.9901,0.0004,0.0344,-0.0101,0.308,120.6054,0.0,0.0,0.0,0.0,no_change,110.67,2026-08-18T14:18:51,0.0,120.325000762939,229.4873,2026-09-07 20:11:28,2026-09-07 16:15:05
NVDA,NVDA261218C00112000,NVDA,2026-12-18,C,112.0,116.2,149.0,123.55,55.0,0.6986,1435.0,1.0,0.9897,0.0004,0.0354,-0.0103,0.3106,119.6272,2.125,120.1,120.1,120.1,up,120.1,2026-09-04T09:30:01,1.80123,119.900001525879,229.4873,2026-09-07 20:11:28,2026-09-07 16:15:05
NVDA,NVDA261218C00113000,NVDA,2026-12-18,C,113.0,115.2,128.0,122.8,51.0,0.6933,2199.0,0.0,0.9894,0.0004,0.0364,-0.0105,0.3132,118.6493,0.0,0.0,0.0,0.0,down,115.0,2026-09-02T11:14:31,0.0,119.025001525879,229.4873,2026-09-07 20:11:28,2026-09-07 16:15:05
NVDA,NVDA261218C00114000,NVDA,2026-12-18,C,114.0,114.45,63.0,119.45,55.0,0.0,755.0,0.0,0.989,0.0004,0.0374,-0.0107,0.3157,117.6716,0.0,0.0,0.0,0.0,down,109.86,2026-08-27T10:27:30,0.0,117.5,229.4873,2026-09-07 20:11:28,2026-09-07 16:15:05
NVDA,NVDA261218C00115000,NVDA,2026-12-18,C,115.0,114.1,127.0,118.75,51.0,0.5136,1872.0,2.0,0.9886,0.0004,0.0385,-0.011,0.3183,116.6941,0.23,120.0,120.0,116.68,down,116.68,2026-09-04T15:58:00,0.197509,116.825000762939,229.4873,2026-09-07 20:11:28,2026-09-07 16:15:05
NVDA,NVDA261218C00116000,NVDA,2026-12-18,C,116.0,112.1,55.0,119.65,55.0,0.658,953.0,0.0,0.9882,0.0004,0.0396,-0.0112,0.3209,115.717,0.0,0.0,0.0,0.0,up,108.0,2026-09-02T10:32:22,0.0,115.974998474121,229.4873,2026-09-07 20:11:28,2026-09-07 16:15:05
NVDA,NVDA261218C00117000,NVDA,2026-12-18,C,117.0,110.8,66.0,118.7,50.0,0.6197,1908.0,0.0,0.9878,0.0004,0.0407,-0.0114,0.3234,114.7401,0.0,0.0,0.0,0.0,up,111.35,2026-09-02T11:21:23,0.0,115.075000762939,229.4873,2026-09-07 20:11:28,2026-09-07 16:15:05
NVDA,NVDA261218C00118000,NVDA,2026-12-18,C,118.0,110.3,204.0,117.85,1.0,0.6625,1900.0,4.0,0.9874,0.0004,0.0419,-0.0117,0.326,113.7635,0.895,117.58,117.58,113.57,down,113.57,2026-09-04T15:30:12,0.794321,113.725002288818,229.4873,2026-09-07 20:11:28,2026-09-07 16:15:05
NVDA,NVDA261218C00119000,NVDA,2026-12-18,C,119.0,108.95,5.0,118.0,3.0,0.6175,850.0,0.0,0.987,0.0005,0.043,-0.012,0.3285,112.7872,0.0,0.0,0.0,0.0,up,111.23,2026-08-27T15:54:53,0.0,113.0,229.4873,2026-09-07 20:11:28,2026-09-07 16:15:05
NVDA,NVDA261218C00120000,NVDA,2026-12-18,C,120.0,109.7,164.0,113.8,36.0,0.5894,7823.0,15.0,0.9866,0.0005,0.0443,-0.0122,0.331,111.8113,0.11,112.23,115.73,111.66,down,111.66,2026-09-04T14:08:41,0.0986112,111.575000762939,229.4873,2026-09-07 20:11:28,2026-09-07 16:15:05
NVDA,NVDA261218C00121000,NVDA,2026-12-18,C,121.0,108.8,1.0,112.9,1.0,0.6035,878.0,0.0,0.9861,0.0005,0.0455,-0.0125,0.3335,110.8356,0.0,0.0,0.0,0.0,up,105.8,2026-09-02T13:44:42,0.0,109.825000762939,229.4873,2026-09-07 20:11:28,2026-09-07 16:15:05
NVDA,NVDA261218C00122000,NVDA,2026-12-18,C,122.0,107.75,177.0,112.85,114.0,0.6725,2728.0,4.0,0.9856,0.0005,0.0468,-0.0127,0.336,109.8603,2.525,110.6,110.6,110.6,no_change,110.6,2026-09-04T12:13:39,2.33634,110.349998474121,229.4873,2026-09-07 20:11:28,2026-09-07 16:15:05
NVDA,NVDA261218C00123000,NVDA,2026-12-18,C,123.0,106.6,210.0,112.1,108.0,0.6702,940.0,1.0,0.9852,0.0005,0.0482,-0.013,0.3385,108.8853,3.55,111.0,111.0,111.0,up,111.0,2026-09-04T09:34:47,3.30386,109.25,229.4873,2026-09-07 20:11:28,2026-09-07 16:15:05
NVDA,NVDA261218C00124000,NVDA,2026-12-18,C,124.0,104.05,159.0,111.9,102.0,0.5959,806.0,5.0,0.9846,0.0005,0.0495,-0.0133,0.341,107.9108,4.825,112.0,112.0,112.0,up,112.0,2026-09-04T09:50:34,4.50198,108.950000762939,229.4873,2026-09-07 20:11:28,2026-09-07 16:15:05
NVDA,NVDA261218C00125000,NVDA,2026-12-18,C,125.0,104.8,277.0,108.9,69.0,0.5651,12343.0,1.0,0.9841,0.0006,0.0509,-0.0136,0.3434,106.9366,0.925,107.7,107.7,107.7,up,107.7,2026-09-04T12:12:11,0.866306,107.075000762939,229.4873,2026-09-07 20:11:28,2026-09-07 16:15:05
NVDA,NVDA261218C00126000,NVDA,2026-12-18,C,126.0,102.3,206.0,109.9,112.0,0.6048,4404.0,5.0,0.9836,0.0006,0.0524,-0.0138,0.3459,105.9628,4.9,110.0,110.0,110.0,up,110.0,2026-09-04T09:50:28,4.66223,106.149997711182,229.4873,2026-09-07 20:11:28,2026-09-07 16:15:05
NVDA,NVDA261218C00127000,NVDA,2026-12-18,C,127.0,101.35,175.0,108.9,63.0,0.5999,1696.0,0.0,0.983,0.0006,0.0538,-0.0142,0.3483,104.9894,0.0,0.0,0.0,0.0,up,102.52,2026-08-27T15:33:14,0.0,104.774997711182,229.4873,2026-09-07 20:11:28,2026-09-07 16:15:05
NVDA,NVDA261218C00128000,NVDA,2026-12-18,C,128.0,101.65,10.0,105.75,1.0,0.5536,1306.0,0.0,0.9825,0.0006,0.0553,-0.0144,0.3507,104.0165,0.0,0.0,0.0,0.0,up,101.02,2026-09-02T11:56:54,0.0,103.575000762939,229.4873,2026-09-07 20:11:28,2026-09-07 16:15:05
NVDA,NVDA261218C00129000,NVDA,2026-12-18,C,129.0,99.1,114.0,106.95,10.0,0.5644,1199.0,0.0,0.9819,0.0006,0.0569,-0.0148,0.3532,103.0441,0.0,0.0,0.0,0.0,up,96.51,2026-09-02T10:55:59,0.0,103.375,229.4873,2026-09-07 20:11:28,2026-09-07 16:15:05
NVDA,NVDA261218C00130000,NVDA,2026-12-18,C,130.0,100.4,249.0,103.45,99.0,0.5353,30603.0,45.0,0.9813,0.0007,0.0584,-0.0151,0.3555,102.0721,2.025,102.75,104.04,102.0,down,102.6,2026-09-04T12:02:05,2.01343,101.825000762939,229.4873,2026-09-07 20:11:28,2026-09-07 16:15:05
NVDA,NVDA261218C00132000,NVDA,2026-12-18,C,132.0,96.2,118.0,104.05,55.0,0.5556,2375.0,0.0,0.98,0.0007,0.0617,-0.0157,0.3603,100.1296,0.0,0.0,0.0,0.0,down,96.8,2026-09-03T13:07:05,0.0,100.599998474121,229.4873,2026-09-07 20:11:28,2026-09-07 16:15:05
NVDA,NVDA261218C00134000,NVDA,2026-12-18,C,134.0,94.75,222.0,102.05,114.0,0.5792,2066.0,0.0,0.9786,0.0008,0.0651,-0.0164,0.365,98.1894,0.0,0.0,0.0,0.0,up,96.75,2026-09-03T13:54:36,0.0,99.3500022888184,229.4873,2026-09-07 20:11:28,2026-09-07 16:15:05
NVDA,NVDA261218C00135000,NVDA,2026-12-18,C,135.0,93.75,214.0,100.8,94.0,0.5533,3019.0,0.0,0.9779,0.0008,0.067,-0.0167,0.3673,97.2202,0.0,0.0,0.0,0.0,down,94.8,2026-09-03T14:03:18,0.0,97.125,229.4873,2026-09-07 20:11:28,2026-09-07 16:15:05
NVDA,NVDA261218C00136000,NVDA,2026-12-18,C,136.0,92.8,615.0,100.1,274.0,0.5688,2102.0,1.0,0.9772,0.0008,0.0688,-0.0171,0.3696,96.2515,5.15,100.0,100.0,100.0,up,100.0,2026-09-04T09:48:03,5.42963,97.0750007629394,229.4873,2026-09-07 20:11:28,2026-09-07 16:15:05
NVDA,NVDA261218C00138000,NVDA,2026-12-18,C,138.0,90.85,449.0,98.2,279.0,0.5614,2778.0,3.0,0.9756,0.0009,0.0728,-0.0178,0.3742,94.3164,3.75,97.0,97.0,97.0,no_change,97.0,2026-09-04T10:12:20,4.02145,95.4249992370606,229.4873,2026-09-07 20:11:28,2026-09-07 16:15:05
NVDA,NVDA261218C00140000,NVDA,2026-12-18,C,140.0,90.3,446.0,93.7,221.0,0.4633,13089.0,23.0,0.9739,0.0009,0.0769,-0.0186,0.3786,92.3842,2.025,95.75,95.75,93.4,down,93.4,2026-09-04T13:08:14,2.21614,91.9500007629394,229.4873,2026-09-07 20:11:28,2026-09-07 16:15:05
NVDA,NVDA261218C00142000,NVDA,2026-12-18,C,142.0,89.45,101.0,93.6,286.0,0.6238,1270.0,1.0,0.9721,0.001,0.0813,-0.0194,0.3829,90.4554,5.135,94.11,94.11,94.11,up,94.11,2026-09-04T10:18:51,5.77129,90.3250007629394,229.4873,2026-09-07 20:11:28,2026-09-07 16:15:05
NVDA,NVDA261218C00144000,NVDA,2026-12-18,C,144.0,85.35,413.0,92.4,152.0,0.5507,1266.0,1.0,0.9701,0.0011,0.0859,-0.0203,0.3872,88.5303,2.625,90.05,90.05,90.05,up,90.05,2026-09-04T09:32:42,3.00257,87.8499984741211,229.4873,2026-09-07 20:11:28,2026-09-07 16:15:05
NVDA,NVDA261218C00145000,NVDA,2026-12-18,C,145.0,85.95,267.0,91.45,109.0,0.6121,3238.0,0.0,0.9691,0.0011,0.0883,-0.0207,0.3893,87.5693,0.0,0.0,0.0,0.0,up,84.75,2026-09-03T11:42:25,0.0,87.875,229.4873,2026-09-07 20:11:28,2026-09-07 16:15:05
NVDA,NVDA261218C00146000,NVDA,2026-12-18,C,146.0,83.15,648.0,90.5,312.0,0.5299,1914.0,1.0,0.968,0.0012,0.0908,-0.0212,0.3913,86.6093,4.79,90.09,90.09,90.09,up,90.09,2026-09-04T10:32:31,5.61548,86.4250030517578,229.4873,2026-09-07 20:11:28,2026-09-07 16:15:05
NVDA,NVDA261218C00148000,NVDA,2026-12-18,C,148.0,84.0,162.0,86.5,336.0,0.5526,9105.0,1.0,0.9657,0.0012,0.0959,-0.0221,0.3954,84.6927,-0.325,84.0,84.0,84.0,no_change,84.0,2026-09-04T15:58:51,-0.385414,85.1749992370606,229.4873,2026-09-07 20:11:28,2026-09-07 16:15:05
NVDA,NVDA261218C00150000,NVDA,2026-12-18,C,150.0,81.1,414.0,83.7,291.0,0.4504,15609.0,404.0,0.9633,0.0013,0.1015,-0.0231,0.3992,82.7811,1.68,85.0,86.75,82.3,up,83.08,2026-09-04T15:58:54,2.06388,81.9500007629394,229.4873,2026-09-07 20:11:28,2026-09-07 16:15:05
NVDA,NVDA261218C00152000,NVDA,2026-12-18,C,152.0,80.05,58.0,84.75,128.0,0.6013,970.0,0.0,0.9606,0.0014,0.1074,-0.0242,0.403,80.875,0.0,0.0,0.0,0.0,up,78.96,2026-09-03T09:49:13,0.0,81.0249977111816,229.4873,2026-09-07 20:11:28,2026-09-07 16:15:05
NVDA,NVDA261218C00154000,NVDA,2026-12-18,C,154.0,75.5,578.0,80.95,315.0,0.3938,3685.0,1.0,0.9577,0.0015,0.1137,-0.0253,0.4065,78.9752,3.87,81.52,81.52,81.52,up,81.52,2026-09-04T09:38:41,4.9839,78.7749977111816,229.4873,2026-09-07 20:11:28,2026-09-07 16:15:05
NVDA,NVDA261218C00155000,NVDA,2026-12-18,C,155.0,75.1,447.0,80.45,242.0,0.4562,1078.0,74.0,0.9562,0.0016,0.1169,-0.0259,0.4082,78.0278,0.645,81.95,82.2,77.82,down,77.82,2026-09-04T15:30:12,0.835759,77.4500007629394,229.4873,2026-09-07 20:11:28,2026-09-07 16:15:05
NVDA,NVDA261218C00156000,NVDA,2026-12-18,C,156.0,73.6,258.0,80.0,106.0,0.4513,2294.0,0.0,0.9546,0.0016,0.1202,-0.0265,0.4099,77.0821,0.0,0.0,0.0,0.0,up,73.35,2026-09-02T11:19:22,0.0,76.8500022888184,229.4873,2026-09-07 20:11:28,2026-09-07 16:15:05
NVDA,NVDA261218C00158000,NVDA,2026-12-18,C,158.0,73.5,257.0,79.05,120.0,0.5457,1163.0,0.0,0.9512,0.0017,0.1271,-0.0278,0.4132,75.1965,0.0,0.0,0.0,0.0,up,70.85,2026-09-03T10:46:51,0.0,75.2249984741211,229.4873,2026-09-07 20:11:28,2026-09-07 16:15:05
NVDA,NVDA261218C00160000,NVDA,2026-12-18,C,160.0,72.9,32.0,74.35,289.0,0.4888,15427.0,94.0,0.9476,0.0019,0.1345,-0.0291,0.4162,73.319,3.01,75.73,77.6,74.71,down,74.71,2026-09-04T11:42:45,4.19805,72.9249992370606,229.4873,2026-09-07 20:11:28,2026-09-07 16:15:05
NVDA,NVDA261218C00162000,NVDA,2026-12-18,C,162.0,71.05,20.0,72.4,256.0,0.4806,1193.0,9.0,0.9437,0.002,0.1423,-0.0305,0.419,71.4503,1.5,71.9,71.9,71.4,down,71.4,2026-09-04T15:47:33,2.14593,70.9750022888184,229.4873,2026-09-07 20:11:28,2026-09-07 16:15:05
NVDA,NVDA261218C00164000,NVDA,2026-12-18,C,164.0,69.2,41.0,70.6,237.0,0.477,29912.0,6.0,0.9394,0.0021,0.1507,-0.032,0.4215,69.5915,1.825,70.2,70.2,70.1,down,70.1,2026-09-04T15:52:43,2.67301,69.3499984741211,229.4873,2026-09-07 20:11:28,2026-09-07 16:15:05
NVDA,NVDA261218C00165000,NVDA,2026-12-18,C,165.0,68.15,38.0,69.6,252.0,0.4681,2558.0,89.0,0.9372,0.0022,0.1549,-0.0327,0.4227,68.666,4.9,71.0,72.39,70.99,up,71.95,2026-09-04T10:39:07,7.30798,68.2750015258789,229.4873,2026-09-07 20:11:28,2026-09-07 16:15:05
NVDA,NVDA261218C00166000,NVDA,2026-12-18,C,166.0,67.35,30.0,68.75,140.0,0.4714,840.0,1.0,0.9349,0.0023,0.1593,-0.0335,0.4238,67.7434,3.985,70.76,70.76,70.76,up,70.76,2026-09-04T10:34:17,5.96781,67.4499969482422,229.4873,2026-09-07 20:11:28,2026-09-07 16:15:05
NVDA,NVDA261218C00167000,NVDA,2026-12-18,C,167.0,66.15,15.0,67.85,50.0,0.461,618.0,0.0,0.9325,0.0024,0.1637,-0.0343,0.4248,66.8236,0.0,0.0,0.0,0.0,no_change,54.89,2026-09-01T10:38:00,0.0,66.5,229.4873,2026-09-07 20:11:28,2026-09-07 16:15:05
NVDA,NVDA261218C00168000,NVDA,2026-12-18,C,168.0,65.25,11.0,66.9,29.0,0.4581,1214.0,0.0,0.93,0.0024,0.1683,-0.0351,0.4258,65.9067,0.0,0.0,0.0,0.0,no_change,54.08,2026-09-01T11:14:13,0.0,65.5750007629394,229.4873,2026-09-07 20:11:28,2026-09-07 16:15:05
NVDA,NVDA261218C00169000,NVDA,2026-12-18,C,169.0,64.3,33.0,66.05,55.0,0.4552,1370.0,0.0,0.9274,0.0025,0.1729,-0.0359,0.4268,64.993,0.0,0.0,0.0,0.0,down,63.09,2026-09-03T09:56:03,0.0,64.4749984741211,229.4873,2026-09-07 20:11:28,2026-09-07 16:15:05
NVDA,NVDA261218C00170000,NVDA,2026-12-18,C,170.0,63.65,32.0,65.1,229.0,0.4603,7418.0,119.0,0.9247,0.0026,0.1777,-0.0368,0.4277,64.0824,1.575,64.8,68.2,64.4,no_change,64.4,2026-09-04T15:58:30,2.50697,63.875,229.4873,2026-09-07 20:11:28,2026-09-07 16:15:05
NVDA,NVDA261218C00171000,NVDA,2026-12-18,C,171.0,62.5,124.0,64.15,168.0,0.4503,1300.0,21.0,0.9219,0.0027,0.1826,-0.0377,0.4284,63.1751,4.5,66.0,66.4,66.0,up,66.4,2026-09-04T10:39:08,7.26979,62.8500003814697,229.4873,2026-09-07 20:11:28,2026-09-07 16:15:05
NVDA,NVDA261218C00172000,NVDA,2026-12-18,C,172.0,61.9,32.0,63.25,197.0,0.4561,1620.0,1.0,0.919,0.0028,0.1877,-0.0385,0.4291,62.2714,4.375,65.35,65.35,65.35,up,65.35,2026-09-04T10:02:38,7.17507,61.9250011444092,229.4873,2026-09-07 20:11:28,2026-09-07 16:15:05
NVDA,NVDA261218C00173000,NVDA,2026-12-18,C,173.0,60.7,31.0,62.35,135.0,0.4462,399.0,2.0,0.916,0.0029,0.1929,-0.0394,0.4297,61.3712,4.6,65.0,65.0,65.0,up,65.0,2026-09-04T10:18:57,7.61589,61.0249996185303,229.4873,2026-09-07 20:11:28,2026-09-07 16:15:05
NVDA,NVDA261218C00174000,NVDA,2026-12-18,C,174.0,59.8,84.0,61.45,189.0,0.444,2156.0,11.0,0.9129,0.003,0.1982,-0.0404,0.4302,60.4748,2.65,63.9,63.9,62.15,down,62.15,2026-09-04T11:15:29,4.45378,60.1500015258789,229.4873,2026-09-07 20:11:28,2026-09-07 16:15:05
NVDA,NVDA261218C00175000,NVDA,2026-12-18,C,175.0,59.2,20.0,60.55,150.0,0.4488,5739.0,138.0,0.9097,0.003,0.2035,-0.0413,0.4307,59.5823,1.025,60.15,63.56,59.0,down,59.0,2026-09-04T15:43:13,1.768,59.0750007629394,229.4873,2026-09-07 20:11:28,2026-09-07 16:15:05
NVDA,NVDA261218C00176000,NVDA,2026-12-18,C,176.0,58.05,101.0,59.65,175.0,0.4403,14635.0,12.0,0.9064,0.0031,0.2089,-0.0423,0.431,58.6938,1.025,60.0,62.5,58.5,no_change,58.5,2026-09-04T13:53:31,1.78338,58.1749992370606,229.4873,2026-09-07 20:11:28,2026-09-07 16:15:05
NVDA,NVDA261218C00177000,NVDA,2026-12-18,C,177.0,57.45,32.0,58.75,191.0,0.4446,1621.0,2.0,0.903,0.0032,0.2143,-0.0432,0.4313,57.8094,2.32,60.7,60.7,58.92,down,58.92,2026-09-04T11:02:57,4.09894,57.6499996185303,229.4873,2026-09-07 20:11:28,2026-09-07 16:15:05
NVDA,NVDA261218C00178000,NVDA,2026-12-18,C,178.0,56.3,15.0,57.9,53.0,0.4372,2305.0,2.0,0.8995,0.0033,0.2198,-0.0442,0.4316,56.9292,1.475,57.1,57.1,57.1,no_change,57.1,2026-09-04T13:21:46,2.65169,56.7249984741211,229.4873,2026-09-07 20:11:28,2026-09-07 16:15:05
NVDA,NVDA261218C00179000,NVDA,2026-12-18,C,179.0,55.4,53.0,56.55,30.0,0.4242,2991.0,2.0,0.8958,0.0034,0.2255,-0.0452,0.4317,56.0533,5.2,60.0,60.0,60.0,up,60.0,2026-09-04T10:29:36,9.48905,55.5750007629394,229.4873,2026-09-07 20:11:28,2026-09-07 16:15:05
NVDA,NVDA261218C00180000,NVDA,2026-12-18,C,180.0,54.8,20.0,55.95,112.0,0.4345,22706.0,74.0,0.8921,0.0035,0.2312,-0.0462,0.4318,55.1818,1.785,54.65,59.0,54.48,no_change,55.71,2026-09-04T15:54:00,3.31015,54.9250011444092,229.4873,2026-09-07 20:11:28,2026-09-07 16:15:05
NVDA,NVDA261218C00181000,NVDA,2026-12-18,C,181.0,53.7,105.0,55.25,90.0,0.4314,3725.0,1.0,0.8882,0.0036,0.2371,-0.0472,0.4317,54.315,3.6,57.0,57.0,57.0,up,57.0,2026-09-04T09:39:05,6.74157,54.0249996185303,229.4873,2026-09-07 20:11:28,2026-09-07 16:15:05
NVDA,NVDA261218C00182000,NVDA,2026-12-18,C,182.0,52.85,15.0,54.4,82.0,0.4302,1967.0,0.0,0.8843,0.0037,0.2431,-0.0483,0.4315,53.453,0.0,0.0,0.0,0.0,down,41.5,2026-09-01T14:30:02,0.0,53.1500015258789,229.4873,2026-09-07 20:11:28,2026-09-07 16:15:05
NVDA,NVDA261218C00183000,NVDA,2026-12-18,C,183.0,52.05,15.0,53.5,17.0,0.4288,2728.0,0.0,0.8802,0.0038,0.2491,-0.0493,0.4312,52.5959,0.0,0.0,0.0,0.0,up,51.6,2026-09-03T14:30:58,0.0,52.3499984741211,229.4873,2026-09-07 20:11:28,2026-09-07 16:15:05
NVDA,NVDA261218C00184000,NVDA,2026-12-18,C,184.0,51.15,73.0,52.65,137.0,0.4263,2640.0,8.0,0.8759,0.004,0.2552,-0.0504,0.4309,51.744,4.7,53.0,55.0,53.0,up,55.0,2026-09-04T09:48:03,9.34393,51.5750007629394,229.4873,2026-09-07 20:11:28,2026-09-07 16:15:05
NVDA,NVDA261218C00185000,NVDA,2026-12-18,C,185.0,50.3,49.0,51.8,132.0,0.4246,4273.0,24.0,0.8716,0.0041,0.2613,-0.0514,0.4304,50.8972,1.075,51.37,53.99,50.6,down,50.6,2026-09-04T14:02:19,2.17062,50.5499992370606,229.4873,2026-09-07 20:11:28,2026-09-07 16:15:05
NVDA,NVDA261218C00186000,NVDA,2026-12-18,C,186.0,49.7,16.0,50.95,70.0,0.4274,1928.0,0.0,0.8671,0.0042,0.2673,-0.0525,0.4299,50.0557,0.0,0.0,0.0,0.0,up,47.0,2026-09-02T11:44:19,0.0,49.75,229.4873,2026-09-07 20:11:28,2026-09-07 16:15:05
NVDA,NVDA261218C00187000,NVDA,2026-12-18,C,187.0,48.8,21.0,50.1,30.0,0.4245,1492.0,1.0,0.8625,0.0043,0.2735,-0.0536,0.4293,49.2195,2.345,50.37,50.37,50.37,up,50.37,2026-09-04T11:32:32,4.88287,48.7250003814697,229.4873,2026-09-07 20:11:28,2026-09-07 16:15:05
NVDA,NVDA261218C00188000,NVDA,2026-12-18,C,188.0,47.5,71.0,49.25,37.0,0.4142,2054.0,9.0,0.8578,0.0044,0.2797,-0.0546,0.4286,48.3888,1.53,51.55,51.55,48.73,down,48.73,2026-09-04T13:34:17,3.24152,48.0249996185303,229.4873,2026-09-07 20:11:28,2026-09-07 16:15:05
NVDA,NVDA261218C00189000,NVDA,2026-12-18,C,189.0,47.2,32.0,48.45,113.0,0.4226,5593.0,9.0,0.853,0.0045,0.286,-0.0557,0.4278,47.5638,1.0,48.7,48.7,47.35,down,47.35,2026-09-04T14:09:43,2.1575,47.3500003814697,229.4873,2026-09-07 20:11:28,2026-09-07 16:15:05
NVDA,NVDA261218C00190000,NVDA,2026-12-18,C,190.0,46.25,60.0,47.1,9.0,0.4098,11618.0,250.0,0.8481,0.0046,0.2923,-0.0568,0.4269,46.7447,1.585,48.0,50.32,46.19,up,47.06,2026-09-04T15:58:30,3.48543,46.5499992370606,229.4873,2026-09-07 20:11:28,2026-09-07 16:15:05
NVDA,NVDA261218C00191000,NVDA,2026-12-18,C,191.0,45.35,62.0,46.8,74.0,0.4158,1602.0,7.0,0.843,0.0047,0.2987,-0.0579,0.4258,45.9315,1.555,47.1,47.18,46.28,down,46.33,2026-09-04T12:31:29,3.47292,45.5500011444092,229.4873,2026-09-07 20:11:28,2026-09-07 16:15:05
NVDA,NVDA261218C00192000,NVDA,2026-12-18,C,192.0,44.55,86.0,45.95,90.0,0.4139,984.0,8.0,0.8378,0.0048,0.3051,-0.059,0.4247,45.1245,2.295,48.17,49.3,46.25,up,46.27,2026-09-04T11:46:20,5.21887,44.8250007629394,229.4873,2026-09-07 20:11:28,2026-09-07 16:15:05
NVDA,NVDA261218C00193000,NVDA,2026-12-18,C,193.0,43.75,31.0,45.15,85.0,0.4127,1531.0,15.0,0.8325,0.005,0.3115,-0.0601,0.4234,44.3237,2.42,47.4,48.47,45.57,no_change,45.57,2026-09-04T11:25:08,5.60834,44.1499996185303,229.4873,2026-09-07 20:11:28,2026-09-07 16:15:05
NVDA,NVDA261218C00194000,NVDA,2026-12-18,C,194.0,43.0,40.0,44.35,123.0,0.4121,12719.0,20.0,0.827,0.0051,0.3178,-0.0612,0.4221,43.5293,3.9,46.3,46.3,46.3,up,46.3,2026-09-04T09:47:20,9.19811,43.1499996185303,229.4873,2026-09-07 20:11:28,2026-09-07 16:15:05
NVDA,NVDA261218C00195000,NVDA,2026-12-18,C,195.0,42.35,44.0,43.55,9.0,0.4128,4230.0,18.0,0.8215,0.0052,0.324,-0.0622,0.4207,42.7413,1.205,45.3,46.3,42.4,down,42.78,2026-09-04T15:51:10,2.89838,42.25,229.4873,2026-09-07 20:11:28,2026-09-07 16:15:05
NVDA,NVDA261218C00200000,NVDA,2026-12-18,C,200.0,38.45,61.0,39.9,55.0,0.3983,48752.0,453.0,0.7919,0.0058,0.3555,-0.0676,0.4121,38.9018,1.095,39.18,42.45,38.45,down,38.87,2026-09-04T15:59:00,2.89874,38.625,229.4873,2026-09-07 20:11:28,2026-09-07 16:15:05
NVDA,NVDA261218C00205000,NVDA,2026-12-18,C,205.0,34.85,36.0,35.6,32.0,0.3962,5770.0,183.0,0.7594,0.0064,0.3854,-0.0726,0.4012,35.2418,1.485,35.6,38.5,34.88,no_change,35.61,2026-09-04T15:52:18,4.35165,34.875,229.4873,2026-09-07 20:11:28,2026-09-07 16:15:05
NVDA,NVDA261218C00210000,NVDA,2026-12-18,C,210.0,31.5,61.0,32.0,23.0,0.3919,25105.0,506.0,0.7243,0.0069,0.4134,-0.0771,0.3877,31.7735,1.08,32.3,35.0,31.39,down,31.83,2026-09-04T15:58:25,3.5122,31.4749994277954,229.4873,2026-09-07 20:11:28,2026-09-07 16:15:05
NVDA,NVDA261218C00212000,NVDA,2026-12-18,C,212.0,30.25,32.0,31.05,13.0,0.3958,2265.0,15.0,0.7096,0.0071,0.4235,-0.0788,0.3819,30.4426,1.28,31.45,33.4,30.26,down,30.73,2026-09-04T15:51:38,4.34635,30.2250003814697,229.4873,2026-09-07 20:11:28,2026-09-07 16:15:05
NVDA,NVDA261218C00213000,NVDA,2026-12-18,C,213.0,29.45,32.0,30.15,12.0,0.3904,2556.0,22.0,0.7021,0.0072,0.4284,-0.0796,0.3789,29.7895,0.65,30.33,33.0,29.4,no_change,29.4,2026-09-04T15:30:44,2.26087,29.5250005722046,229.4873,2026-09-07 20:11:28,2026-09-07 16:15:05
NVDA,NVDA261218C00214000,NVDA,2026-12-18,C,214.0,28.85,24.0,29.6,21.0,0.3918,2711.0,7.0,0.6943,0.0073,0.4333,-0.0804,0.3756,29.1226,2.39,31.4,31.4,30.24,down,30.24,2026-09-04T11:21:58,8.58169,29.0,229.4873,2026-09-07 20:11:28,2026-09-07 16:15:05
NVDA,NVDA261218C00215000,NVDA,2026-12-18,C,215.0,28.3,10.0,29.05,28.0,0.3891,13231.0,525.0,0.6869,0.0074,0.4379,-0.0811,0.3725,28.5087,1.11,28.2,31.8,28.19,down,28.51,2026-09-04T15:48:19,4.0511,28.3249998092651,229.4873,2026-09-07 20:11:28,2026-09-07 16:15:05
NVDA,NVDA261218C00216000,NVDA,2026-12-18,C,216.0,27.6,26.0,28.4,80.0,0.3908,2634.0,17.0,0.6792,0.0075,0.4424,-0.0818,0.3691,27.8807,1.2,29.05,30.65,28.0,up,28.05,2026-09-04T13:44:42,4.46928,27.7249994277954,229.4873,2026-09-07 20:11:28,2026-09-07 16:15:05
NVDA,NVDA261218C00217000,NVDA,2026-12-18,C,217.0,26.85,89.0,27.6,63.0,0.387,977.0,37.0,0.6712,0.0076,0.4468,-0.0824,0.3655,27.2396,0.93,29.04,30.06,27.23,down,27.23,2026-09-04T15:47:56,3.53612,27.0749998092651,229.4873,2026-09-07 20:11:28,2026-09-07 16:15:05
NVDA,NVDA261218C00218000,NVDA,2026-12-18,C,218.0,26.25,134.0,27.0,95.0,0.3862,2333.0,57.0,0.6635,0.0076,0.4509,-0.0831,0.3621,26.6508,0.95,29.15,29.45,26.5,down,26.5,2026-09-04T14:00:20,3.7182,26.4499998092651,229.4873,2026-09-07 20:11:28,2026-09-07 16:15:05
NVDA,NVDA261218C00219000,NVDA,2026-12-18,C,219.0,25.8,24.0,26.3,30.0,0.3861,1797.0,38.0,0.6556,0.0077,0.4548,-0.0837,0.3586,26.0489,1.325,27.54,28.8,26.04,up,26.15,2026-09-04T15:57:56,5.33736,25.8500003814697,229.4873,2026-09-07 20:11:28,2026-09-07 16:15:05
NVDA,NVDA261218C00220000,NVDA,2026-12-18,C,220.0,25.35,35.0,25.8,99.0,0.3858,60602.0,2737.0,0.6474,0.0078,0.4586,-0.0843,0.3549,25.4345,1.075,24.5,28.3,24.5,up,25.45,2026-09-04T15:59:49,4.41026,25.2250003814697,229.4873,2026-09-07 20:11:28,2026-09-07 16:15:05
NVDA,NVDA261218C00221000,NVDA,2026-12-18,C,221.0,24.5,32.0,25.2,61.0,0.3848,2237.0,135.0,0.6394,0.0079,0.4622,-0.0848,0.3513,24.85,1.125,24.85,27.43,24.2,down,25.0,2026-09-04T12:24:18,4.71204,24.6999998092651,229.4873,2026-09-07 20:11:28,2026-09-07 16:15:05
NVDA,NVDA261218C00222000,NVDA,2026-12-18,C,222.0,24.1,29.0,24.65,60.0,0.3864,2574.0,111.0,0.6313,0.0079,0.4656,-0.0853,0.3476,24.2742,0.71,25.25,26.95,23.96,down,23.96,2026-09-04T15:30:23,3.05376,24.125,229.4873,2026-09-07 20:11:28,2026-09-07 16:15:05
NVDA,NVDA261218C00223000,NVDA,2026-12-18,C,223.0,23.4,116.0,24.1,122.0,0.3846,2158.0,52.0,0.6231,0.008,0.4688,-0.0858,0.3439,23.7072,1.3,23.75,26.55,23.67,down,23.95,2026-09-04T15:56:11,5.73952,23.5500001907349,229.4873,2026-09-07 20:11:28,2026-09-07 16:15:05
NVDA,NVDA261218C00224000,NVDA,2026-12-18,C,224.0,22.85,93.0,23.5,113.0,0.3836,1537.0,237.0,0.6149,0.0081,0.4718,-0.0862,0.34,23.149,0.88,23.12,25.75,23.03,down,23.03,2026-09-04T15:19:59,3.97291,23.0,229.4873,2026-09-07 20:11:28,2026-09-07 16:15:05
NVDA,NVDA261218C00225000,NVDA,2026-12-18,C,225.0,22.45,45.0,22.8,33.0,0.3831,18142.0,677.0,0.6067,0.0081,0.4747,-0.0866,0.336,22.5998,1.225,22.8,25.4,22.25,down,22.85,2026-09-04T15:57:26,5.66474,22.3999996185303,229.4873,2026-09-07 20:11:28,2026-09-07 16:15:05
NVDA,NVDA261218C00226000,NVDA,2026-12-18,C,226.0,21.9,25.0,22.4,63.0,0.3839,3021.0,79.0,0.5984,0.0082,0.4773,-0.087,0.332,22.0596,0.775,21.65,24.6,21.65,down,21.85,2026-09-04T15:33:36,3.67734,21.9250001907349,229.4873,2026-09-07 20:11:28,2026-09-07 16:15:05
NVDA,NVDA261218C00227000,NVDA,2026-12-18,C,227.0,21.4,39.0,21.65,2.0,0.381,1543.0,99.0,0.5904,0.0082,0.4797,-0.0873,0.3282,21.547,0.745,21.3,24.05,21.05,down,21.32,2026-09-04T15:33:36,3.6209,21.3999996185303,229.4873,2026-09-07 20:11:28,2026-09-07 16:15:05
NVDA,NVDA261218C00228000,NVDA,2026-12-18,C,228.0,20.85,37.0,21.2,65.0,0.3813,17466.0,439.0,0.5818,0.0083,0.4819,-0.0876,0.3241,21.0059,0.785,20.85,23.75,20.8,down,20.86,2026-09-04T15:45:35,3.91033,20.875,229.4873,2026-09-07 20:11:28,2026-09-07 16:15:05
NVDA,NVDA261218C00230000,NVDA,2026-12-18,C,230.0,19.85,69.0,20.1,25.0,0.3797,22538.0,1252.0,0.5652,0.0084,0.4856,-0.0881,0.316,19.9873,1.1,19.75,22.65,19.53,up,20.15,2026-09-04T15:59:45,5.77428,19.8250007629395,229.4873,2026-09-07 20:11:28,2026-09-07 16:15:05
NVDA,NVDA261218C00235000,NVDA,2026-12-18,C,235.0,17.5,45.0,17.7,8.0,0.3775,12713.0,846.0,0.5235,0.0085,0.4913,-0.0886,0.295,17.6101,0.96,17.3,20.03,17.3,up,17.66,2026-09-04T15:47:49,5.7485,17.4499998092651,229.4873,2026-09-07 20:11:28,2026-09-07 16:15:05
NVDA,NVDA261218C00240000,NVDA,2026-12-18,C,240.0,15.35,35.0,15.75,194.0,0.3756,24328.0,4203.0,0.4818,0.0086,0.4917,-0.0882,0.2738,15.4368,0.8,15.0,17.61,15.0,down,15.4,2026-09-04T15:59:17,5.47945,15.3249998092651,229.4873,2026-09-07 20:11:28,2026-09-07 16:15:05
NVDA,NVDA261218C00245000,NVDA,2026-12-18,C,245.0,13.35,45.0,13.65,36.0,0.3747,9824.0,1507.0,0.441,0.0085,0.4868,-0.0869,0.2521,13.4794,0.85,13.35,15.4,13.3,up,13.5,2026-09-04T15:50:00,6.71937,13.3499999046326,229.4873,2026-09-07 20:11:28,2026-09-07 16:15:05
NVDA,NVDA261218C00250000,NVDA,2026-12-18,C,250.0,11.65,10.0,11.85,38.0,0.3731,36665.0,2512.0,0.4012,0.0084,0.4772,-0.0848,0.2309,11.7226,0.875,10.9,13.53,10.9,down,11.85,2026-09-04T15:58:36,7.97267,11.6750001907349,229.4873,2026-09-07 20:11:28,2026-09-07 16:15:05
NVDA,NVDA261218C00255000,NVDA,2026-12-18,C,255.0,10.1,5.0,10.55,3.0,0.372,9067.0,409.0,0.363,0.0081,0.4632,-0.082,0.21,10.1539,0.875,10.1,11.7,10.08,up,10.3,2026-09-04T15:56:07,9.28382,10.0999999046326,229.4873,2026-09-07 20:11:28,2026-09-07 16:15:05
NVDA,NVDA261218C00260000,NVDA,2026-12-18,C,260.0,8.6,1.0,8.95,19.0,0.3724,19951.0,1715.0,0.3271,0.0078,0.4458,-0.0787,0.1901,8.7827,0.9,8.42,10.2,8.32,no_change,9.0,2026-09-04T15:52:47,11.1111,8.75,229.4873,2026-09-07 20:11:28,2026-09-07 16:15:05
NVDA,NVDA261218C00265000,NVDA,2026-12-18,C,265.0,7.5,38.0,7.7,65.0,0.3718,5741.0,508.0,0.2934,0.0075,0.4256,-0.0749,0.1713,7.5749,0.665,7.5,8.85,7.5,down,7.59,2026-09-04T15:58:55,9.60289,7.52499985694885,229.4873,2026-09-07 20:11:28,2026-09-07 16:15:05
NVDA,NVDA261218C00270000,NVDA,2026-12-18,C,270.0,6.3,63.0,6.65,70.0,0.3718,19292.0,760.0,0.2621,0.0071,0.403,-0.0708,0.1534,6.5217,0.675,6.29,7.62,6.15,down,6.6,2026-09-04T15:57:07,11.3924,6.5,229.4873,2026-09-07 20:11:28,2026-09-07 16:15:05
NVDA,NVDA261218C00275000,NVDA,2026-12-18,C,275.0,5.55,10.0,5.7,22.0,0.3719,14476.0,1994.0,0.2334,0.0066,0.3792,-0.0665,0.1371,5.6064,0.68,5.45,6.6,5.35,up,5.73,2026-09-04T15:55:09,13.4653,5.57500004768372,229.4873,2026-09-07 20:11:28,2026-09-07 16:15:05
NVDA,NVDA261218C00280000,NVDA,2026-12-18,C,280.0,4.7,1.0,4.9,29.0,0.3722,31821.0,578.0,0.2071,0.0062,0.3544,-0.0621,0.1219,4.8146,0.55,4.45,5.65,4.45,up,4.85,2026-09-04T15:57:37,12.7907,4.77499985694885,229.4873,2026-09-07 20:11:28,2026-09-07 16:15:05
NVDA,NVDA261218C00285000,NVDA,2026-12-18,C,285.0,4.05,42.0,4.3,141.0,0.3739,2654.0,251.0,0.1834,0.0058,0.3295,-0.0577,0.1083,4.132,0.47,4.45,4.8,4.05,up,4.17,2026-09-04T15:51:19,12.7027,4.125,229.4873,2026-09-07 20:11:28,2026-09-07 16:15:05
NVDA,NVDA261218C00290000,NVDA,2026-12-18,C,290.0,3.5,1.0,3.65,75.0,0.3745,10749.0,1301.0,0.162,0.0053,0.3049,-0.0533,0.0958,3.547,0.35,3.5,4.15,3.43,down,3.5,2026-09-04T15:25:50,11.1111,3.54999995231628,229.4873,2026-09-07 20:11:28,2026-09-07 16:15:05
NVDA,NVDA261218C00295000,NVDA,2026-12-18,C,295.0,3.0,10.0,3.1,90.0,0.3749,4814.0,778.0,0.143,0.0049,0.2808,-0.0492,0.0847,3.0452,0.4,3.28,3.6,2.95,down,3.08,2026-09-04T15:20:33,14.9254,3.03999996185303,229.4873,2026-09-07 20:11:28,2026-09-07 16:15:05
NVDA,NVDA261218C00300000,NVDA,2026-12-18,C,300.0,2.55,39.0,2.66,34.0,0.3756,39797.0,2750.0,0.1259,0.0044,0.2578,-0.0451,0.0747,2.6128,0.335,2.5,3.1,2.43,down,2.6,2026-09-04T15:59:52,14.7903,2.60500001907349,229.4873,2026-09-07 20:11:28,2026-09-07 16:15:05
NVDA,NVDA261218C00305000,NVDA,2026-12-18,C,305.0,2.2,36.0,2.32,112.0,0.3781,2385.0,375.0,0.1109,0.004,0.2358,-0.0413,0.0658,2.2477,0.305,2.25,2.65,2.19,no_change,2.26,2026-09-04T15:43:57,15.601,2.24500000476837,229.4873,2026-09-07 20:11:28,2026-09-07 16:15:05
NVDA,NVDA261218C00310000,NVDA,2026-12-18,C,310.0,1.75,53.0,1.98,95.0,0.3763,7233.0,554.0,0.0978,0.0037,0.2157,-0.0378,0.0582,1.9381,0.335,2.03,2.27,1.9,no_change,2.0,2026-09-04T15:54:49,20.1201,1.91500002145767,229.4873,2026-09-07 20:11:28,2026-09-07 16:15:05
NVDA,NVDA261218C00315000,NVDA,2026-12-18,C,315.0,1.44,88.0,1.72,135.0,0.3814,989.0,255.0,0.086,0.0033,0.1963,-0.0345,0.0511,1.6694,0.255,1.91,1.91,1.64,down,1.67,2026-09-04T15:40:17,18.0212,1.66500002145767,229.4873,2026-09-07 20:11:28,2026-09-07 16:15:05
NVDA,NVDA261218C00320000,NVDA,2026-12-18,C,320.0,1.21,122.0,1.48,172.0,0.3829,5427.0,250.0,0.0757,0.003,0.1784,-0.0314,0.0451,1.4399,0.21,1.41,1.69,1.4,up,1.44,2026-09-04T15:59:30,17.0732,1.43500000238419,229.4873,2026-09-07 20:11:28,2026-09-07 16:15:05
NVDA,NVDA261218C00325000,NVDA,2026-12-18,C,325.0,1.21,60.0,1.28,19.0,0.3848,5587.0,124.0,0.0665,0.0027,0.1618,-0.0285,0.0396,1.2406,0.205,1.33,1.43,1.23,down,1.26,2026-09-04T15:51:54,19.4313,1.23000001907349,229.4873,2026-09-07 20:11:28,2026-09-07 16:15:05
NVDA,NVDA261218C00330000,NVDA,2026-12-18,C,330.0,0.86,6.0,1.26,30.0,0.3872,4886.0,58.0,0.0584,0.0024,0.1463,-0.0258,0.0347,1.0705,0.17,1.25,1.26,1.06,down,1.06,2026-09-04T14:47:25,19.1011,1.0799999833107,229.4873,2026-09-07 20:11:28,2026-09-07 16:15:05
NVDA,NVDA261218C00335000,NVDA,2026-12-18,C,335.0,0.89,29.0,0.97,24.0,0.3886,1067.0,62.0,0.0515,0.0022,0.1328,-0.0235,0.0307,0.9297,0.165,1.08,1.1,0.92,no_change,0.94,2026-09-04T11:06:10,21.2903,0.935000002384186,229.4873,2026-09-07 20:11:28,2026-09-07 16:15:05
NVDA,NVDA261218C00340000,NVDA,2026-12-18,C,340.0,0.6,164.0,0.84,27.0,0.3914,3722.0,544.0,0.0454,0.002,0.1202,-0.0213,0.027,0.8063,0.16,0.95,1.0,0.79,up,0.83,2026-09-04T14:52:53,23.8806,0.820000022649765,229.4873,2026-09-07 20:11:28,2026-09-07 16:15:05
NVDA,NVDA261218C00345000,NVDA,2026-12-18,C,345.0,0.65,63.0,0.74,6.0,0.3914,2294.0,6.0,0.0401,0.0018,0.1088,-0.0194,0.0239,0.7025,0.13,0.66,0.82,0.66,up,0.7,2026-09-04T15:47:04,22.807,0.71000000834465,229.4873,2026-09-07 20:11:28,2026-09-07 16:15:05
NVDA,NVDA261218C00350000,NVDA,2026-12-18,C,350.0,0.59,31.0,0.65,72.0,0.3959,3592.0,84.0,0.0354,0.0016,0.0983,-0.0175,0.0211,0.6103,0.18,0.6,0.72,0.6,up,0.68,2026-09-04T15:55:00,36.0,0.625,229.4873,2026-09-07 20:11:28,2026-09-07 16:15:05
NVDA,NVDA261218C00355000,NVDA,2026-12-18,C,355.0,0.48,97.0,0.65,83.0,0.3953,2958.0,15.0,0.0313,0.0014,0.0891,-0.0159,0.0186,0.5331,0.165,0.45,0.61,0.45,down,0.6,2026-09-04T13:48:29,37.931,0.53999999165535,229.4873,2026-09-07 20:11:28,2026-09-07 16:15:05
NVDA,NVDA261218C00360000,NVDA,2026-12-18,C,360.0,0.44,55.0,0.64,62.0,0.3999,3888.0,26.0,0.0276,0.0013,0.0803,-0.0144,0.0164,0.4648,0.135,0.54,0.54,0.47,up,0.48,2026-09-04T14:46:52,39.1304,0.469999998807907,229.4873,2026-09-07 20:11:28,2026-09-07 16:15:05
NVDA,NVDA261218C00365000,NVDA,2026-12-18,C,365.0,0.3,98.0,0.63,126.0,0.3949,481.0,17.0,0.0245,0.0012,0.0728,-0.013,0.0146,0.4075,0.1,0.4,0.44,0.4,up,0.44,2026-09-04T12:50:18,29.4118,0.41499999165535,229.4873,2026-09-07 20:11:28,2026-09-07 16:15:05
NVDA,NVDA261218C00370000,NVDA,2026-12-18,C,370.0,0.26,87.0,0.58,101.0,0.3973,2468.0,35.0,0.0217,0.001,0.0659,-0.0118,0.0129,0.3573,0.1,0.42,0.42,0.33,up,0.37,2026-09-04T13:35:04,37.037,0.370000004768372,229.4873,2026-09-07 20:11:28,2026-09-07 16:15:05
NVDA,NVDA261218C00375000,NVDA,2026-12-18,C,375.0,0.28,20.0,0.34,5.0,0.4051,586.0,1.0,0.0193,0.0009,0.0596,-0.0107,0.0115,0.3138,0.06,0.31,0.31,0.31,up,0.31,2026-09-04T15:26:35,24.0,0.350000008940697,229.4873,2026-09-07 20:11:28,2026-09-07 16:15:05
NVDA,NVDA261218C00380000,NVDA,2026-12-18,C,380.0,0.17,338.0,0.39,126.0,0.4088,958.0,1.0,0.0172,0.0008,0.0539,-0.0098,0.0102,0.2762,0.02,0.27,0.27,0.27,up,0.27,2026-09-04T13:33:06,8.0,0.304999992251396,229.4873,2026-09-07 20:11:28,2026-09-07 16:15:05
NVDA,NVDA261218C00385000,NVDA,2026-12-18,C,385.0,0.13,400.0,0.35,98.0,0.4095,1537.0,2.0,0.0153,0.0008,0.0489,-0.0089,0.0091,0.2435,-0.015,0.23,0.23,0.21,down,0.21,2026-09-04T12:25:13,-6.66667,0.244999997317791,229.4873,2026-09-07 20:11:28,2026-09-07 16:15:05
NVDA,NVDA261218C00390000,NVDA,2026-12-18,C,390.0,0.19,48.0,0.24,71.0,0.4128,4731.0,1.0,0.0136,0.0007,0.0443,-0.008,0.0081,0.215,0.03,0.18,0.18,0.18,down,0.18,2026-09-04T12:25:06,20.0,0.199999999254942,229.4873,2026-09-07 20:11:28,2026-09-07 16:15:05
NVDA,NVDA261218C00400000,NVDA,2026-12-18,C,400.0,0.15,20.0,0.19,105.0,0.4175,7447.0,64.0,0.0109,0.0006,0.0365,-0.0067,0.0064,0.1688,0.005,0.21,0.21,0.14,no_change,0.14,2026-09-04T12:24:59,3.70371,0.179999999701977,229.4873,2026-09-07 20:11:28,2026-09-07 16:15:05
NVDA,NVDA261218C00410000,NVDA,2026-12-18,C,410.0,0.11,71.0,0.23,232.0,0.434,1605.0,204.0,0.0087,0.0004,0.0301,-0.0055,0.0052,0.1331,0.01,0.13,0.16,0.12,up,0.16,2026-09-04T14:37:48,6.66667,0.134999997913837,229.4873,2026-09-07 20:11:28,2026-09-07 16:15:05
NVDA,NVDA261218C00420000,NVDA,2026-12-18,C,420.0,0.09,32.0,0.13,85.0,0.4278,5476.0,5.0,0.007,0.0004,0.025,-0.0046,0.0042,0.1062,0.015,0.1,0.12,0.1,no_change,0.11,2026-09-04T13:33:06,15.7895,0.120000004768372,229.4873,2026-09-07 20:11:28,2026-09-07 16:15:05
NVDA,NVDA261218C00430000,NVDA,2026-12-18,C,430.0,0.05,64.0,0.13,178.0,0.4332,828.0,2.0,0.0057,0.0003,0.0208,-0.0039,0.0034,0.085,-0.01,0.08,0.09,0.08,up,0.09,2026-09-04T12:25:13,-10.0,0.0849999990314245,229.4873,2026-09-07 20:11:28,2026-09-07 16:15:05
NVDA,NVDA261218C00440000,NVDA,2026-12-18,C,440.0,0.04,41.0,0.07,1.0,0.4259,559.0,71.0,0.0046,0.0002,0.0174,-0.0032,0.0027,0.0684,-0.01,0.06,0.07,0.04,down,0.04,2026-09-04T12:25:06,-20.0,0.0549999997019768,229.4873,2026-09-07 20:11:28,2026-09-07 16:15:05
NVDA,NVDA261218C00450000,NVDA,2026-12-18,C,450.0,0.04,110.0,0.08,209.0,0.4428,4382.0,45.0,0.0038,0.0002,0.0145,-0.0027,0.0022,0.0553,-0.01,0.06,0.07,0.05,down,0.05,2026-09-04T14:38:42,-16.6667,0.0599999986588955,229.4873,2026-09-07 20:11:28,2026-09-07 16:15:05
NVDA,NVDA261218C00455000,NVDA,2026-12-18,C,455.0,0.0,0.0,0.07,2.0,0.4327,2632.0,2.0,0.0035,0.0002,0.0133,-0.0025,0.002,0.0501,0.01,0.05,0.05,0.05,no_change,0.05,2026-09-04T13:50:14,25.0,0.0400000000372529,229.4873,2026-09-07 20:11:28,2026-09-07 16:15:05
NVDA,NVDA261218C00460000,NVDA,2026-12-18,C,460.0,0.03,33.0,0.06,22.0,0.4438,11126.0,316.0,0.0031,0.0002,0.0122,-0.0023,0.0018,0.0451,0.005,0.06,0.06,0.02,no_change,0.05,2026-09-04T15:58:48,11.1111,0.0449999989941716,229.4873,2026-09-07 20:11:28,2026-09-07 16:15:05
NVDA,NVDA261218P00000500,NVDA,2026-12-18,P,0.5,0.0,0.0,0.01,594.0,3.8207,31542.0,0.0,0.0,0.0,0.0,0.0,0.0,0.0002,0.0,0.0,0.0,0.0,no_change,0.01,2026-09-03T09:32:32,0.0,0.00499999988824129,229.4873,2026-09-07 20:11:28,2026-09-07 16:15:05
NVDA,NVDA261218P00001000,NVDA,2026-12-18,P,1.0,0.0,0.0,0.01,90.0,3.2956,5945.0,0.0,0.0,0.0,0.0,0.0,0.0,0.0004,0.0,0.0,0.0,0.0,no_change,0.01,2026-08-04T15:07:56,0.0,0.00499999988824129,229.4873,2026-09-07 20:11:28,2026-09-07 16:15:05
NVDA,NVDA261218P00001500,NVDA,2026-12-18,P,1.5,0.0,0.0,0.05,9.0,3.4961,490.0,0.0,0.0,0.0,0.0,0.0,0.0,0.0005,0.0,0.0,0.0,0.0,no_change,0.01,2026-07-15T09:36:19,0.0,0.025000000372529,229.4873,2026-09-07 20:11:28,2026-09-07 16:15:05
NVDA,NVDA261218P00002000,NVDA,2026-12-18,P,2.0,0.0,0.0,0.01,110.0,2.8084,3366.0,0.0,0.0,0.0,0.0,0.0,0.0,0.0006,0.0,0.0,0.0,0.0,up,0.07,2026-06-05T10:25:15,0.0,0.00499999988824129,229.4873,2026-09-07 20:11:28,2026-09-07 16:15:05
NVDA,NVDA261218P00002500,NVDA,2026-12-18,P,2.5,0.0,0.0,0.01,300.0,2.6584,4768.0,0.0,0.0,0.0,0.0,-0.0001,0.0,0.0008,0.0,0.0,0.0,0.0,no_change,0.01,2026-08-04T09:42:08,0.0,0.00499999988824129,229.4873,2026-09-07 20:11:28,2026-09-07 16:15:05
NVDA,NVDA261218P00003000,NVDA,2026-12-18,P,3.0,0.0,0.0,0.01,1.0,2.538,1652.0,0.0,0.0,0.0,0.0001,-0.0001,0.0,0.0009,0.0,0.0,0.0,0.0,no_change,0.01,2026-07-23T10:33:21,0.0,0.00499999988824129,229.4873,2026-09-07 20:11:28,2026-09-07 16:15:05
NVDA,NVDA261218P00003500,NVDA,2026-12-18,P,3.5,0.0,0.0,0.05,9.0,2.8055,198.0,0.0,0.0,0.0,0.0001,-0.0001,0.0,0.001,0.0,0.0,0.0,0.0,down,0.01,2026-03-12T14:13:04,0.0,0.025000000372529,229.4873,2026-09-07 20:11:28,2026-09-07 16:15:05
NVDA,NVDA261218P00004000,NVDA,2026-12-18,P,4.0,0.0,0.0,0.01,20.0,2.3517,725.0,0.0,0.0,0.0,0.0001,-0.0001,0.0,0.0012,0.0,0.0,0.0,0.0,no_change,0.01,2026-08-17T11:50:46,0.0,0.00499999988824129,229.4873,2026-09-07 20:11:28,2026-09-07 16:15:05
NVDA,NVDA261218P00004500,NVDA,2026-12-18,P,4.5,0.0,0.0,0.02,4.0,2.4065,1079.0,0.0,0.0,0.0,0.0001,-0.0001,0.0,0.0013,0.0,0.0,0.0,0.0,no_change,0.02,2025-12-09T15:27:40,0.0,0.00999999977648258,229.4873,2026-09-07 20:11:28,2026-09-07 16:15:05
NVDA,NVDA261218P00005000,NVDA,2026-12-18,P,5.0,0.0,0.0,0.02,10.0,2.3354,2551.0,0.0,0.0,0.0,0.0001,-0.0001,0.0,0.0015,0.0,0.0,0.0,0.0,up,0.02,2026-08-18T12:34:53,0.0,0.00999999977648258,229.4873,2026-09-07 20:11:28,2026-09-07 16:15:05
NVDA,NVDA261218P00006000,NVDA,2026-12-18,P,6.0,0.0,0.0,0.7,1.0,2.6011,852.0,0.0,0.0,0.0,0.0001,-0.0001,0.0,0.0018,0.0,0.0,0.0,0.0,up,0.1,2026-04-20T09:30:03,0.0,0.0549999997019768,229.4873,2026-09-07 20:11:28,2026-09-07 16:15:05
NVDA,NVDA261218P00007000,NVDA,2026-12-18,P,7.0,0.0,0.0,0.59,10.0,2.4779,1077.0,0.0,0.0,0.0,0.0002,-0.0001,0.0,0.0021,0.0,0.0,0.0,0.0,down,0.01,2026-01-22T14:09:50,0.0,0.0549999997019768,229.4873,2026-09-07 20:11:28,2026-09-07 16:15:05
NVDA,NVDA261218P00008000,NVDA,2026-12-18,P,8.0,0.0,0.0,0.02,100.0,2.0255,891.0,0.0,0.0,0.0,0.0002,-0.0002,0.0,0.0024,0.0,0.0,0.0,0.0,no_change,0.01,2026-07-13T12:05:35,0.0,0.00999999977648258,229.4873,2026-09-07 20:11:28,2026-09-07 16:15:05
NVDA,NVDA261218P00009000,NVDA,2026-12-18,P,9.0,0.0,0.0,0.79,1.0,2.2815,1198.0,0.0,0.0,0.0,0.0002,-0.0002,0.0,0.0028,0.0,0.0,0.0,0.0,down,0.02,2026-05-01T09:50:31,0.0,0.0549999997019768,229.4873,2026-09-07 20:11:28,2026-09-07 16:15:05
NVDA,NVDA261218P00010000,NVDA,2026-12-18,P,10.0,0.0,0.0,0.01,870.0,1.7848,12628.0,0.0,0.0,0.0,0.0003,-0.0002,0.0,0.0031,0.0,0.0,0.0,0.0,no_change,0.01,2026-08-27T13:33:52,0.0,0.00499999988824129,229.4873,2026-09-07 20:11:28,2026-09-07 16:15:05
NVDA,NVDA261218P00011000,NVDA,2026-12-18,P,11.0,0.0,0.0,2.16,24.0,2.1283,2415.0,0.0,-0.0001,0.0,0.0003,-0.0002,0.0,0.0035,0.0,0.0,0.0,0.0,no_change,0.01,2026-08-18T12:16:35,0.0,0.0549999997019768,229.4873,2026-09-07 20:11:28,2026-09-07 16:15:05
NVDA,NVDA261218P00012000,NVDA,2026-12-18,P,12.0,0.0,0.0,0.55,1.0,2.0629,215.0,0.0,-0.0001,0.0,0.0004,-0.0003,-0.0001,0.0039,0.0,0.0,0.0,0.0,no_change,0.01,2026-07-13T12:15:01,0.0,0.0549999997019768,229.4873,2026-09-07 20:11:28,2026-09-07 16:15:05
NVDA,NVDA261218P00013000,NVDA,2026-12-18,P,13.0,0.0,0.0,2.1,1.0,1.7169,13051.0,0.0,-0.0001,0.0,0.0004,-0.0003,-0.0001,0.0044,0.0,0.0,0.0,0.0,up,0.05,2026-03-16T15:55:27,0.0,0.0549999997019768,229.4873,2026-09-07 20:11:28,2026-09-07 16:15:05
NVDA,NVDA261218P00014000,NVDA,2026-12-18,P,14.0,0.0,0.0,0.14,200.0,1.9658,660.0,0.0,-0.0001,0.0,0.0004,-0.0003,-0.0001,0.0048,0.0,0.0,0.0,0.0,no_change,0.01,2026-05-18T11:47:47,0.0,0.0549999997019768,229.4873,2026-09-07 20:11:28,2026-09-07 16:15:05
NVDA,NVDA261218P00015000,NVDA,2026-12-18,P,15.0,0.0,0.0,2.16,27.0,1.628,7670.0,0.0,-0.0001,0.0,0.0005,-0.0003,-0.0001,0.0053,0.0,0.0,0.0,0.0,no_change,0.01,2026-08-03T09:30:02,0.0,0.0599999986588955,229.4873,2026-09-07 20:11:28,2026-09-07 16:15:05
NVDA,NVDA261218P00016000,NVDA,2026-12-18,P,16.0,0.0,0.0,0.12,1.0,1.8669,621.0,0.0,-0.0001,0.0,0.0005,-0.0004,-0.0001,0.0057,0.0,0.0,0.0,0.0,down,0.02,2026-08-21T11:32:00,0.0,0.0599999986588955,229.4873,2026-09-07 20:11:28,2026-09-07 16:15:05
NVDA,NVDA261218P00017000,NVDA,2026-12-18,P,17.0,0.0,0.0,2.16,28.0,1.8223,2815.0,0.0,-0.0001,0.0,0.0006,-0.0004,-0.0001,0.0063,0.0,0.0,0.0,0.0,up,0.03,2026-06-22T09:36:21,0.0,0.0599999986588955,229.4873,2026-09-07 20:11:28,2026-09-07 16:15:05
NVDA,NVDA261218P00018000,NVDA,2026-12-18,P,18.0,0.0,0.0,0.6,1.0,1.7805,1550.0,0.0,-0.0001,0.0,0.0006,-0.0004,-0.0001,0.0068,0.0,0.0,0.0,0.0,no_change,0.03,2026-08-10T15:16:40,0.0,0.0599999986588955,229.4873,2026-09-07 20:11:28,2026-09-07 16:15:05
NVDA,NVDA261218P00019000,NVDA,2026-12-18,P,19.0,0.0,0.0,2.16,29.0,1.7412,407.0,0.0,-0.0001,0.0,0.0007,-0.0004,-0.0001,0.0073,0.0,0.0,0.0,0.0,up,0.04,2026-08-10T15:17:18,0.0,0.0599999986588955,229.4873,2026-09-07 20:11:28,2026-09-07 16:15:05
NVDA,NVDA261218P00020000,NVDA,2026-12-18,P,20.0,0.0,0.0,0.02,24.0,1.4515,19301.0,0.0,-0.0002,0.0,0.0008,-0.0005,-0.0001,0.0079,0.0,0.0,0.0,0.0,down,0.01,2026-08-18T11:51:41,0.0,0.00999999977648258,229.4873,2026-09-07 20:11:28,2026-09-07 16:15:05
NVDA,NVDA261218P00021000,NVDA,2026-12-18,P,21.0,0.0,0.0,0.12,9.0,1.6688,752.0,0.0,-0.0002,0.0,0.0008,-0.0005,-0.0001,0.0085,0.0,0.0,0.0,0.0,no_change,0.03,2026-04-29T12:23:31,0.0,0.0599999986588955,229.4873,2026-09-07 20:11:28,2026-09-07 16:15:05
NVDA,NVDA261218P00022000,NVDA,2026-12-18,P,22.0,0.0,0.0,0.12,9.0,1.6354,2262.0,0.0,-0.0002,0.0,0.0009,-0.0006,-0.0001,0.0091,0.0,0.0,0.0,0.0,up,0.14,2026-07-28T15:11:26,0.0,0.0599999986588955,229.4873,2026-09-07 20:11:28,2026-09-07 16:15:05
NVDA,NVDA261218P00023000,NVDA,2026-12-18,P,23.0,0.0,0.0,0.04,1.0,1.4468,872.0,0.0,-0.0002,0.0,0.001,-0.0006,-0.0001,0.0097,0.0,0.0,0.0,0.0,no_change,0.03,2026-05-20T14:21:17,0.0,0.0199999995529652,229.4873,2026-09-07 20:11:28,2026-09-07 16:15:05
NVDA,NVDA261218P00024000,NVDA,2026-12-18,P,24.0,0.0,0.0,0.08,23.0,1.5115,804.0,0.0,-0.0002,0.0,0.001,-0.0006,-0.0002,0.0104,0.0,0.0,0.0,0.0,down,0.01,2026-08-28T11:38:17,0.0,0.0399999991059303,229.4873,2026-09-07 20:11:28,2026-09-07 16:15:05
NVDA,NVDA261218P00025000,NVDA,2026-12-18,P,25.0,0.0,0.0,0.02,2.0,1.3167,30133.0,0.0,-0.0002,0.0,0.0011,-0.0006,-0.0002,0.0111,0.0,0.0,0.0,0.0,no_change,0.01,2026-08-27T11:18:07,0.0,0.00999999977648258,229.4873,2026-09-07 20:11:28,2026-09-07 16:15:05
NVDA,NVDA261218P00026000,NVDA,2026-12-18,P,26.0,0.0,0.0,0.12,45.0,1.5163,1277.0,0.0,-0.0003,0.0,0.0012,-0.0007,-0.0002,0.0118,0.0,0.0,0.0,0.0,no_change,0.01,2026-08-28T11:38:28,0.0,0.0599999986588955,229.4873,2026-09-07 20:11:28,2026-09-07 16:15:05
NVDA,NVDA261218P00027000,NVDA,2026-12-18,P,27.0,0.0,0.0,0.03,1.0,1.3126,1304.0,0.0,-0.0003,0.0,0.0012,-0.0007,-0.0002,0.0126,0.0,0.0,0.0,0.0,down,0.02,2026-08-21T13:55:22,0.0,0.0149999996647239,229.4873,2026-09-07 20:11:28,2026-09-07 16:15:05
NVDA,NVDA261218P00028000,NVDA,2026-12-18,P,28.0,0.0,0.0,0.03,1.0,1.2901,4781.0,0.0,-0.0003,0.0,0.0013,-0.0008,-0.0002,0.0133,0.0,0.0,0.0,0.0,down,0.01,2026-08-21T13:55:49,0.0,0.0149999996647239,229.4873,2026-09-07 20:11:28,2026-09-07 16:15:05
NVDA,NVDA261218P00029000,NVDA,2026-12-18,P,29.0,0.0,0.0,0.12,25.0,1.4393,782.0,0.0,-0.0003,0.0,0.0014,-0.0008,-0.0002,0.0141,0.0,0.0,0.0,0.0,down,0.01,2026-08-27T15:53:39,0.0,0.0599999986588955,229.4873,2026-09-07 20:11:28,2026-09-07 16:15:05
NVDA,NVDA261218P00030000,NVDA,2026-12-18,P,30.0,0.0,0.0,0.03,1.0,1.2476,4925.0,10.0,-0.0003,0.0,0.0015,-0.0008,-0.0002,0.015,-0.005,0.01,0.01,0.01,no_change,0.01,2026-09-04T09:30:02,-33.3333,0.0149999996647239,229.4873,2026-09-07 20:11:28,2026-09-07 16:15:05
NVDA,NVDA261218P00031000,NVDA,2026-12-18,P,31.0,0.0,0.0,0.12,193.0,1.3925,1178.0,3.0,-0.0004,0.0,0.0016,-0.0009,-0.0003,0.0158,-0.04,0.02,0.02,0.02,no_change,0.02,2026-09-04T11:15:38,-66.6667,0.0599999986588955,229.4873,2026-09-07 20:11:28,2026-09-07 16:15:05
NVDA,NVDA261218P00032000,NVDA,2026-12-18,P,32.0,0.0,0.0,0.13,112.0,1.3815,2327.0,2.0,-0.0004,0.0,0.0017,-0.0009,-0.0003,0.0167,0.045,0.06,0.06,0.06,no_change,0.06,2026-09-04T11:03:00,300.0,0.0649999976158142,229.4873,2026-09-07 20:11:28,2026-09-07 16:15:05
NVDA,NVDA261218P00033000,NVDA,2026-12-18,P,33.0,0.0,0.0,0.03,11.0,1.1891,2732.0,0.0,-0.0004,0.0,0.0018,-0.001,-0.0003,0.0176,0.0,0.0,0.0,0.0,no_change,0.01,2026-09-03T09:51:55,0.0,0.0149999996647239,229.4873,2026-09-07 20:11:28,2026-09-07 16:15:05
NVDA,NVDA261218P00034000,NVDA,2026-12-18,P,34.0,0.01,15.0,0.06,30.0,1.2606,1909.0,11.0,-0.0004,0.0,0.0019,-0.001,-0.0003,0.0186,0.015,0.01,0.07,0.01,up,0.07,2026-09-04T11:03:22,27.2727,0.0449999989941716,229.4873,2026-09-07 20:11:28,2026-09-07 16:15:05
NVDA,NVDA261218P00035000,NVDA,2026-12-18,P,35.0,0.01,3.0,0.03,1.0,1.1812,2631.0,0.0,-0.0005,0.0,0.002,-0.0011,-0.0003,0.0196,0.0,0.0,0.0,0.0,up,0.03,2026-09-03T09:36:48,0.0,0.0199999995529652,229.4873,2026-09-07 20:11:28,2026-09-07 16:15:05
NVDA,NVDA261218P00036000,NVDA,2026-12-18,P,36.0,0.0,0.0,0.07,18.0,1.2382,513.0,4.0,-0.0005,0.0,0.0021,-0.0011,-0.0004,0.0206,0.025,0.07,0.08,0.07,up,0.08,2026-09-04T13:05:23,45.4545,0.0449999989941716,229.4873,2026-09-07 20:11:28,2026-09-07 16:15:05
NVDA,NVDA261218P00037000,NVDA,2026-12-18,P,37.0,0.0,0.0,0.07,10.0,1.22,648.0,15.0,-0.0005,0.0,0.0023,-0.0012,-0.0004,0.0217,0.035,0.02,0.08,0.02,no_change,0.08,2026-09-04T13:03:26,77.7778,0.0449999989941716,229.4873,2026-09-07 20:11:28,2026-09-07 16:15:05
NVDA,NVDA261218P00038000,NVDA,2026-12-18,P,38.0,0.0,0.0,0.28,40.0,1.2159,974.0,29.0,-0.0006,0.0,0.0024,-0.0012,-0.0004,0.0228,0.025,0.07,0.08,0.02,no_change,0.08,2026-09-04T13:03:04,45.4545,0.0449999989941716,229.4873,2026-09-07 20:11:28,2026-09-07 16:15:05
NVDA,NVDA261218P00039000,NVDA,2026-12-18,P,39.0,0.0,0.0,0.13,79.0,1.2525,461.0,16.0,-0.0006,0.0,0.0025,-0.0013,-0.0004,0.0239,-0.035,0.07,0.08,0.02,no_change,0.02,2026-09-04T13:08:32,-63.6364,0.0699999975040555,229.4873,2026-09-07 20:11:28,2026-09-07 16:15:05
NVDA,NVDA261218P00040000,NVDA,2026-12-18,P,40.0,0.0,0.0,0.11,20.0,1.1193,7339.0,0.0,-0.0006,0.0,0.0026,-0.0013,-0.0004,0.0251,0.0,0.0,0.0,0.0,up,0.03,2026-09-03T10:05:09,0.0,0.0599999995902181,229.4873,2026-09-07 20:11:28,2026-09-07 16:15:05
NVDA,NVDA261218P00041000,NVDA,2026-12-18,P,41.0,0.01,1.0,0.05,1.0,1.122,1315.0,0.0,-0.0006,0.0,0.0028,-0.0014,-0.0005,0.0262,0.0,0.0,0.0,0.0,down,0.03,2026-09-02T10:00:56,0.0,0.0300000002607703,229.4873,2026-09-07 20:11:28,2026-09-07 16:15:05
NVDA,NVDA261218P00042000,NVDA,2026-12-18,P,42.0,0.0,0.0,0.08,16.0,1.149,621.0,14.0,-0.0007,0.0,0.0029,-0.0014,-0.0005,0.0275,-0.045,0.09,0.09,0.01,down,0.01,2026-09-04T13:22:36,-81.8182,0.0449999989941716,229.4873,2026-09-07 20:11:28,2026-09-07 16:15:05
NVDA,NVDA261218P00043000,NVDA,2026-12-18,P,43.0,0.0,0.0,0.05,1.0,1.0913,875.0,0.0,-0.0007,0.0,0.0031,-0.0015,-0.0005,0.0288,0.0,0.0,0.0,0.0,up,0.03,2026-09-02T14:50:03,0.0,0.0300000002607703,229.4873,2026-09-07 20:11:28,2026-09-07 16:15:05
NVDA,NVDA261218P00044000,NVDA,2026-12-18,P,44.0,0.0,0.0,0.27,102.0,1.1055,1577.0,9.0,-0.0008,0.0,0.0032,-0.0016,-0.0006,0.0301,0.015,0.07,0.09,0.07,no_change,0.07,2026-09-04T15:50:32,27.2727,0.0500000016763806,229.4873,2026-09-07 20:11:28,2026-09-07 16:15:05
NVDA,NVDA261218P00045000,NVDA,2026-12-18,P,45.0,0.0,0.0,0.05,1.0,1.0622,12968.0,2.0,-0.0008,0.0,0.0034,-0.0016,-0.0006,0.0315,0.0,0.03,0.03,0.03,no_change,0.03,2026-09-04T15:50:52,-8.69234e-07,0.0300000002607703,229.4873,2026-09-07 20:11:28,2026-09-07 16:15:05
NVDA,NVDA261218P00046000,NVDA,2026-12-18,P,46.0,0.0,0.0,0.09,10.0,1.0997,1900.0,6.0,-0.0008,0.0,0.0035,-0.0017,-0.0006,0.0329,0.04,0.07,0.09,0.07,no_change,0.09,2026-09-04T12:52:10,80.0,0.0500000016763806,229.4873,2026-09-07 20:11:28,2026-09-07 16:15:05
NVDA,NVDA261218P00047000,NVDA,2026-12-18,P,47.0,0.0,0.0,0.06,1.0,1.049,2766.0,0.0,-0.0009,0.0,0.0037,-0.0017,-0.0006,0.0344,0.0,0.0,0.0,0.0,no_change,0.07,2026-09-01T13:50:29,0.0,0.034999999217689,229.4873,2026-09-07 20:11:28,2026-09-07 16:15:05
NVDA,NVDA261218P00048000,NVDA,2026-12-18,P,48.0,0.0,0.0,0.08,18.0,1.0602,1610.0,2.0,-0.0009,0.0,0.0039,-0.0018,-0.0007,0.0359,0.03,0.08,0.08,0.08,no_change,0.08,2026-09-04T11:07:15,60.0,0.0449999989941716,229.4873,2026-09-07 20:11:28,2026-09-07 16:15:05
NVDA,NVDA261218P00049000,NVDA,2026-12-18,P,49.0,0.0,0.0,0.07,33.0,1.0349,1934.0,9.0,-0.001,0.0,0.004,-0.0019,-0.0007,0.0374,0.015,0.08,0.09,0.07,no_change,0.07,2026-09-04T15:50:13,27.2727,0.0800000028684735,229.4873,2026-09-07 20:11:28,2026-09-07 16:15:05
NVDA,NVDA261218P00050000,NVDA,2026-12-18,P,50.0,0.01,10.0,0.06,1.0,0.9951,13012.0,522.0,-0.001,0.0,0.0042,-0.0019,-0.0007,0.039,-0.015,0.02,0.05,0.02,no_change,0.03,2026-09-04T15:50:20,-33.3333,0.0350000001490116,229.4873,2026-09-07 20:11:28,2026-09-07 16:15:05
NVDA,NVDA261218P00051000,NVDA,2026-12-18,P,51.0,0.0,0.0,0.1,24.0,1.0404,2004.0,61.0,-0.0011,0.0,0.0044,-0.002,-0.0008,0.0407,-0.04,0.03,0.1,0.03,down,0.04,2026-09-04T14:24:58,-50.0,0.0550000006332994,229.4873,2026-09-07 20:11:28,2026-09-07 16:15:05
NVDA,NVDA261218P00052000,NVDA,2026-12-18,P,52.0,0.0,0.0,0.08,11.0,1.0073,1468.0,91.0,-0.0011,0.0,0.0046,-0.0021,-0.0008,0.0424,-0.005,0.04,0.04,0.04,no_change,0.04,2026-09-04T14:33:32,-11.1111,0.0549999987706542,229.4873,2026-09-07 20:11:28,2026-09-07 16:15:05
NVDA,NVDA261218P00053000,NVDA,2026-12-18,P,53.0,0.0,0.0,0.15,76.0,1.0544,729.0,22.0,-0.0012,0.0,0.0048,-0.0022,-0.0008,0.0442,-0.05,0.03,0.09,0.03,down,0.03,2026-09-04T13:21:36,-62.5,0.084999998100102,229.4873,2026-09-07 20:11:28,2026-09-07 16:15:05
NVDA,NVDA261218P00054000,NVDA,2026-12-18,P,54.0,0.01,10.0,0.08,30.0,0.9826,1886.0,235.0,-0.0012,0.0,0.005,-0.0022,-0.0009,0.046,0.02,0.03,0.05,0.03,no_change,0.05,2026-09-04T14:22:47,66.6667,0.0449999989941716,229.4873,2026-09-07 20:11:28,2026-09-07 16:15:05
NVDA,NVDA261218P00055000,NVDA,2026-12-18,P,55.0,0.01,51.0,0.08,1.0,0.9475,8428.0,9.0,-0.0013,0.0,0.0052,-0.0023,-0.0009,0.0479,-0.005,0.04,0.04,0.03,down,0.03,2026-09-04T13:23:14,-14.2857,0.0449999989941716,229.4873,2026-09-07 20:11:28,2026-09-07 16:15:05
NVDA,NVDA261218P00056000,NVDA,2026-12-18,P,56.0,0.01,38.0,0.11,251.0,0.9863,1938.0,15.0,-0.0014,0.0,0.0054,-0.0024,-0.001,0.0497,0.02,0.11,0.11,0.05,down,0.05,2026-09-04T13:11:26,66.6667,0.0599999995902181,229.4873,2026-09-07 20:11:28,2026-09-07 16:15:05
NVDA,NVDA261218P00057000,NVDA,2026-12-18,P,57.0,0.0,0.0,0.07,9.0,0.9471,5474.0,66.0,-0.0014,0.0,0.0057,-0.0024,-0.001,0.0517,0.005,0.05,0.05,0.05,no_change,0.05,2026-09-04T12:37:43,11.1111,0.084999998100102,229.4873,2026-09-07 20:11:28,2026-09-07 16:15:05
NVDA,NVDA261218P00058000,NVDA,2026-12-18,P,58.0,0.01,20.0,0.27,16.0,0.925,5109.0,9.0,-0.0015,0.0,0.0059,-0.0025,-0.0011,0.0538,0.055,0.04,0.1,0.04,up,0.1,2026-09-04T12:54:07,122.222,0.0550000006332994,229.4873,2026-09-07 20:11:28,2026-09-07 16:15:05
NVDA,NVDA261218P00059000,NVDA,2026-12-18,P,59.0,0.01,20.0,0.17,55.0,0.9922,423.0,5.0,-0.0015,0.0,0.0062,-0.0026,-0.0011,0.0559,0.04,0.09,0.1,0.09,no_change,0.1,2026-09-04T13:09:14,66.6667,0.090000000782311,229.4873,2026-09-07 20:11:28,2026-09-07 16:15:05
NVDA,NVDA261218P00060000,NVDA,2026-12-18,P,60.0,0.01,1.0,0.08,1.0,0.9228,13546.0,0.0,-0.0016,0.0,0.0064,-0.0027,-0.0012,0.058,0.0,0.0,0.0,0.0,down,0.05,2026-09-02T10:00:26,0.0,0.0499999988824129,229.4873,2026-09-07 20:11:28,2026-09-07 16:15:05
NVDA,NVDA261218P00061000,NVDA,2026-12-18,P,61.0,0.01,20.0,0.17,378.0,0.9688,1988.0,11.0,-0.0017,0.0,0.0067,-0.0028,-0.0012,0.0602,0.015,0.09,0.1,0.09,no_change,0.1,2026-09-04T13:12:02,17.6471,0.090000000782311,229.4873,2026-09-07 20:11:28,2026-09-07 16:15:05
NVDA,NVDA261218P00062000,NVDA,2026-12-18,P,62.0,0.01,10.0,0.1,1.0,0.9097,1230.0,0.0,-0.0018,0.0,0.007,-0.0029,-0.0012,0.0625,0.0,0.0,0.0,0.0,no_change,0.06,2026-09-02T13:00:58,0.0,0.0550000006332994,229.4873,2026-09-07 20:11:28,2026-09-07 16:15:05
NVDA,NVDA261218P00063000,NVDA,2026-12-18,P,63.0,0.01,95.0,0.17,301.0,0.9462,679.0,10.0,-0.0018,0.0,0.0072,-0.003,-0.0013,0.0649,0.02,0.09,0.11,0.09,no_change,0.11,2026-09-04T13:10:57,22.2222,0.0599999995902181,229.4873,2026-09-07 20:11:28,2026-09-07 16:15:05
NVDA,NVDA261218P00064000,NVDA,2026-12-18,P,64.0,0.01,10.0,0.1,1.0,0.8885,1747.0,0.0,-0.0019,0.0,0.0075,-0.0031,-0.0014,0.0674,0.0,0.0,0.0,0.0,down,0.07,2026-09-02T10:14:15,0.0,0.0550000006332994,229.4873,2026-09-07 20:11:28,2026-09-07 16:15:05
NVDA,NVDA261218P00065000,NVDA,2026-12-18,P,65.0,0.0,0.0,0.14,135.0,0.8859,15682.0,1.0,-0.002,0.0001,0.0078,-0.0032,-0.0014,0.0699,0.0,0.06,0.06,0.06,no_change,0.06,2026-09-04T10:11:21,2.23517e-06,0.0749999983236194,229.4873,2026-09-07 20:11:28,2026-09-07 16:15:05
NVDA,NVDA261218P00066000,NVDA,2026-12-18,P,66.0,0.02,20.0,0.18,153.0,0.9242,472.0,5.0,-0.0021,0.0001,0.0081,-0.0032,-0.0015,0.0724,0.035,0.09,0.11,0.09,no_change,0.11,2026-09-04T13:11:13,46.6667,0.0850000027567148,229.4873,2026-09-07 20:11:28,2026-09-07 16:15:05
NVDA,NVDA261218P00067000,NVDA,2026-12-18,P,67.0,0.03,20.0,0.18,104.0,0.9185,1225.0,1.0,-0.0022,0.0001,0.0084,-0.0034,-0.0015,0.0751,0.0,0.1,0.1,0.1,down,0.1,2026-09-04T13:12:28,-3.35276e-06,0.109999998472631,229.4873,2026-09-07 20:11:28,2026-09-07 16:15:05
NVDA,NVDA261218P00068000,NVDA,2026-12-18,P,68.0,0.04,1.0,0.11,1.0,0.8623,4394.0,0.0,-0.0022,0.0001,0.0087,-0.0034,-0.0016,0.0779,0.0,0.0,0.0,0.0,up,0.06,2026-09-02T11:26:33,0.0,0.0749999992549419,229.4873,2026-09-07 20:11:28,2026-09-07 16:15:05
NVDA,NVDA261218P00069000,NVDA,2026-12-18,P,69.0,0.01,66.0,0.19,592.0,0.8928,1553.0,13.0,-0.0023,0.0001,0.009,-0.0036,-0.0017,0.0806,0.01,0.11,0.11,0.06,no_change,0.06,2026-09-04T13:15:38,20.0,0.0599999995902181,229.4873,2026-09-07 20:11:28,2026-09-07 16:15:05
NVDA,NVDA261218P00070000,NVDA,2026-12-18,P,70.0,0.03,1.0,0.11,2428.0,0.8556,9849.0,328.0,-0.0024,0.0001,0.0093,-0.0036,-0.0017,0.0835,0.01,0.08,0.1,0.07,down,0.08,2026-09-04T15:48:57,14.2857,0.0750000011175871,229.4873,2026-09-07 20:11:28,2026-09-07 16:15:05
NVDA,NVDA261218P00071000,NVDA,2026-12-18,P,71.0,0.02,10.0,0.39,16.0,0.8774,2707.0,3.0,-0.0025,0.0001,0.0097,-0.0038,-0.0018,0.0864,0.04,0.05,0.11,0.05,up,0.11,2026-09-04T13:22:51,57.1429,0.10499999858439,229.4873,2026-09-07 20:11:28,2026-09-07 16:15:05
NVDA,NVDA261218P00072000,NVDA,2026-12-18,P,72.0,0.01,16.0,0.34,97.0,0.8098,14409.0,17.0,-0.0026,0.0001,0.01,-0.0039,-0.0019,0.0895,0.015,0.08,0.12,0.06,up,0.09,2026-09-04T15:49:19,20.0,0.104999996721745,229.4873,2026-09-07 20:11:28,2026-09-07 16:15:05
NVDA,NVDA261218P00073000,NVDA,2026-12-18,P,73.0,0.01,20.0,0.2,109.0,0.8574,615.0,3.0,-0.0027,0.0001,0.0104,-0.004,-0.0019,0.0927,0.07,0.1,0.12,0.1,up,0.12,2026-09-04T13:23:12,140.0,0.105000001378357,229.4873,2026-09-07 20:11:28,2026-09-07 16:15:05
NVDA,NVDA261218P00074000,NVDA,2026-12-18,P,74.0,0.01,71.0,0.2,384.0,0.8477,990.0,1.0,-0.0028,0.0001,0.0108,-0.0041,-0.002,0.0959,0.065,0.12,0.12,0.12,up,0.12,2026-09-04T13:23:01,118.182,0.105000001378357,229.4873,2026-09-07 20:11:28,2026-09-07 16:15:05
NVDA,NVDA261218P00075000,NVDA,2026-12-18,P,75.0,0.05,37.0,0.12,1.0,0.8241,18439.0,206.0,-0.003,0.0001,0.0112,-0.0042,-0.0021,0.0992,-0.025,0.07,0.1,0.06,down,0.06,2026-09-04T12:08:33,-29.4118,0.0899999979883432,229.4873,2026-09-07 20:11:28,2026-09-07 16:15:05
NVDA,NVDA261218P00076000,NVDA,2026-12-18,P,76.0,0.01,56.0,0.21,73.0,0.8332,2339.0,2.0,-0.0031,0.0001,0.0116,-0.0043,-0.0022,0.1026,0.005,0.06,0.06,0.06,down,0.06,2026-09-04T11:18:39,9.09091,0.109999996609986,229.4873,2026-09-07 20:11:28,2026-09-07 16:15:05
NVDA,NVDA261218P00077000,NVDA,2026-12-18,P,77.0,0.01,99.0,0.21,162.0,0.8239,2008.0,0.0,-0.0032,0.0001,0.012,-0.0044,-0.0023,0.1061,0.0,0.0,0.0,0.0,down,0.06,2026-09-03T14:20:32,0.0,0.109999996609986,229.4873,2026-09-07 20:11:28,2026-09-07 16:15:05
NVDA,NVDA261218P00078000,NVDA,2026-12-18,P,78.0,0.01,29.0,0.22,97.0,0.8188,2108.0,2.0,-0.0033,0.0001,0.0124,-0.0046,-0.0024,0.1097,0.0,0.06,0.06,0.06,down,0.06,2026-09-04T10:52:23,6.8297e-07,0.109999996609986,229.4873,2026-09-07 20:11:28,2026-09-07 16:15:05
NVDA,NVDA261218P00079000,NVDA,2026-12-18,P,79.0,0.03,20.0,0.14,13.0,0.783,826.0,3.0,-0.0034,0.0001,0.0128,-0.0047,-0.0024,0.1135,0.0,0.08,0.08,0.08,down,0.08,2026-09-04T13:00:24,-9.31323e-08,0.0799999972805381,229.4873,2026-09-07 20:11:28,2026-09-07 16:15:05
NVDA,NVDA261218P00080000,NVDA,2026-12-18,P,80.0,0.08,76.0,0.13,117.0,0.7966,13766.0,37.0,-0.0036,0.0001,0.0133,-0.0048,-0.0025,0.1173,-0.005,0.1,0.13,0.09,down,0.09,2026-09-04T14:40:25,-5.26316,0.104999996721745,229.4873,2026-09-07 20:11:28,2026-09-07 16:15:05
NVDA,NVDA261218P00081000,NVDA,2026-12-18,P,81.0,0.03,398.0,0.23,418.0,0.8032,1882.0,0.0,-0.0037,0.0001,0.0137,-0.0049,-0.0026,0.1212,0.0,0.0,0.0,0.0,up,0.14,2026-08-28T15:31:31,0.0,0.109999998472631,229.4873,2026-09-07 20:11:28,2026-09-07 16:15:05
NVDA,NVDA261218P00082000,NVDA,2026-12-18,P,82.0,0.08,5.0,0.14,90.0,0.7832,3175.0,0.0,-0.0038,0.0001,0.0142,-0.0051,-0.0027,0.1252,0.0,0.0,0.0,0.0,no_change,0.13,2026-09-01T14:04:21,0.0,0.125000001862645,229.4873,2026-09-07 20:11:28,2026-09-07 16:15:05
NVDA,NVDA261218P00083000,NVDA,2026-12-18,P,83.0,0.04,285.0,0.2,193.0,0.7783,1133.0,0.0,-0.004,0.0001,0.0146,-0.0052,-0.0028,0.1294,0.0,0.0,0.0,0.0,down,0.13,2026-09-02T11:37:22,0.0,0.120000001043081,229.4873,2026-09-07 20:11:28,2026-09-07 16:15:05
NVDA,NVDA261218P00084000,NVDA,2026-12-18,P,84.0,0.04,373.0,0.24,478.0,0.7837,1168.0,0.0,-0.0041,0.0001,0.0151,-0.0053,-0.0029,0.1336,0.0,0.0,0.0,0.0,no_change,0.09,2026-09-01T14:04:00,0.0,0.140000000596046,229.4873,2026-09-07 20:11:28,2026-09-07 16:15:05
NVDA,NVDA261218P00085000,NVDA,2026-12-18,P,85.0,0.03,140.0,0.15,117.0,0.7684,8313.0,570.0,-0.0043,0.0001,0.0156,-0.0055,-0.003,0.1379,-0.01,0.11,0.14,0.1,no_change,0.11,2026-09-04T12:24:28,-8.33333,0.125,229.4873,2026-09-07 20:11:28,2026-09-07 16:15:05
NVDA,NVDA261218P00086000,NVDA,2026-12-18,P,86.0,0.0,0.0,0.15,65.0,0.7599,4124.0,0.0,-0.0044,0.0001,0.0161,-0.0056,-0.0031,0.1424,0.0,0.0,0.0,0.0,down,0.12,2026-08-28T13:42:36,0.0,0.129999997094274,229.4873,2026-09-07 20:11:28,2026-09-07 16:15:05
NVDA,NVDA261218P00087000,NVDA,2026-12-18,P,87.0,0.06,349.0,0.25,434.0,0.7678,769.0,1.0,-0.0046,0.0001,0.0167,-0.0058,-0.0032,0.1471,-0.005,0.14,0.14,0.14,up,0.14,2026-09-04T15:20:00,-3.44828,0.144999999552965,229.4873,2026-09-07 20:11:28,2026-09-07 16:15:05
NVDA,NVDA261218P00088000,NVDA,2026-12-18,P,88.0,0.06,219.0,0.18,69.0,0.7365,998.0,0.0,-0.0048,0.0001,0.0172,-0.0059,-0.0034,0.1517,0.0,0.0,0.0,0.0,down,0.12,2026-08-28T13:44:02,0.0,0.120000002905726,229.4873,2026-09-07 20:11:28,2026-09-07 16:15:05
NVDA,NVDA261218P00089000,NVDA,2026-12-18,P,89.0,0.12,48.0,0.17,86.0,0.7479,7723.0,0.0,-0.0049,0.0001,0.0178,-0.0061,-0.0035,0.1566,0.0,0.0,0.0,0.0,down,0.19,2026-08-26T13:25:43,0.0,0.184999994933605,229.4873,2026-09-07 20:11:28,2026-09-07 16:15:05
NVDA,NVDA261218P00090000,NVDA,2026-12-18,P,90.0,0.13,86.0,0.18,133.0,0.7426,19103.0,8.0,-0.0051,0.0002,0.0184,-0.0062,-0.0036,0.1615,0.01,0.15,0.18,0.13,up,0.16,2026-09-04T15:48:57,6.66667,0.140000000596046,229.4873,2026-09-07 20:11:28,2026-09-07 16:15:05
NVDA,NVDA261218P00091000,NVDA,2026-12-18,P,91.0,0.07,359.0,0.23,431.0,0.7319,2086.0,0.0,-0.0053,0.0002,0.019,-0.0064,-0.0037,0.1667,0.0,0.0,0.0,0.0,down,0.19,2026-08-26T13:31:05,0.0,0.150000002235174,229.4873,2026-09-07 20:11:28,2026-09-07 16:15:05
NVDA,NVDA261218P00092000,NVDA,2026-12-18,P,92.0,0.07,9.0,0.25,9.0,0.7296,2395.0,0.0,-0.0055,0.0002,0.0196,-0.0065,-0.0039,0.172,0.0,0.0,0.0,0.0,no_change,0.24,2026-08-28T13:21:37,0.0,0.154999997466803,229.4873,2026-09-07 20:11:28,2026-09-07 16:15:05
NVDA,NVDA261218P00093000,NVDA,2026-12-18,P,93.0,0.07,9.0,0.27,10.0,0.727,2452.0,0.0,-0.0057,0.0002,0.0202,-0.0067,-0.004,0.1774,0.0,0.0,0.0,0.0,no_change,0.14,2026-08-28T13:21:40,0.0,0.17000000551343,229.4873,2026-09-07 20:11:28,2026-09-07 16:15:05
NVDA,NVDA261218P00094000,NVDA,2026-12-18,P,94.0,0.06,513.0,0.28,296.0,0.7191,996.0,0.0,-0.0059,0.0002,0.0209,-0.0068,-0.0042,0.1829,0.0,0.0,0.0,0.0,up,0.19,2026-09-01T12:39:09,0.0,0.170000001788139,229.4873,2026-09-07 20:11:28,2026-09-07 16:15:05
NVDA,NVDA261218P00095000,NVDA,2026-12-18,P,95.0,0.16,1.0,0.2,71.0,0.716,5858.0,26.0,-0.0061,0.0002,0.0215,-0.007,-0.0043,0.1886,-0.005,0.16,0.19,0.16,down,0.17,2026-09-04T10:10:20,-2.85715,0.219999998807907,229.4873,2026-09-07 20:11:28,2026-09-07 16:15:05
NVDA,NVDA261218P00096000,NVDA,2026-12-18,P,96.0,0.1,326.0,0.29,403.0,0.7157,2008.0,2.0,-0.0063,0.0002,0.0222,-0.0072,-0.0044,0.1945,-0.01,0.18,0.18,0.18,down,0.18,2026-09-04T12:09:54,-5.26316,0.194999996572733,229.4873,2026-09-07 20:11:28,2026-09-07 16:15:05
NVDA,NVDA261218P00097000,NVDA,2026-12-18,P,97.0,0.1,231.0,0.28,205.0,0.7056,1327.0,0.0,-0.0065,0.0002,0.0228,-0.0074,-0.0046,0.2005,0.0,0.0,0.0,0.0,down,0.18,2026-09-02T11:15:39,0.0,0.190000005066395,229.4873,2026-09-07 20:11:28,2026-09-07 16:15:05
NVDA,NVDA261218P00098000,NVDA,2026-12-18,P,98.0,0.09,58.0,0.3,58.0,0.7002,940.0,0.0,-0.0068,0.0002,0.0235,-0.0075,-0.0047,0.2066,0.0,0.0,0.0,0.0,no_change,0.25,2026-08-31T11:09:16,0.0,0.195000007748604,229.4873,2026-09-07 20:11:28,2026-09-07 16:15:05
NVDA,NVDA261218P00099000,NVDA,2026-12-18,P,99.0,0.09,295.0,0.24,73.0,0.6781,2673.0,0.0,-0.007,0.0002,0.0242,-0.0077,-0.0049,0.213,0.0,0.0,0.0,0.0,down,0.14,2026-09-03T11:01:13,0.0,0.179999995976686,229.4873,2026-09-07 20:11:28,2026-09-07 16:15:05
NVDA,NVDA261218P00100000,NVDA,2026-12-18,P,100.0,0.19,64.0,0.24,71.0,0.6936,28535.0,102.0,-0.0072,0.0002,0.025,-0.0079,-0.0051,0.2194,0.005,0.2,0.22,0.19,up,0.21,2026-09-04T14:05:39,2.43903,0.21000000089407,229.4873,2026-09-07 20:11:28,2026-09-07 16:15:05
NVDA,NVDA261218P00101000,NVDA,2026-12-18,P,101.0,0.2,20.0,0.24,13.0,0.6881,5318.0,1.0,-0.0075,0.0002,0.0257,-0.0081,-0.0052,0.2261,-0.015,0.19,0.19,0.19,down,0.19,2026-09-04T14:14:22,-7.31707,0.234999999403954,229.4873,2026-09-07 20:11:28,2026-09-07 16:15:05
NVDA,NVDA261218P00102000,NVDA,2026-12-18,P,102.0,0.19,52.0,0.28,88.0,0.6866,929.0,2.0,-0.0077,0.0002,0.0265,-0.0083,-0.0054,0.2329,0.035,0.23,0.23,0.23,up,0.23,2026-09-04T14:55:59,17.9487,0.235000006854534,229.4873,2026-09-07 20:11:28,2026-09-07 16:15:05
NVDA,NVDA261218P00103000,NVDA,2026-12-18,P,103.0,0.16,246.0,0.34,333.0,0.6847,1569.0,10.0,-0.008,0.0003,0.0273,-0.0084,-0.0056,0.2399,-0.015,0.2,0.2,0.2,down,0.2,2026-09-04T09:30:01,-6.97675,0.255000002682209,229.4873,2026-09-07 20:11:28,2026-09-07 16:15:05
NVDA,NVDA261218P00104000,NVDA,2026-12-18,P,104.0,0.2,55.0,0.28,37.0,0.6735,780.0,2.0,-0.0083,0.0003,0.0281,-0.0086,-0.0058,0.2471,0.055,0.25,0.25,0.25,up,0.25,2026-09-04T14:55:59,28.2051,0.240000002086163,229.4873,2026-09-07 20:11:28,2026-09-07 16:15:05
NVDA,NVDA261218P00105000,NVDA,2026-12-18,P,105.0,0.13,10.0,0.28,5.0,0.6501,5940.0,2.0,-0.0086,0.0003,0.0289,-0.0088,-0.006,0.2546,-0.005,0.24,0.24,0.23,down,0.23,2026-09-04T11:20:10,-2.12766,0.239999994635582,229.4873,2026-09-07 20:11:28,2026-09-07 16:15:05
NVDA,NVDA261218P00106000,NVDA,2026-12-18,P,106.0,0.14,490.0,0.36,342.0,0.6625,864.0,0.0,-0.0088,0.0003,0.0298,-0.009,-0.0062,0.2621,0.0,0.0,0.0,0.0,down,0.27,2026-08-31T12:35:25,0.0,0.240000002086163,229.4873,2026-09-07 20:11:28,2026-09-07 16:15:05
NVDA,NVDA261218P00107000,NVDA,2026-12-18,P,107.0,0.17,353.0,0.37,460.0,0.6621,1533.0,0.0,-0.0091,0.0003,0.0307,-0.0092,-0.0064,0.2699,0.0,0.0,0.0,0.0,no_change,0.25,2026-09-03T12:39:44,0.0,0.275000005960464,229.4873,2026-09-07 20:11:28,2026-09-07 16:15:05
NVDA,NVDA261218P00108000,NVDA,2026-12-18,P,108.0,0.18,9.0,0.34,9.0,0.6514,2551.0,0.0,-0.0094,0.0003,0.0317,-0.0094,-0.0066,0.2779,0.0,0.0,0.0,0.0,down,0.26,2026-09-02T15:56:14,0.0,0.260000005364418,229.4873,2026-09-07 20:11:28,2026-09-07 16:15:05
NVDA,NVDA261218P00109000,NVDA,2026-12-18,P,109.0,0.18,357.0,0.39,429.0,0.652,622.0,0.0,-0.0098,0.0003,0.0327,-0.0097,-0.0068,0.2866,0.0,0.0,0.0,0.0,no_change,0.27,2026-09-02T15:55:18,0.0,0.284999996423721,229.4873,2026-09-07 20:11:28,2026-09-07 16:15:05
NVDA,NVDA261218P00110000,NVDA,2026-12-18,P,110.0,0.28,16.0,0.4,95.0,0.6484,18696.0,54.0,-0.0101,0.0003,0.0336,-0.0099,-0.007,0.2947,0.065,0.25,0.34,0.25,up,0.34,2026-09-04T15:14:20,23.6364,0.305000007152557,229.4873,2026-09-07 20:11:28,2026-09-07 16:15:05
NVDA,NVDA261218P00111000,NVDA,2026-12-18,P,111.0,0.2,237.0,0.38,97.0,0.6392,768.0,0.0,-0.0104,0.0004,0.0346,-0.0101,-0.0073,0.3039,0.0,0.0,0.0,0.0,no_change,0.28,2026-09-02T15:55:18,0.0,0.28999999910593,229.4873,2026-09-07 20:11:28,2026-09-07 16:15:05
NVDA,NVDA261218P00112000,NVDA,2026-12-18,P,112.0,0.05,42.0,0.57,50.0,0.6385,3833.0,1.0,-0.0108,0.0004,0.0355,-0.0103,-0.0075,0.3125,0.05,0.32,0.32,0.32,up,0.32,2026-09-04T14:56:17,18.5185,0.339999988675118,229.4873,2026-09-07 20:11:28,2026-09-07 16:15:05
NVDA,NVDA261218P00113000,NVDA,2026-12-18,P,113.0,0.26,22.0,0.36,4.0,0.6343,3303.0,0.0,-0.0111,0.0004,0.0365,-0.0106,-0.0078,0.3217,0.0,0.0,0.0,0.0,down,0.3,2026-09-03T12:06:56,0.0,0.359999999403954,229.4873,2026-09-07 20:11:28,2026-09-07 16:15:05
NVDA,NVDA261218P00114000,NVDA,2026-12-18,P,114.0,0.29,32.0,0.44,117.0,0.639,2178.0,0.0,-0.0115,0.0004,0.0376,-0.0108,-0.008,0.3317,0.0,0.0,0.0,0.0,up,0.32,2026-09-03T10:32:18,0.0,0.364999994635582,229.4873,2026-09-07 20:11:28,2026-09-07 16:15:05
NVDA,NVDA261218P00115000,NVDA,2026-12-18,P,115.0,0.23,221.0,0.38,25.0,0.613,6615.0,68.0,-0.0119,0.0004,0.0386,-0.011,-0.0083,0.3411,0.01,0.31,0.36,0.31,down,0.34,2026-09-04T10:11:01,3.0303,0.309999994933605,229.4873,2026-09-07 20:11:28,2026-09-07 16:15:05
NVDA,NVDA261218P00116000,NVDA,2026-12-18,P,116.0,0.13,7.0,0.4,6.0,0.6214,4857.0,0.0,-0.0123,0.0004,0.0397,-0.0113,-0.0085,0.3509,0.0,0.0,0.0,0.0,down,0.31,2026-09-03T10:25:14,0.0,0.359999999403954,229.4873,2026-09-07 20:11:28,2026-09-07 16:15:05
NVDA,NVDA261218P00117000,NVDA,2026-12-18,P,117.0,0.34,36.0,0.45,54.0,0.6254,1841.0,1.0,-0.0127,0.0004,0.0408,-0.0115,-0.0088,0.3616,0.1,0.4,0.4,0.4,up,0.4,2026-09-04T14:56:17,33.3333,0.400000005960464,229.4873,2026-09-07 20:11:28,2026-09-07 16:15:05
NVDA,NVDA261218P00118000,NVDA,2026-12-18,P,118.0,0.35,16.0,0.47,54.0,0.6218,1862.0,0.0,-0.0131,0.0004,0.042,-0.0118,-0.0091,0.3724,0.0,0.0,0.0,0.0,down,0.37,2026-09-02T13:39:02,0.0,0.409999996423721,229.4873,2026-09-07 20:11:28,2026-09-07 16:15:05
NVDA,NVDA261218P00119000,NVDA,2026-12-18,P,119.0,0.27,113.0,0.42,1.0,0.599,1286.0,0.0,-0.0135,0.0005,0.0432,-0.012,-0.0094,0.3833,0.0,0.0,0.0,0.0,down,0.39,2026-09-02T13:42:22,0.0,0.344999998807907,229.4873,2026-09-07 20:11:28,2026-09-07 16:15:05
NVDA,NVDA261218P00120000,NVDA,2026-12-18,P,120.0,0.37,59.0,0.42,53.0,0.6044,20739.0,34.0,-0.014,0.0005,0.0444,-0.0123,-0.0097,0.3946,0.005,0.37,0.39,0.37,up,0.39,2026-09-04T15:08:26,1.2987,0.390000000596046,229.4873,2026-09-07 20:11:28,2026-09-07 16:15:05
NVDA,NVDA261218P00121000,NVDA,2026-12-18,P,121.0,0.37,44.0,0.49,87.0,0.6058,895.0,0.0,-0.0144,0.0005,0.0456,-0.0125,-0.01,0.4053,0.0,0.0,0.0,0.0,no_change,0.41,2026-09-02T09:41:13,0.0,0.394999995827675,229.4873,2026-09-07 20:11:28,2026-09-07 16:15:05
NVDA,NVDA261218P00122000,NVDA,2026-12-18,P,122.0,0.39,52.0,0.53,213.0,0.6054,1581.0,2.0,-0.0149,0.0005,0.0469,-0.0128,-0.0103,0.4172,-0.025,0.4,0.42,0.4,up,0.42,2026-09-04T14:56:30,-5.61798,0.459999978542328,229.4873,2026-09-07 20:11:28,2026-09-07 16:15:05
NVDA,NVDA261218P00123000,NVDA,2026-12-18,P,123.0,0.39,63.0,0.52,214.0,0.5975,1444.0,3.0,-0.0154,0.0005,0.0483,-0.0131,-0.0107,0.4294,0.06,0.43,0.47,0.43,up,0.47,2026-09-04T14:56:30,14.6341,0.459999993443489,229.4873,2026-09-07 20:11:28,2026-09-07 16:15:05
NVDA,NVDA261218P00124000,NVDA,2026-12-18,P,124.0,0.42,35.0,0.47,18.0,0.5886,7525.0,45.0,-0.0159,0.0006,0.0498,-0.0133,-0.011,0.442,-0.015,0.43,0.43,0.43,down,0.43,2026-09-04T12:48:58,-3.37078,0.465000003576279,229.4873,2026-09-07 20:11:28,2026-09-07 16:15:05
NVDA,NVDA261218P00125000,NVDA,2026-12-18,P,125.0,0.43,102.0,0.48,56.0,0.5839,18600.0,1040.0,-0.0164,0.0006,0.0512,-0.0136,-0.0114,0.455,0.0,0.44,0.46,0.43,up,0.45,2026-09-04T14:47:15,-6.62274e-07,0.444999992847443,229.4873,2026-09-07 20:11:28,2026-09-07 16:15:05
NVDA,NVDA261218P00126000,NVDA,2026-12-18,P,126.0,0.43,41.0,0.58,372.0,0.5869,2967.0,16.0,-0.0169,0.0006,0.0526,-0.0139,-0.0117,0.4685,-0.01,0.45,0.46,0.45,up,0.46,2026-09-04T12:24:12,-2.12766,0.484999984502792,229.4873,2026-09-07 20:11:28,2026-09-07 16:15:05
NVDA,NVDA261218P00127000,NVDA,2026-12-18,P,127.0,0.46,10.0,0.51,5.0,0.5764,3289.0,1.0,-0.0175,0.0006,0.054,-0.0142,-0.0121,0.4824,0.01,0.49,0.49,0.49,down,0.49,2026-09-04T12:56:31,2.08333,0.479999989271164,229.4873,2026-09-07 20:11:28,2026-09-07 16:15:05
NVDA,NVDA261218P00128000,NVDA,2026-12-18,P,128.0,0.44,67.0,0.56,87.0,0.5726,1421.0,2.0,-0.018,0.0006,0.0555,-0.0145,-0.0125,0.4967,0.005,0.47,0.48,0.47,up,0.48,2026-09-04T13:43:43,1.05263,0.469999983906746,229.4873,2026-09-07 20:11:28,2026-09-07 16:15:05
NVDA,NVDA261218P00129000,NVDA,2026-12-18,P,129.0,0.47,63.0,0.55,72.0,0.5678,1646.0,11.0,-0.0186,0.0006,0.057,-0.0148,-0.0129,0.5114,-0.02,0.49,0.49,0.49,no_change,0.49,2026-09-04T12:24:33,-3.92157,0.500000014901161,229.4873,2026-09-07 20:11:28,2026-09-07 16:15:05
NVDA,NVDA261218P00130000,NVDA,2026-12-18,P,130.0,0.5,63.0,0.55,16.0,0.5638,13916.0,412.0,-0.0193,0.0007,0.0586,-0.0151,-0.0133,0.5267,-0.04,0.53,0.53,0.47,down,0.48,2026-09-04T13:25:40,-7.69231,0.520000010728836,229.4873,2026-09-07 20:11:28,2026-09-07 16:15:05
NVDA,NVDA261218P00132000,NVDA,2026-12-18,P,132.0,0.54,10.0,0.59,5.0,0.5575,3176.0,3.0,-0.0205,0.0007,0.0618,-0.0158,-0.0142,0.5586,0.0,0.53,0.53,0.52,down,0.52,2026-09-04T12:24:12,8.0237e-07,0.515000000596046,229.4873,2026-09-07 20:11:28,2026-09-07 16:15:05
NVDA,NVDA261218P00134000,NVDA,2026-12-18,P,134.0,0.57,37.0,0.62,23.0,0.5492,3370.0,12.0,-0.0219,0.0008,0.0653,-0.0165,-0.0151,0.5928,-0.01,0.5,0.58,0.5,up,0.58,2026-09-04T12:56:31,-1.69492,0.584999978542328,229.4873,2026-09-07 20:11:28,2026-09-07 16:15:05
NVDA,NVDA261218P00135000,NVDA,2026-12-18,P,135.0,0.59,34.0,0.64,68.0,0.5458,7587.0,3.0,-0.0226,0.0008,0.0671,-0.0168,-0.0156,0.6108,-0.08,0.57,0.6,0.53,down,0.53,2026-09-04T13:22:33,-13.1148,0.604999989271164,229.4873,2026-09-07 20:11:28,2026-09-07 16:15:05
NVDA,NVDA261218P00136000,NVDA,2026-12-18,P,136.0,0.6,48.0,0.66,74.0,0.5416,1816.0,2.0,-0.0234,0.0008,0.069,-0.0172,-0.0161,0.6294,-0.055,0.62,0.62,0.58,down,0.58,2026-09-04T12:24:33,-8.66142,0.614999979734421,229.4873,2026-09-07 20:11:28,2026-09-07 16:15:05
NVDA,NVDA261218P00138000,NVDA,2026-12-18,P,138.0,0.65,10.0,0.7,21.0,0.5352,4136.0,1.0,-0.025,0.0009,0.0732,-0.0179,-0.0172,0.6688,0.025,0.65,0.65,0.65,down,0.65,2026-09-04T12:56:02,4.0,0.655000001192093,229.4873,2026-09-07 20:11:28,2026-09-07 16:15:05
NVDA,NVDA261218P00140000,NVDA,2026-12-18,P,140.0,0.69,63.0,0.74,81.0,0.5277,17880.0,84.0,-0.0267,0.001,0.0774,-0.0187,-0.0184,0.7113,0.02,0.73,0.73,0.67,up,0.73,2026-09-04T15:52:30,2.8169,0.700000017881394,229.4873,2026-09-07 20:11:28,2026-09-07 16:15:05
NVDA,NVDA261218P00142000,NVDA,2026-12-18,P,142.0,0.72,47.0,0.87,54.0,0.525,2321.0,0.0,-0.0285,0.001,0.0816,-0.0195,-0.0196,0.7572,0.0,0.0,0.0,0.0,down,0.75,2026-09-03T09:54:35,0.0,0.764999985694885,229.4873,2026-09-07 20:11:28,2026-09-07 16:15:05
NVDA,NVDA261218P00144000,NVDA,2026-12-18,P,144.0,0.7,119.0,0.84,37.0,0.5092,2322.0,2.0,-0.0305,0.0011,0.0862,-0.0204,-0.021,0.8068,-0.09,0.75,0.75,0.75,down,0.75,2026-09-04T10:15:47,-10.7143,0.759999990463257,229.4873,2026-09-07 20:11:28,2026-09-07 16:15:05
NVDA,NVDA261218P00145000,NVDA,2026-12-18,P,145.0,0.81,67.0,0.86,6.0,0.5103,8416.0,91.0,-0.0316,0.0011,0.0886,-0.0209,-0.0217,0.834,-0.01,0.78,0.82,0.78,up,0.82,2026-09-04T14:43:37,-1.20482,0.825000017881394,229.4873,2026-09-07 20:11:28,2026-09-07 16:15:05
NVDA,NVDA261218P00146000,NVDA,2026-12-18,P,146.0,0.84,44.0,1.09,13.0,0.5076,4719.0,0.0,-0.0326,0.0012,0.0911,-0.0213,-0.0224,0.8604,0.0,0.0,0.0,0.0,down,0.86,2026-09-03T09:54:35,0.0,0.844999998807907,229.4873,2026-09-07 20:11:28,2026-09-07 16:15:05
NVDA,NVDA261218P00148000,NVDA,2026-12-18,P,148.0,0.89,64.0,0.95,54.0,0.5009,4507.0,79.0,-0.0349,0.0012,0.0963,-0.0223,-0.024,0.9185,-0.01,0.86,0.9,0.84,up,0.9,2026-09-04T14:39:15,-1.0989,0.870000004768372,229.4873,2026-09-07 20:11:28,2026-09-07 16:15:05
NVDA,NVDA261218P00150000,NVDA,2026-12-18,P,150.0,0.96,63.0,1.01,85.0,0.4947,26570.0,364.0,-0.0375,0.0013,0.1021,-0.0233,-0.0256,0.9823,0.0,0.95,0.98,0.91,no_change,0.98,2026-09-04T15:59:21,1.09478e-06,0.979999989271164,229.4873,2026-09-07 20:11:28,2026-09-07 16:15:05
NVDA,NVDA261218P00152000,NVDA,2026-12-18,P,152.0,0.99,54.0,1.07,2.0,0.4867,2024.0,0.0,-0.0401,0.0014,0.1082,-0.0244,-0.0275,1.0507,0.0,0.0,0.0,0.0,up,1.06,2026-09-03T13:30:37,0.0,1.03000003099442,229.4873,2026-09-07 20:11:28,2026-09-07 16:15:05
NVDA,NVDA261218P00154000,NVDA,2026-12-18,P,154.0,1.09,45.0,1.18,68.0,0.4832,1620.0,0.0,-0.0431,0.0015,0.1144,-0.0255,-0.0294,1.1277,0.0,0.0,0.0,0.0,up,1.11,2026-09-03T14:30:49,0.0,1.1149999499321,229.4873,2026-09-07 20:11:28,2026-09-07 16:15:05
NVDA,NVDA261218P00155000,NVDA,2026-12-18,P,155.0,1.14,86.0,1.2,81.0,0.4799,13034.0,170.0,-0.0446,0.0016,0.1175,-0.0261,-0.0305,1.1679,-0.04,1.06,1.12,1.06,no_change,1.12,2026-09-04T13:47:58,-3.44827,1.15500003099442,229.4873,2026-09-07 20:11:28,2026-09-07 16:15:05
NVDA,NVDA261218P00156000,NVDA,2026-12-18,P,156.0,1.17,36.0,1.27,54.0,0.4779,1749.0,10.0,-0.0463,0.0016,0.1209,-0.0267,-0.0316,1.2097,-0.075,1.1,1.1,1.09,up,1.1,2026-09-04T09:38:49,-6.38298,1.1700000166893,229.4873,2026-09-07 20:11:28,2026-09-07 16:15:05
NVDA,NVDA261218P00158000,NVDA,2026-12-18,P,158.0,1.27,37.0,1.33,56.0,0.4717,3471.0,45.0,-0.0496,0.0018,0.1278,-0.028,-0.0339,1.2991,-0.08,1.22,1.22,1.18,no_change,1.19,2026-09-04T11:03:43,-6.29922,1.27000004053116,229.4873,2026-09-07 20:11:28,2026-09-07 16:15:05
NVDA,NVDA261218P00160000,NVDA,2026-12-18,P,160.0,1.37,61.0,1.42,65.0,0.4664,42932.0,239.0,-0.0533,0.0019,0.1354,-0.0293,-0.0362,1.3966,-0.005,1.29,1.42,1.26,up,1.39,2026-09-04T15:38:14,-0.358422,1.38499999046326,229.4873,2026-09-07 20:11:28,2026-09-07 16:15:05
NVDA,NVDA261218P00162000,NVDA,2026-12-18,P,162.0,1.48,49.0,1.53,87.0,0.4619,3915.0,258.0,-0.0572,0.002,0.1435,-0.0307,-0.0389,1.5016,0.01,1.39,1.54,1.36,up,1.53,2026-09-04T15:57:41,0.657892,1.48000001907349,229.4873,2026-09-07 20:11:28,2026-09-07 16:15:05
NVDA,NVDA261218P00164000,NVDA,2026-12-18,P,164.0,1.58,63.0,1.65,92.0,0.4565,9623.0,287.0,-0.0616,0.0022,0.1517,-0.0322,-0.042,1.6204,0.025,1.47,1.66,1.46,no_change,1.64,2026-09-04T15:57:41,1.54799,1.60500001907349,229.4873,2026-09-07 20:11:28,2026-09-07 16:15:05
NVDA,NVDA261218P00165000,NVDA,2026-12-18,P,165.0,1.65,60.0,1.71,95.0,0.4544,21910.0,245.0,-0.0638,0.0022,0.1558,-0.033,-0.0434,1.6828,-0.005,1.54,1.68,1.48,down,1.67,2026-09-04T15:57:54,-0.298508,1.67500001192093,229.4873,2026-09-07 20:11:28,2026-09-07 16:15:05
NVDA,NVDA261218P00166000,NVDA,2026-12-18,P,166.0,1.7,63.0,1.81,82.0,0.4528,2005.0,81.0,-0.0662,0.0023,0.1602,-0.0338,-0.045,1.7479,-0.07,1.56,1.72,1.56,up,1.72,2026-09-04T15:26:36,-3.91062,1.75500005483627,229.4873,2026-09-07 20:11:28,2026-09-07 16:15:05
NVDA,NVDA261218P00167000,NVDA,2026-12-18,P,167.0,1.78,87.0,1.84,7.0,0.4498,4291.0,105.0,-0.0686,0.0024,0.1646,-0.0346,-0.0466,1.8159,-0.155,1.65,1.67,1.63,down,1.64,2026-09-04T12:22:36,-8.6351,1.7950000166893,229.4873,2026-09-07 20:11:28,2026-09-07 16:15:05
NVDA,NVDA261218P00168000,NVDA,2026-12-18,P,168.0,1.83,47.0,1.96,102.0,0.4485,2596.0,28.0,-0.0712,0.0025,0.1692,-0.0354,-0.0483,1.8868,-0.22,1.69,1.73,1.68,up,1.72,2026-09-04T12:15:41,-11.3402,1.86500000953674,229.4873,2026-09-07 20:11:28,2026-09-07 16:15:05
NVDA,NVDA261218P00169000,NVDA,2026-12-18,P,169.0,1.92,14.0,1.99,54.0,0.4456,3461.0,28.0,-0.0738,0.0025,0.174,-0.0363,-0.0501,1.9609,-0.175,1.79,1.8,1.76,down,1.77,2026-09-04T12:15:41,-8.99743,1.89999997615814,229.4873,2026-09-07 20:11:28,2026-09-07 16:15:05
NVDA,NVDA261218P00170000,NVDA,2026-12-18,P,170.0,1.99,92.0,2.06,56.0,0.4432,19113.0,702.0,-0.0765,0.0026,0.179,-0.0371,-0.0518,2.0382,-0.01,1.84,2.03,1.79,up,2.03,2026-09-04T15:55:00,-0.490194,2.00999999046326,229.4873,2026-09-07 20:11:28,2026-09-07 16:15:05
NVDA,NVDA261218P00171000,NVDA,2026-12-18,P,171.0,2.07,46.0,2.15,94.0,0.4417,3395.0,4.0,-0.0792,0.0027,0.1838,-0.038,-0.0536,2.1161,-0.25,1.86,1.86,1.86,no_change,1.86,2026-09-04T10:36:27,-11.8483,2.09500002861023,229.4873,2026-09-07 20:11:28,2026-09-07 16:15:05
NVDA,NVDA261218P00172000,NVDA,2026-12-18,P,172.0,2.11,61.0,2.36,92.0,0.4419,2941.0,4.0,-0.0821,0.0028,0.1892,-0.0389,-0.0557,2.2002,0.02,2.0,2.21,2.0,no_change,2.21,2026-09-04T15:38:41,0.913239,2.12999999523163,229.4873,2026-09-07 20:11:28,2026-09-07 16:15:05
NVDA,NVDA261218P00173000,NVDA,2026-12-18,P,173.0,2.24,46.0,2.32,52.0,0.4375,3086.0,0.0,-0.0853,0.0029,0.1944,-0.0398,-0.0579,2.2916,0.0,0.0,0.0,0.0,down,2.56,2026-09-02T13:41:35,0.0,2.25,229.4873,2026-09-07 20:11:28,2026-09-07 16:15:05
NVDA,NVDA261218P00174000,NVDA,2026-12-18,P,174.0,2.31,63.0,2.42,79.0,0.4356,2842.0,83.0,-0.0883,0.003,0.1993,-0.0408,-0.0598,2.3802,0.02,2.34,2.39,2.32,up,2.39,2026-09-04T15:43:30,0.843882,2.35000002384186,229.4873,2026-09-07 20:11:28,2026-09-07 16:15:05
NVDA,NVDA261218P00175000,NVDA,2026-12-18,P,175.0,2.43,38.0,2.51,95.0,0.434,13321.0,858.0,-0.0917,0.0031,0.2046,-0.0417,-0.0621,2.4793,-0.055,2.3,2.45,2.15,no_change,2.43,2026-09-04T15:52:46,-2.21328,2.47500002384186,229.4873,2026-09-07 20:11:28,2026-09-07 16:15:05
NVDA,NVDA261218P00176000,NVDA,2026-12-18,P,176.0,2.5,63.0,2.61,98.0,0.4318,2347.0,539.0,-0.0949,0.0032,0.21,-0.0427,-0.0642,2.5752,0.04,2.3,2.62,2.3,up,2.6,2026-09-04T15:57:57,1.5625,2.55499994754791,229.4873,2026-09-07 20:11:28,2026-09-07 16:15:05
NVDA,NVDA261218P00177000,NVDA,2026-12-18,P,177.0,2.59,13.0,2.71,46.0,0.4297,2200.0,11.0,-0.0983,0.0033,0.2154,-0.0436,-0.0664,2.6791,-0.08,2.54,2.65,2.54,down,2.61,2026-09-04T14:33:45,-2.97398,2.64499998092651,229.4873,2026-09-07 20:11:28,2026-09-07 16:15:05
NVDA,NVDA261218P00178000,NVDA,2026-12-18,P,178.0,2.55,63.0,2.82,50.0,0.4295,4589.0,1689.0,-0.1017,0.0034,0.2208,-0.0446,-0.0688,2.7833,0.01,2.5,2.85,2.5,up,2.81,2026-09-04T15:57:41,0.357145,2.75999999046326,229.4873,2026-09-07 20:11:28,2026-09-07 16:15:05
NVDA,NVDA261218P00179000,NVDA,2026-12-18,P,179.0,2.73,31.0,3.05,76.0,0.4274,2413.0,37.0,-0.1056,0.0035,0.2269,-0.0457,-0.0711,2.8988,-0.07,2.57,2.85,2.52,down,2.84,2026-09-04T14:23:26,-2.4055,2.93999993801117,229.4873,2026-09-07 20:11:28,2026-09-07 16:15:05
NVDA,NVDA261218P00180000,NVDA,2026-12-18,P,180.0,2.96,16.0,3.05,21.0,0.4257,25131.0,358.0,-0.1094,0.0036,0.2325,-0.0467,-0.0737,3.0157,0.0,2.84,3.05,2.62,no_change,3.05,2026-09-04T15:57:41,1.5634e-06,3.00499999523163,229.4873,2026-09-07 20:11:28,2026-09-07 16:15:05
NVDA,NVDA261218P00181000,NVDA,2026-12-18,P,181.0,3.05,12.0,3.2,16.0,0.4241,4123.0,13.0,-0.1133,0.0037,0.239,-0.0477,-0.0763,3.1371,0.005,2.74,3.13,2.71,no_change,3.13,2026-09-04T13:54:07,0.16,3.08000004291534,229.4873,2026-09-07 20:11:28,2026-09-07 16:15:05
NVDA,NVDA261218P00182000,NVDA,2026-12-18,P,182.0,3.1,72.0,3.3,22.0,0.4204,2343.0,60.0,-0.1173,0.0038,0.2448,-0.0488,-0.0792,3.2639,0.025,2.84,3.3,2.8,no_change,3.3,2026-09-04T15:57:41,0.763359,3.25,229.4873,2026-09-07 20:11:28,2026-09-07 16:15:05
NVDA,NVDA261218P00183000,NVDA,2026-12-18,P,183.0,3.2,46.0,3.6,89.0,0.4218,2701.0,4.0,-0.1214,0.0039,0.2506,-0.0498,-0.0819,3.3956,-0.075,3.1,3.35,3.1,up,3.35,2026-09-04T15:21:51,-2.18978,3.375,229.4873,2026-09-07 20:11:28,2026-09-07 16:15:05
NVDA,NVDA261218P00184000,NVDA,2026-12-18,P,184.0,3.4,46.0,3.6,58.0,0.4189,1703.0,30.0,-0.1257,0.004,0.2565,-0.0509,-0.0847,3.5321,-0.125,3.1,3.5,3.1,down,3.45,2026-09-04T13:57:04,-3.4965,3.55000007152557,229.4873,2026-09-07 20:11:28,2026-09-07 16:15:05
NVDA,NVDA261218P00185000,NVDA,2026-12-18,P,185.0,3.6,31.0,3.75,50.0,0.4188,12830.0,65.0,-0.1301,0.0041,0.2626,-0.052,-0.0874,3.6742,-0.1,3.4,3.65,3.21,down,3.6,2026-09-04T15:58:32,-2.7027,3.67499995231628,229.4873,2026-09-07 20:11:28,2026-09-07 16:15:05
NVDA,NVDA261218P00186000,NVDA,2026-12-18,P,186.0,3.65,50.0,3.9,22.0,0.4156,2033.0,34.0,-0.1346,0.0042,0.2686,-0.0531,-0.0904,3.8207,-0.11,3.65,3.78,3.65,no_change,3.74,2026-09-04T14:01:35,-2.85714,3.85000002384186,229.4873,2026-09-07 20:11:28,2026-09-07 16:15:05
NVDA,NVDA261218P00187000,NVDA,2026-12-18,P,187.0,3.9,34.0,4.05,22.0,0.4161,3331.0,80.0,-0.1393,0.0043,0.275,-0.0542,-0.0936,3.9735,-0.095,3.48,3.94,3.48,no_change,3.93,2026-09-04T14:01:35,-2.36025,3.97500014305115,229.4873,2026-09-07 20:11:28,2026-09-07 16:15:05
NVDA,NVDA261218P00188000,NVDA,2026-12-18,P,188.0,3.95,45.0,4.2,81.0,0.4127,2301.0,185.0,-0.144,0.0044,0.2814,-0.0553,-0.0964,4.1311,0.025,3.75,4.2,3.64,up,4.2,2026-09-04T15:57:57,0.598804,4.125,229.4873,2026-09-07 20:11:28,2026-09-07 16:15:05
NVDA,NVDA261218P00189000,NVDA,2026-12-18,P,189.0,4.15,50.0,4.35,42.0,0.4118,2141.0,11.0,-0.1489,0.0046,0.2877,-0.0564,-0.0997,4.295,-0.125,4.08,4.2,3.88,up,4.2,2026-09-04T13:11:58,-2.89017,4.32500004768372,229.4873,2026-09-07 20:11:28,2026-09-07 16:15:05
NVDA,NVDA261218P00190000,NVDA,2026-12-18,P,190.0,4.4,10.0,4.55,51.0,0.4128,28463.0,521.0,-0.1538,0.0047,0.2944,-0.0575,-0.1033,4.4593,-0.15,4.55,4.55,3.89,down,4.4,2026-09-04T15:51:30,-3.2967,4.47500014305115,229.4873,2026-09-07 20:11:28,2026-09-07 16:15:05
NVDA,NVDA261218P00191000,NVDA,2026-12-18,P,191.0,4.5,48.0,4.7,43.0,0.4096,2005.0,11.0,-0.1591,0.0048,0.3007,-0.0586,-0.1066,4.6412,-0.075,4.45,4.6,4.45,up,4.6,2026-09-04T13:30:58,-1.60428,4.65000009536743,229.4873,2026-09-07 20:11:28,2026-09-07 16:15:05
NVDA,NVDA261218P00192000,NVDA,2026-12-18,P,192.0,4.65,35.0,4.9,103.0,0.4082,1745.0,15.0,-0.1644,0.0049,0.3067,-0.0597,-0.1099,4.8235,0.025,4.19,4.9,4.19,up,4.9,2026-09-04T15:11:04,0.512821,4.82500004768372,229.4873,2026-09-07 20:11:28,2026-09-07 16:15:05
NVDA,NVDA261218P00193000,NVDA,2026-12-18,P,193.0,4.85,47.0,5.1,128.0,0.4074,1891.0,64.0,-0.1698,0.005,0.3132,-0.0608,-0.1132,5.0125,-0.075,4.52,5.0,4.4,up,5.0,2026-09-04T13:56:39,-1.47783,5.02499985694885,229.4873,2026-09-07 20:11:28,2026-09-07 16:15:05
NVDA,NVDA261218P00194000,NVDA,2026-12-18,P,194.0,5.0,56.0,5.3,115.0,0.4057,2896.0,31.0,-0.1753,0.0052,0.3193,-0.062,-0.1169,5.2073,-0.125,5.0,5.15,4.6,up,5.15,2026-09-04T15:50:00,-2.36967,5.22500014305115,229.4873,2026-09-07 20:11:28,2026-09-07 16:15:05
NVDA,NVDA261218P00195000,NVDA,2026-12-18,P,195.0,5.3,42.0,5.6,29.0,0.4061,13578.0,1201.0,-0.1809,0.0053,0.3258,-0.0631,-0.1206,5.4083,-0.15,5.1,5.43,4.7,down,5.35,2026-09-04T15:52:19,-2.72727,5.42499995231628,229.4873,2026-09-07 20:11:28,2026-09-07 16:15:05
NVDA,NVDA261218P00200000,NVDA,2026-12-18,P,200.0,6.45,20.0,6.6,2.0,0.4014,42372.0,1377.0,-0.211,0.0059,0.3574,-0.0685,-0.1398,6.5175,-0.16,6.3,6.6,5.68,down,6.49,2026-09-04T15:58:17,-2.40601,6.54999995231628,229.4873,2026-09-07 20:11:28,2026-09-07 16:15:05
NVDA,NVDA261218P00205000,NVDA,2026-12-18,P,205.0,7.7,4.0,7.9,1.0,0.397,11805.0,438.0,-0.244,0.0064,0.3874,-0.0737,-0.1601,7.8082,-0.195,7.52,7.93,6.81,up,7.78,2026-09-04T15:57:26,-2.44514,7.84999990463257,229.4873,2026-09-07 20:11:28,2026-09-07 16:15:05
NVDA,NVDA261218P00210000,NVDA,2026-12-18,P,210.0,9.2,47.0,9.35,1.0,0.3923,19401.0,367.0,-0.2795,0.007,0.415,-0.0785,-0.1819,9.2843,-0.125,9.0,9.46,8.15,up,9.35,2026-09-04T15:58:01,-1.31926,9.34999990463257,229.4873,2026-09-07 20:11:28,2026-09-07 16:15:05
NVDA,NVDA261218P00212000,NVDA,2026-12-18,P,212.0,9.8,50.0,10.15,35.0,0.3904,2034.0,533.0,-0.2948,0.0072,0.4254,-0.0802,-0.1905,9.947,-0.15,9.5,10.15,8.75,no_change,10.0,2026-09-04T15:52:30,-1.47783,10.0,229.4873,2026-09-07 20:11:28,2026-09-07 16:15:05
NVDA,NVDA261218P00213000,NVDA,2026-12-18,P,213.0,10.1,47.0,10.65,35.0,0.3893,1566.0,123.0,-0.3024,0.0073,0.4303,-0.0811,-0.1953,10.2858,-0.125,9.37,10.35,9.35,up,10.35,2026-09-04T15:03:53,-1.19332,10.3499999046326,229.4873,2026-09-07 20:11:28,2026-09-07 16:15:05
NVDA,NVDA261218P00214000,NVDA,2026-12-18,P,214.0,10.4,52.0,11.0,27.0,0.3881,2202.0,66.0,-0.3101,0.0074,0.4348,-0.0819,-0.2003,10.633,-0.125,9.65,10.7,9.65,no_change,10.7,2026-09-04T14:11:05,-1.15473,10.7000002861023,229.4873,2026-09-07 20:11:28,2026-09-07 16:15:05
NVDA,NVDA261218P00215000,NVDA,2026-12-18,P,215.0,10.9,24.0,11.1,1.0,0.389,5154.0,685.0,-0.3179,0.0075,0.4399,-0.0827,-0.2052,10.9888,-0.23,10.75,11.2,9.65,down,10.97,2026-09-04T15:57:54,-2.05357,11.0499997138977,229.4873,2026-09-07 20:11:28,2026-09-07 16:15:05
NVDA,NVDA261218P00216000,NVDA,2026-12-18,P,216.0,11.1,48.0,11.45,39.0,0.3863,985.0,15.0,-0.3258,0.0076,0.4442,-0.0834,-0.2092,11.3539,-0.3,10.22,11.25,10.22,up,11.25,2026-09-04T13:19:27,-2.5974,11.4000000953674,229.4873,2026-09-07 20:11:28,2026-09-07 16:15:05
NVDA,NVDA261218P00217000,NVDA,2026-12-18,P,217.0,11.5,48.0,11.85,32.0,0.3862,2750.0,133.0,-0.3338,0.0077,0.4482,-0.0842,-0.2134,11.729,-0.12,10.69,11.8,10.46,up,11.78,2026-09-04T15:47:56,-1.0084,11.7999997138977,229.4873,2026-09-07 20:11:28,2026-09-07 16:15:05
NVDA,NVDA261218P00218000,NVDA,2026-12-18,P,218.0,11.85,48.0,12.25,39.0,0.3854,768.0,36.0,-0.3419,0.0078,0.4523,-0.0849,-0.2185,12.1109,-0.175,10.85,12.15,10.85,no_change,12.15,2026-09-04T14:15:26,-1.41988,12.2000002861023,229.4873,2026-09-07 20:11:28,2026-09-07 16:15:05
NVDA,NVDA261218P00219000,NVDA,2026-12-18,P,219.0,12.25,46.0,12.65,42.0,0.385,1044.0,108.0,-0.35,0.0079,0.4561,-0.0855,-0.223,12.5017,-0.255,11.2,12.47,11.15,up,12.47,2026-09-04T13:51:33,-2.00393,12.5499997138977,229.4873,2026-09-07 20:11:28,2026-09-07 16:15:05
NVDA,NVDA261218P00220000,NVDA,2026-12-18,P,220.0,12.8,20.0,13.0,39.0,0.3855,38568.0,472.0,-0.3581,0.008,0.4598,-0.0862,-0.2269,12.8977,-0.35,12.3,13.2,11.45,down,12.8,2026-09-04T15:59:43,-2.6616,12.9500002861023,229.4873,2026-09-07 20:11:28,2026-09-07 16:15:05
NVDA,NVDA261218P00221000,NVDA,2026-12-18,P,221.0,13.05,48.0,13.45,39.0,0.3836,1325.0,155.0,-0.3664,0.008,0.4633,-0.0868,-0.2318,13.3101,-0.35,11.9,13.2,11.9,up,13.2,2026-09-04T13:28:33,-2.58302,13.4000000953674,229.4873,2026-09-07 20:11:28,2026-09-07 16:15:05
NVDA,NVDA261218P00222000,NVDA,2026-12-18,P,222.0,13.45,52.0,13.85,37.0,0.3826,622.0,17.0,-0.3747,0.0081,0.4666,-0.0874,-0.2365,13.726,-0.425,12.45,13.55,12.31,up,13.55,2026-09-04T13:15:25,-3.04115,13.7999997138977,229.4873,2026-09-07 20:11:28,2026-09-07 16:15:05
NVDA,NVDA261218P00223000,NVDA,2026-12-18,P,223.0,13.95,45.0,14.3,38.0,0.3829,558.0,47.0,-0.3832,0.0082,0.47,-0.0879,-0.2418,14.1599,-0.075,13.6,14.35,12.65,no_change,14.35,2026-09-04T15:23:34,-0.519932,14.2250003814697,229.4873,2026-09-07 20:11:28,2026-09-07 16:15:05
NVDA,NVDA261218P00224000,NVDA,2026-12-18,P,224.0,14.3,46.0,14.75,19.0,0.3817,729.0,15.0,-0.3915,0.0083,0.4728,-0.0884,-0.2456,14.5907,-0.3,13.05,14.55,13.05,up,14.55,2026-09-04T13:40:01,-2.0202,14.6750001907349,229.4873,2026-09-07 20:11:28,2026-09-07 16:15:05
NVDA,NVDA261218P00225000,NVDA,2026-12-18,P,225.0,14.9,41.0,15.15,33.0,0.3823,3135.0,247.0,-0.3999,0.0083,0.4753,-0.0889,-0.2495,15.0344,-0.425,14.81,15.15,13.4,no_change,14.9,2026-09-04T15:53:15,-2.77325,15.125,229.4873,2026-09-07 20:11:28,2026-09-07 16:15:05
NVDA,NVDA261218P00226000,NVDA,2026-12-18,P,226.0,15.2,37.0,15.6,35.0,0.3802,864.0,93.0,-0.4084,0.0084,0.4777,-0.0893,-0.2547,15.4883,-0.25,15.65,15.65,14.2,no_change,15.55,2026-09-04T15:48:33,-1.58228,15.5749998092651,229.4873,2026-09-07 20:11:28,2026-09-07 16:15:05
NVDA,NVDA261218P00227000,NVDA,2026-12-18,P,227.0,15.75,28.0,16.1,35.0,0.3809,484.0,101.0,-0.417,0.0085,0.48,-0.0897,-0.2591,15.9533,-0.225,15.45,16.07,14.4,down,16.0,2026-09-04T15:14:16,-1.38675,16.0249996185303,229.4873,2026-09-07 20:11:28,2026-09-07 16:15:05
NVDA,NVDA261218P00228000,NVDA,2026-12-18,P,228.0,16.2,42.0,16.55,35.0,0.3799,2222.0,101.0,-0.4255,0.0085,0.4819,-0.0901,-0.2631,16.4251,-0.575,15.5,16.6,14.64,down,16.2,2026-09-04T15:54:55,-3.42772,16.5249996185303,229.4873,2026-09-07 20:11:28,2026-09-07 16:15:05
NVDA,NVDA261218P00230000,NVDA,2026-12-18,P,230.0,17.3,1.0,17.55,87.0,0.3806,8765.0,1136.0,-0.4427,0.0086,0.4853,-0.0907,-0.2716,17.3934,-0.325,17.2,17.65,15.5,no_change,17.4,2026-09-04T15:59:29,-1.83357,17.5250005722046,229.4873,2026-09-07 20:11:28,2026-09-07 16:15:05
NVDA,NVDA261218P00235000,NVDA,2026-12-18,P,235.0,19.65,29.0,20.1,17.0,0.3778,3573.0,349.0,-0.4862,0.0088,0.4896,-0.0916,-0.2925,19.9963,-0.375,19.55,20.32,17.9,no_change,20.0,2026-09-04T15:59:34,-1.84049,20.0750007629395,229.4873,2026-09-07 20:11:28,2026-09-07 16:15:05
NVDA,NVDA261218P00240000,NVDA,2026-12-18,P,240.0,22.65,16.0,22.95,35.0,0.3758,1620.0,1096.0,-0.5294,0.0089,0.488,-0.0917,-0.3106,22.8013,-0.345,21.54,22.88,20.6,up,22.88,2026-09-04T15:05:45,-1.48547,22.9249992370605,229.4873,2026-09-07 20:11:28,2026-09-07 16:15:05
NVDA,NVDA261218P00245000,NVDA,2026-12-18,P,245.0,25.55,28.0,26.05,16.0,0.3731,874.0,34.0,-0.5724,0.0089,0.4811,-0.0908,-0.3244,25.8558,-0.275,25.5,26.0,23.45,up,26.0,2026-09-04T15:09:30,-1.04662,26.0,229.4873,2026-09-07 20:11:28,2026-09-07 16:15:05
NVDA,NVDA261218P00250000,NVDA,2026-12-18,P,250.0,28.7,73.0,29.25,77.0,0.3705,2155.0,177.0,-0.6139,0.0088,0.4679,-0.0893,-0.3363,29.0949,-0.455,28.0,29.02,26.5,up,29.02,2026-09-04T14:21:34,-1.54368,29.2750005722046,229.4873,2026-09-07 20:11:28,2026-09-07 16:15:05
NVDA,NVDA261218P00255000,NVDA,2026-12-18,P,255.0,31.9,68.0,32.9,23.0,0.3687,1193.0,68.0,-0.6542,0.0086,0.4508,-0.0871,-0.3458,32.5542,-0.325,30.55,32.75,29.8,up,32.75,2026-09-04T14:02:07,-0.982618,32.6999988555908,229.4873,2026-09-07 20:11:28,2026-09-07 16:15:05
NVDA,NVDA261218P00260000,NVDA,2026-12-18,P,260.0,35.55,86.0,36.55,57.0,0.3678,1167.0,104.0,-0.6927,0.0084,0.429,-0.0843,-0.3506,36.2093,-0.655,33.4,36.17,33.25,no_change,36.17,2026-09-04T14:52:54,-1.77868,36.4500007629394,229.4873,2026-09-07 20:11:28,2026-09-07 16:15:05
NVDA,NVDA261218P00265000,NVDA,2026-12-18,P,265.0,39.2,156.0,40.3,17.0,0.3638,755.0,17.0,-0.7291,0.0081,0.4038,-0.0811,-0.3483,40.0414,-3.525,37.15,37.4,37.15,no_change,37.4,2026-09-04T10:31:36,-8.61332,40.1000003814697,229.4873,2026-09-07 20:11:28,2026-09-07 16:15:05
NVDA,NVDA261218P00270000,NVDA,2026-12-18,P,270.0,43.0,343.0,44.2,144.0,0.3591,1417.0,18.0,-0.7634,0.0078,0.3756,-0.0776,-0.3448,44.0424,-0.7,41.77,44.1,41.77,up,44.1,2026-09-04T14:36:08,-1.5625,44.25,229.4873,2026-09-07 20:11:28,2026-09-07 16:15:05
NVDA,NVDA261218P00275000,NVDA,2026-12-18,P,275.0,47.1,177.0,49.0,89.0,0.3672,1101.0,40.0,-0.7951,0.0074,0.3446,-0.0738,-0.3337,48.1911,-3.5,45.35,45.35,45.35,no_change,45.35,2026-09-04T10:03:37,-7.16479,48.2000007629394,229.4873,2026-09-07 20:11:28,2026-09-07 16:15:05
NVDA,NVDA261218P00280000,NVDA,2026-12-18,P,280.0,51.3,189.0,53.3,48.0,0.366,304.0,49.0,-0.8246,0.007,0.3121,-0.0701,-0.3196,52.4795,-0.685,49.85,52.64,49.18,up,52.64,2026-09-04T15:31:43,-1.28457,52.6999988555908,229.4873,2026-09-07 20:11:28,2026-09-07 16:15:05
NVDA,NVDA261218P00285000,NVDA,2026-12-18,P,285.0,55.6,205.0,57.7,33.0,0.3638,328.0,24.0,-0.8514,0.0066,0.2795,-0.0662,-0.3012,56.8846,-1.75,55.0,55.9,54.0,up,55.9,2026-09-04T14:59:04,-3.03556,57.1749992370606,229.4873,2026-09-07 20:11:28,2026-09-07 16:15:05
NVDA,NVDA261218P00290000,NVDA,2026-12-18,P,290.0,60.05,273.0,62.5,193.0,0.3681,408.0,13.0,-0.8759,0.0061,0.2422,-0.0622,-0.2745,61.4032,-4.75,57.6,57.6,57.6,down,57.6,2026-09-04T09:59:55,-7.61828,61.5749988555908,229.4873,2026-09-07 20:11:28,2026-09-07 16:15:05
NVDA,NVDA261218P00295000,NVDA,2026-12-18,P,295.0,64.65,6.0,66.9,6.0,0.3627,27.0,0.0,-0.8979,0.0057,0.2133,-0.0582,-0.2505,66.0091,0.0,0.0,0.0,0.0,down,66.35,2026-09-03T15:20:22,0.0,66.1500015258789,229.4873,2026-09-07 20:11:28,2026-09-07 16:15:05
NVDA,NVDA261218P00300000,NVDA,2026-12-18,P,300.0,65.55,2.0,74.45,1.0,0.3564,69.0,0.0,-0.9173,0.0051,0.1759,-0.0533,-0.206,70.7012,0.0,0.0,0.0,0.0,down,71.11,2026-09-03T13:51:23,0.0,70.9249992370606,229.4873,2026-09-07 20:11:28,2026-09-07 16:15:05
NVDA,NVDA261218P00305000,NVDA,2026-12-18,P,305.0,74.1,6.0,75.9,6.0,0.3308,1.0,0.0,-0.9346,0.0046,0.1497,-0.0482,-0.1887,75.4617,0.0,0.0,0.0,0.0,up,85.32,2026-08-31T10:17:28,0.0,75.625,229.4873,2026-09-07 20:11:28,2026-09-07 16:15:05
NVDA,NVDA261218P00310000,NVDA,2026-12-18,P,310.0,75.0,51.0,84.1,51.0,0.3345,1.0,0.0,-0.9491,0.004,0.1234,-0.0428,-0.1675,80.2746,0.0,0.0,0.0,0.0,up,91.83,2026-09-01T11:18:37,0.0,80.2249984741211,229.4873,2026-09-07 20:11:28,2026-09-07 16:15:05
NVDA,NVDA261218P00315000,NVDA,2026-12-18,P,315.0,83.9,50.0,85.5,50.0,0.0,0.0,0.0,-0.9613,0.0034,0.0883,-0.0358,-0.1282,85.1466,0.0,0.0,0.0,0.0,no_change,98.86,2026-08-20T11:53:24,0.0,85.2249984741211,229.4873,2026-09-07 20:11:28,2026-09-07 16:15:05
NVDA,NVDA261218P00320000,NVDA,2026-12-18,P,320.0,85.0,51.0,93.85,1.0,0.0,0.0,0.0,-0.9715,0.0028,0.0738,-0.0293,-0.113,90.0472,0.0,0.0,0.0,0.0,up,95.38,2026-08-13T11:17:49,0.0,90.2750015258789,229.4873,2026-09-07 20:11:28,2026-09-07 16:15:05
NVDA,NVDA261218P00325000,NVDA,2026-12-18,P,325.0,90.0,51.0,98.85,1.0,0.0,0.0,0.0,-0.9794,0.0023,0.0548,-0.0234,-0.0697,94.976,0.0,0.0,0.0,0.0,down,100.12,2026-08-13T11:17:48,0.0,95.2249984741211,229.4873,2026-09-07 20:11:28,2026-09-07 16:15:05
NVDA,NVDA261218P00330000,NVDA,2026-12-18,P,330.0,97.35,2.0,102.35,2.0,0.0,0.0,0.0,-0.9854,0.0017,0.0349,-0.0172,-0.0682,99.9342,0.0,0.0,0.0,0.0,no_change,113.78,2026-08-20T11:53:24,0.0,100.200000762939,229.4873,2026-09-07 20:11:28,2026-09-07 16:15:05
NVDA,NVDA261218P00335000,NVDA,2026-12-18,P,335.0,100.85,50.0,108.75,51.0,0.0,0.0,0.0,-0.9901,0.0013,0.0281,-0.0121,-0.0622,104.9015,0.0,0.0,0.0,0.0,no_change,0.0,,0.0,105.025001525879,229.4873,2026-09-07 20:11:28,2026-09-07 16:15:05
NVDA,NVDA261218P00340000,NVDA,2026-12-18,P,340.0,105.0,51.0,113.8,51.0,0.0,0.0,0.0,-0.9935,0.0009,0.0187,-0.0083,-0.039,109.88,0.0,0.0,0.0,0.0,up,117.17,2026-08-28T11:53:49,0.0,111.25,229.4873,2026-09-07 20:11:28,2026-09-07 16:15:05
NVDA,NVDA261218P00345000,NVDA,2026-12-18,P,345.0,110.0,5.0,118.8,2.0,0.0,0.0,0.0,-0.9956,0.0006,0.0091,-0.0054,-0.039,114.8694,0.0,0.0,0.0,0.0,down,120.04,2026-08-13T11:17:48,0.0,114.875,229.4873,2026-09-07 20:11:28,2026-09-07 16:15:05
NVDA,NVDA261218P00350000,NVDA,2026-12-18,P,350.0,115.0,51.0,123.75,51.0,0.0,0.0,0.0,-0.9973,0.0004,0.0074,-0.0031,-0.0376,119.8609,0.0,0.0,0.0,0.0,up,142.3,2026-06-05T11:39:58,0.0,119.875,229.4873,2026-09-07 20:11:28,2026-09-07 16:15:05
NVDA,NVDA261218P00355000,NVDA,2026-12-18,P,355.0,120.0,51.0,128.75,51.0,0.0,0.0,0.0,-0.9985,0.0003,0.0054,-0.0015,-0.0305,124.8543,0.0,0.0,0.0,0.0,down,138.0,2026-05-11T10:31:43,0.0,124.849998474121,229.4873,2026-09-07 20:11:28,2026-09-07 16:15:05
NVDA,NVDA261218P00360000,NVDA,2026-12-18,P,360.0,125.0,51.0,133.75,1.0,0.0,0.0,0.0,-0.999,0.0002,0.0013,-0.0009,-0.0309,129.8516,0.0,0.0,0.0,0.0,up,183.78,2026-03-24T11:08:58,0.0,129.875,229.4873,2026-09-07 20:11:28,2026-09-07 16:15:05
NVDA,NVDA261218P00365000,NVDA,2026-12-18,P,365.0,130.0,55.0,138.8,51.0,0.0,0.0,0.0,-0.9994,0.0001,0.001,-0.0005,-0.0311,134.849,0.0,0.0,0.0,0.0,no_change,0.0,,0.0,134.849998474121,229.4873,2026-09-07 20:11:28,2026-09-07 16:15:05
NVDA,NVDA261218P00370000,NVDA,2026-12-18,P,370.0,135.0,55.0,143.75,52.0,0.0,0.0,0.0,-0.9998,0.0,0.0008,-0.0001,-0.0313,139.8467,0.0,0.0,0.0,0.0,down,155.05,2026-06-03T15:32:25,0.0,139.949996948242,229.4873,2026-09-07 20:11:28,2026-09-07 16:15:05
NVDA,NVDA261218P00375000,NVDA,2026-12-18,P,375.0,140.0,51.0,148.75,52.0,0.0,0.0,0.0,-0.9999,0.0,0.0004,0.0,-0.0308,144.8447,0.0,0.0,0.0,0.0,no_change,0.0,,0.0,144.849998474121,229.4873,2026-09-07 20:11:28,2026-09-07 16:15:05
NVDA,NVDA261218P00380000,NVDA,2026-12-18,P,380.0,145.0,2.0,153.75,1.0,0.0,0.0,0.0,-1.0,0.0,0.0,0.0,-0.0312,149.8429,0.0,0.0,0.0,0.0,down,167.35,2026-05-26T12:19:23,0.0,149.875,229.4873,2026-09-07 20:11:28,2026-09-07 16:15:05
NVDA,NVDA261218P00385000,NVDA,2026-12-18,P,385.0,150.15,50.0,158.75,50.0,0.0,0.0,0.0,-1.0,0.0,0.0,0.0,-0.0316,154.8411,0.0,0.0,0.0,0.0,no_change,0.0,,0.0,154.849998474121,229.4873,2026-09-07 20:11:28,2026-09-07 16:15:05
NVDA,NVDA261218P00390000,NVDA,2026-12-18,P,390.0,155.0,51.0,163.75,52.0,0.0,0.0,0.0,-1.0,0.0,0.0,0.0,-0.0321,159.8393,0.0,0.0,0.0,0.0,down,159.5,2026-06-02T09:53:01,0.0,159.949996948242,229.4873,2026-09-07 20:11:28,2026-09-07 16:15:05
NVDA,NVDA261218P00400000,NVDA,2026-12-18,P,400.0,165.0,2.0,173.75,1.0,0.0,0.0,0.0,-1.0,0.0,0.0,0.0,-0.0329,169.8357,0.0,0.0,0.0,0.0,down,171.37,2026-08-27T12:30:10,0.0,169.849998474121,229.4873,2026-09-07 20:11:28,2026-09-07 16:15:05
NVDA,NVDA261218P00410000,NVDA,2026-12-18,P,410.0,175.0,55.0,183.75,51.0,0.0,0.0,0.0,-1.0,0.0,0.0,0.0,-0.0337,179.8321,0.0,0.0,0.0,0.0,down,183.0,2026-05-15T10:46:01,0.0,179.974998474121,229.4873,2026-09-07 20:11:28,2026-09-07 16:15:05
NVDA,NVDA261218P00420000,NVDA,2026-12-18,P,420.0,185.0,51.0,193.7,51.0,0.0,0.0,0.0,-1.0,0.0,0.0,0.0,-0.0345,189.8285,0.0,0.0,0.0,0.0,no_change,0.0,,0.0,189.775001525879,229.4873,2026-09-07 20:11:28,2026-09-07 16:15:05
NVDA,NVDA261218P00430000,NVDA,2026-12-18,P,430.0,195.0,51.0,203.75,52.0,0.0,0.0,0.0,-1.0,0.0,0.0,0.0,-0.0353,199.825,0.0,0.0,0.0,0.0,no_change,0.0,,0.0,199.949996948242,229.4873,2026-09-07 20:11:28,2026-09-07 16:15:05
NVDA,NVDA261218P00440000,NVDA,2026-12-18,P,440.0,205.0,2.0,213.75,1.0,0.0,0.0,0.0,-1.0,0.0,0.0,0.0,-0.0362,209.8214,0.0,0.0,0.0,0.0,no_change,0.0,,0.0,209.849998474121,229.4873,2026-09-07 20:11:28,2026-09-07 16:15:05
NVDA,NVDA261218P00450000,NVDA,2026-12-18,P,450.0,215.0,2.0,223.7,1.0,0.0,0.0,0.0,-1.0,0.0,0.0,0.0,-0.037,219.8178,0.0,0.0,0.0,0.0,no_change,0.0,,0.0,219.949996948242,229.4873,2026-09-07 20:11:28,2026-09-07 16:15:05
NVDA,NVDA261218P00455000,NVDA,2026-12-18,P,455.0,220.0,5.0,228.75,6.0,0.0,0.0,0.0,-1.0,0.0,0.0,0.0,-0.0374,224.816,0.0,0.0,0.0,0.0,no_change,0.0,,0.0,224.974998474121,229.4873,2026-09-07 20:11:28,2026-09-07 16:15:05
NVDA,NVDA261218P00460000,NVDA,2026-12-18,P,460.0,225.0,2.0,233.75,2.0,0.0,0.0,0.0,-1.0,0.0,0.0,0.0,-0.0378,229.8142,0.0,0.0,0.0,0.0,no_change,0.0,,0.0,229.875,229.4873,2026-09-07 20:11:28,2026-09-07 16:15:05
NVDA,NVDA270115C00005000,NVDA,2027-01-15,C,5.0,221.35,51.0,230.0,51.0,2.5358,687.0,6.0,1.0,0.0,0.0,-0.0001,0.0006,225.2709,1.525,227.08,227.08,224.0,down,224.0,2026-09-04T15:23:16,0.685471,224.175003051758,229.4873,2026-09-07 20:11:28,2026-09-07 16:15:05
NVDA,NVDA270115C00010000,NVDA,2027-01-15,C,10.0,216.4,1.0,225.0,2.0,2.1113,559.0,0.0,1.0,0.0,0.0001,-0.0006,0.0045,220.274,0.0,0.0,0.0,0.0,up,208.09,2026-09-01T10:48:45,0.0,220.049995422363,229.4873,2026-09-07 20:11:28,2026-09-07 16:15:05
NVDA,NVDA270115C00015000,NVDA,2027-01-15,C,15.0,211.45,2.0,220.0,2.0,1.7997,492.0,100.0,1.0,0.0,0.0005,-0.0004,0.036,215.2982,1.835,215.81,215.81,215.81,up,215.81,2026-09-04T13:30:43,0.857578,215.049995422363,229.4873,2026-09-07 20:11:28,2026-09-07 16:15:05
NVDA,NVDA270115C00020000,NVDA,2027-01-15,C,20.0,206.45,51.0,215.0,2.0,1.5211,3119.0,0.0,1.0,0.0,0.0009,-0.0005,0.0512,210.3557,0.0,0.0,0.0,0.0,down,196.0,2026-09-01T09:31:52,0.0,209.625,229.4873,2026-09-07 20:11:28,2026-09-07 16:15:05
NVDA,NVDA270115C00025000,NVDA,2027-01-15,C,25.0,201.55,51.0,209.8,1.0,1.413,564.0,0.0,1.0,0.0,0.0014,-0.0007,0.0685,205.4169,0.0,0.0,0.0,0.0,down,204.9,2026-09-03T14:54:04,0.0,205.275001525879,229.4873,2026-09-07 20:11:28,2026-09-07 16:15:05
NVDA,NVDA270115C00030000,NVDA,2027-01-15,C,30.0,196.6,51.0,205.6,1.0,1.3125,447.0,0.0,1.0,0.0,0.002,-0.0009,0.0898,200.4846,0.0,0.0,0.0,0.0,up,197.84,2026-09-03T12:22:13,0.0,200.425003051758,229.4873,2026-09-07 20:11:28,2026-09-07 16:15:05
NVDA,NVDA270115C00035000,NVDA,2027-01-15,C,35.0,191.7,51.0,200.8,1.0,1.2459,1877.0,0.0,1.0,0.0,0.0028,-0.0011,0.1264,195.5631,0.0,0.0,0.0,0.0,down,193.1,2026-08-27T15:57:22,0.0,195.5,229.4873,2026-09-07 20:11:28,2026-09-07 16:15:05
NVDA,NVDA270115C00040000,NVDA,2027-01-15,C,40.0,186.7,51.0,195.85,1.0,1.1173,607.0,0.0,1.0,0.0,0.0037,-0.0013,0.1442,190.6519,0.0,0.0,0.0,0.0,up,189.5,2026-08-28T09:41:46,0.0,190.525001525879,229.4873,2026-09-07 20:11:28,2026-09-07 16:15:05
NVDA,NVDA270115C00045000,NVDA,2027-01-15,C,45.0,181.85,51.0,188.1,7.0,0.0,1196.0,0.0,0.9999,0.0,0.0047,-0.0016,0.162,185.742,0.0,0.0,0.0,0.0,no_change,183.9,2026-09-03T10:03:19,0.0,184.450004577637,229.4873,2026-09-07 20:11:28,2026-09-07 16:15:05
NVDA,NVDA270115C00050000,NVDA,2027-01-15,C,50.0,176.95,2.0,182.0,1.0,0.0,1506.0,1.0,0.9996,0.0,0.0059,-0.0019,0.1798,180.8336,3.825,183.7,183.7,183.7,up,183.7,2026-09-04T10:52:20,2.12648,179.474998474121,229.4873,2026-09-07 20:11:28,2026-09-07 16:15:05
NVDA,NVDA270115C00055000,NVDA,2027-01-15,C,55.0,172.05,51.0,181.0,2.0,0.9723,2430.0,0.0,0.9992,0.0,0.0073,-0.0023,0.1976,175.9269,0.0,0.0,0.0,0.0,down,170.5,2026-08-28T10:31:19,0.0,175.800003051758,229.4873,2026-09-07 20:11:28,2026-09-07 16:15:05
NVDA,NVDA270115C00060000,NVDA,2027-01-15,C,60.0,167.15,2.0,176.0,55.0,0.929,2417.0,29.0,0.9989,0.0,0.0089,-0.0027,0.2152,171.022,4.975,173.7,174.95,173.7,up,174.75,2026-09-04T13:20:18,2.93035,171.125,229.4873,2026-09-07 20:11:28,2026-09-07 16:15:05
NVDA,NVDA270115C00065000,NVDA,2027-01-15,C,65.0,162.3,1.0,171.0,2.0,0.9029,713.0,1.0,0.9984,0.0001,0.0107,-0.0032,0.2328,166.1194,2.0,166.85,166.85,166.85,up,166.85,2026-09-04T13:18:51,1.21322,165.900001525879,229.4873,2026-09-07 20:11:28,2026-09-07 16:15:05
NVDA,NVDA270115C00070000,NVDA,2027-01-15,C,70.0,158.9,50.0,165.05,50.0,1.0571,4877.0,9.0,0.9978,0.0001,0.0129,-0.0036,0.2504,161.2191,1.975,165.0,166.0,162.5,no_change,162.5,2026-09-04T13:11:29,1.23034,161.625,229.4873,2026-09-07 20:11:28,2026-09-07 16:15:05
NVDA,NVDA270115C00075000,NVDA,2027-01-15,C,75.0,152.45,168.0,161.0,11.0,0.8726,3334.0,0.0,0.9972,0.0001,0.0154,-0.0042,0.2678,156.3218,0.0,0.0,0.0,0.0,up,143.59,2026-09-01T15:31:05,0.0,156.400001525879,229.4873,2026-09-07 20:11:28,2026-09-07 16:15:05
NVDA,NVDA270115C00080000,NVDA,2027-01-15,C,80.0,149.35,150.0,154.25,80.0,0.8738,15283.0,32.0,0.9964,0.0001,0.0182,-0.0048,0.2851,151.4275,2.73,155.0,155.0,153.93,down,153.93,2026-09-04T11:05:47,1.80556,151.774993896484,229.4873,2026-09-07 20:11:28,2026-09-07 16:15:05
NVDA,NVDA270115C00085000,NVDA,2027-01-15,C,85.0,142.7,170.0,150.55,47.0,0.752,1443.0,1.0,0.9956,0.0001,0.0214,-0.0055,0.3023,146.5368,5.125,150.0,150.0,150.0,up,150.0,2026-09-04T09:40:43,3.53753,147.050003051758,229.4873,2026-09-07 20:11:28,2026-09-07 16:15:05
NVDA,NVDA270115C00090000,NVDA,2027-01-15,C,90.0,139.35,132.0,143.9,36.0,0.6797,7591.0,26.0,0.9945,0.0002,0.0251,-0.0062,0.3194,141.6503,1.025,144.0,145.0,141.75,down,141.75,2026-09-04T13:44:58,0.728372,140.799995422363,229.4873,2026-09-07 20:11:28,2026-09-07 16:15:05
NVDA,NVDA270115C00095000,NVDA,2027-01-15,C,95.0,135.35,154.0,138.95,86.0,0.7647,3087.0,1.0,0.9933,0.0002,0.0292,-0.007,0.3363,136.7685,0.48,137.08,137.08,137.08,up,137.08,2026-09-04T13:20:55,0.351386,135.974998474121,229.4873,2026-09-07 20:11:28,2026-09-07 16:15:05
NVDA,NVDA270115C00100000,NVDA,2027-01-15,C,100.0,129.8,80.0,134.2,43.0,0.6752,29773.0,237.0,0.9919,0.0003,0.034,-0.0079,0.353,131.892,0.425,131.1,135.65,131.1,no_change,131.45,2026-09-04T15:40:29,0.324364,131.449996948242,229.4873,2026-09-07 20:11:28,2026-09-07 16:15:05
NVDA,NVDA270115C00105000,NVDA,2027-01-15,C,105.0,125.5,96.0,129.85,10.0,0.7427,7882.0,280.0,0.9903,0.0003,0.0394,-0.0088,0.3695,127.0218,-0.425,126.75,130.85,126.4,no_change,126.4,2026-09-04T15:42:54,-0.335108,127.300003051758,229.4873,2026-09-07 20:11:28,2026-09-07 16:15:05
NVDA,NVDA270115C00110000,NVDA,2027-01-15,C,110.0,119.9,104.0,124.9,2.0,0.6136,3849.0,4.0,0.9884,0.0004,0.0455,-0.0099,0.3858,122.1588,0.195,125.0,125.0,121.67,down,121.67,2026-09-04T15:38:11,0.160525,121.625,229.4873,2026-09-07 20:11:28,2026-09-07 16:15:05
NVDA,NVDA270115C00115000,NVDA,2027-01-15,C,115.0,115.2,117.0,120.15,10.0,0.6456,5823.0,23.0,0.9862,0.0005,0.0524,-0.0111,0.4018,117.3042,2.125,118.2,120.73,118.1,no_change,118.2,2026-09-04T12:14:35,1.83071,117.225002288818,229.4873,2026-09-07 20:11:28,2026-09-07 16:15:05
NVDA,NVDA270115C00120000,NVDA,2027-01-15,C,120.0,110.35,322.0,114.7,114.0,0.5776,9156.0,18.0,0.9836,0.0005,0.0603,-0.0123,0.4174,112.4598,0.67,115.0,116.0,112.52,down,112.52,2026-09-04T14:17:09,0.599018,112.174999237061,229.4873,2026-09-07 20:11:28,2026-09-07 16:15:05
NVDA,NVDA270115C00125000,NVDA,2027-01-15,C,125.0,105.5,189.0,110.45,146.0,0.5944,6720.0,19.0,0.9805,0.0006,0.069,-0.0137,0.4326,107.6275,1.15,108.35,110.67,107.35,down,107.35,2026-09-04T15:44:34,1.08286,107.099998474121,229.4873,2026-09-07 20:11:28,2026-09-07 16:15:05
NVDA,NVDA270115C00130000,NVDA,2027-01-15,C,130.0,101.9,232.0,105.0,340.0,0.601,13892.0,9.0,0.977,0.0008,0.0791,-0.0152,0.4473,102.8098,0.05,105.13,105.13,102.2,down,102.2,2026-09-04T15:42:58,0.0489461,102.474998474121,229.4873,2026-09-07 20:11:28,2026-09-07 16:15:05
NVDA,NVDA270115C00135000,NVDA,2027-01-15,C,135.0,95.9,384.0,98.35,25.0,0.0,18254.0,11.0,0.9728,0.0009,0.0906,-0.017,0.4614,98.0107,0.55,99.9,101.98,98.15,down,98.15,2026-09-04T15:46:55,0.563522,97.0,229.4873,2026-09-07 20:11:28,2026-09-07 16:15:05
NVDA,NVDA270115C00140000,NVDA,2027-01-15,C,140.0,92.55,81.0,96.05,335.0,0.5868,11944.0,26.0,0.9679,0.001,0.1035,-0.0189,0.4748,93.2346,1.325,93.96,97.5,92.9,up,93.45,2026-09-04T14:45:45,1.43826,93.3499984741211,229.4873,2026-09-07 20:11:28,2026-09-07 16:15:05
NVDA,NVDA270115C00145000,NVDA,2027-01-15,C,145.0,86.2,434.0,90.15,71.0,0.3285,3605.0,14.0,0.962,0.0012,0.1185,-0.021,0.4873,88.4873,0.59,90.4,90.4,88.49,down,88.49,2026-09-04T14:44:23,0.67122,87.9500007629394,229.4873,2026-09-07 20:11:28,2026-09-07 16:15:05
NVDA,NVDA270115C00150000,NVDA,2027-01-15,C,150.0,82.55,442.0,85.2,330.0,0.4817,25854.0,143.0,0.955,0.0015,0.1354,-0.0235,0.4987,83.7765,1.9,84.16,88.0,83.55,up,84.5,2026-09-04T15:54:10,2.30024,83.5499992370606,229.4873,2026-09-07 20:11:28,2026-09-07 16:15:05
NVDA,NVDA270115C00155000,NVDA,2027-01-15,C,155.0,78.45,235.0,80.2,331.0,0.4762,7166.0,70.0,0.9466,0.0017,0.1546,-0.0262,0.5088,79.1105,1.02,82.65,82.65,79.07,no_change,79.07,2026-09-04T14:51:48,1.30686,79.0499992370606,229.4873,2026-09-07 20:11:28,2026-09-07 16:15:05
NVDA,NVDA270115C00160000,NVDA,2027-01-15,C,160.0,74.15,106.0,75.35,200.0,0.4657,38952.0,88.0,0.9367,0.002,0.1763,-0.0292,0.5174,74.5001,1.7,75.0,78.55,74.33,no_change,75.15,2026-09-04T15:54:21,2.3145,74.0249977111816,229.4873,2026-09-07 20:11:28,2026-09-07 16:15:05
NVDA,NVDA270115C00165000,NVDA,2027-01-15,C,165.0,69.3,148.0,71.05,396.0,0.4529,7543.0,25.0,0.925,0.0023,0.2003,-0.0326,0.5243,69.9565,0.85,72.0,73.55,69.5,down,69.5,2026-09-04T15:39:46,1.23817,69.6500015258789,229.4873,2026-09-07 20:11:28,2026-09-07 16:15:05
NVDA,NVDA270115C00170000,NVDA,2027-01-15,C,170.0,65.3,35.0,66.5,389.0,0.451,15777.0,55.0,0.9112,0.0027,0.227,-0.0363,0.529,65.4924,1.925,68.35,69.5,65.15,up,66.0,2026-09-04T15:55:13,3.00429,65.3250007629394,229.4873,2026-09-07 20:11:28,2026-09-07 16:15:05
NVDA,NVDA270115C00175000,NVDA,2027-01-15,C,175.0,60.95,80.0,61.65,180.0,0.4325,16654.0,287.0,0.8953,0.0031,0.2555,-0.0402,0.5317,61.1212,1.59,62.15,65.0,60.78,up,61.39,2026-09-04T15:50:00,2.65886,60.8000011444092,229.4873,2026-09-07 20:11:28,2026-09-07 16:15:05
NVDA,NVDA270115C00180000,NVDA,2027-01-15,C,180.0,56.7,69.0,57.25,78.0,0.4227,45848.0,4026.0,0.877,0.0035,0.2862,-0.0444,0.5318,56.8567,1.605,57.0,60.8,56.2,up,57.13,2026-09-04T15:58:14,2.89059,56.625,229.4873,2026-09-07 20:11:28,2026-09-07 16:15:05
NVDA,NVDA270115C00185000,NVDA,2027-01-15,C,185.0,52.55,73.0,53.15,85.0,0.4168,15986.0,373.0,0.8562,0.004,0.3177,-0.0488,0.5296,52.7127,1.65,53.21,56.4,52.5,down,53.0,2026-09-04T15:58:06,3.21324,52.5749988555908,229.4873,2026-09-07 20:11:28,2026-09-07 16:15:05
NVDA,NVDA270115C00190000,NVDA,2027-01-15,C,190.0,48.2,174.0,49.2,99.0,0.4069,23515.0,178.0,0.833,0.0044,0.3504,-0.0532,0.5246,48.7031,1.7,49.0,52.2,48.2,up,49.2,2026-09-04T15:55:04,3.57895,48.375,229.4873,2026-09-07 20:11:28,2026-09-07 16:15:05
NVDA,NVDA270115C00195000,NVDA,2027-01-15,C,195.0,44.4,128.0,45.1,32.0,0.3997,19121.0,305.0,0.8073,0.0049,0.3826,-0.0575,0.5172,44.8403,1.36,46.0,48.14,44.7,up,45.01,2026-09-04T15:57:49,3.11569,44.4500007629394,229.4873,2026-09-07 20:11:28,2026-09-07 16:15:05
NVDA,NVDA270115C00200000,NVDA,2027-01-15,C,200.0,41.0,63.0,41.5,107.0,0.4005,290039.0,2644.0,0.7793,0.0054,0.4142,-0.0617,0.5069,41.1374,1.6,41.38,45.07,40.55,up,41.6,2026-09-04T15:57:40,4.0,40.8999996185303,229.4873,2026-09-07 20:11:28,2026-09-07 16:15:05
NVDA,NVDA270115C00205000,NVDA,2027-01-15,C,205.0,37.4,70.0,38.1,243.0,0.3972,4836.0,67.0,0.7491,0.0058,0.444,-0.0656,0.4944,37.6039,0.8,37.41,41.4,37.06,up,37.25,2026-09-04T15:33:25,2.19479,37.3999996185303,229.4873,2026-09-07 20:11:28,2026-09-07 16:15:05
NVDA,NVDA270115C00210000,NVDA,2027-01-15,C,210.0,34.1,114.0,34.65,199.0,0.393,40822.0,602.0,0.7169,0.0062,0.4714,-0.0691,0.4794,34.2511,1.525,34.55,37.5,33.85,up,34.55,2026-09-04T15:56:56,4.61771,34.0999984741211,229.4873,2026-09-07 20:11:28,2026-09-07 16:15:05
NVDA,NVDA270115C00215000,NVDA,2027-01-15,C,215.0,30.95,33.0,31.5,65.0,0.3906,11879.0,283.0,0.6828,0.0066,0.4958,-0.0722,0.4621,31.0621,1.175,31.35,34.2,30.9,down,31.2,2026-09-04T15:58:27,3.91341,30.9250001907349,229.4873,2026-09-07 20:11:28,2026-09-07 16:15:05
NVDA,NVDA270115C00220000,NVDA,2027-01-15,C,220.0,27.8,125.0,28.4,81.0,0.3844,41882.0,4560.0,0.6478,0.0069,0.5163,-0.0748,0.4434,28.1079,1.3,27.99,31.0,27.8,down,28.4,2026-09-04T15:56:14,4.79705,27.9249992370605,229.4873,2026-09-07 20:11:28,2026-09-07 16:15:05
NVDA,NVDA270115C00225000,NVDA,2027-01-15,C,225.0,25.15,117.0,25.6,130.0,0.383,12695.0,1425.0,0.6115,0.0072,0.5327,-0.0767,0.4228,25.3303,1.065,25.35,28.1,25.04,down,25.39,2026-09-04T15:59:47,4.37821,25.1749992370605,229.4873,2026-09-07 20:11:28,2026-09-07 16:15:05
NVDA,NVDA270115C00230000,NVDA,2027-01-15,C,230.0,22.55,107.0,22.95,69.0,0.379,40942.0,2061.0,0.5747,0.0074,0.5446,-0.078,0.4012,22.7542,1.1,22.79,25.29,22.15,up,22.85,2026-09-04T15:59:43,5.05747,22.5500001907349,229.4873,2026-09-07 20:11:28,2026-09-07 16:15:05
NVDA,NVDA270115C00235000,NVDA,2027-01-15,C,235.0,20.35,5.0,20.55,34.0,0.3792,16051.0,1505.0,0.5376,0.0075,0.5517,-0.0786,0.3783,20.3688,0.955,20.35,22.69,20.02,up,20.38,2026-09-04T15:59:42,4.91634,20.1999998092651,229.4873,2026-09-07 20:11:28,2026-09-07 16:15:05
NVDA,NVDA270115C00240000,NVDA,2027-01-15,C,240.0,18.1,33.0,18.4,25.0,0.3781,46341.0,1430.0,0.5006,0.0076,0.554,-0.0786,0.3551,18.1671,0.9,18.08,20.4,17.55,down,18.2,2026-09-04T15:59:30,5.20231,18.0750007629395,229.4873,2026-09-07 20:11:28,2026-09-07 16:15:05
NVDA,NVDA270115C00245000,NVDA,2027-01-15,C,245.0,16.1,37.0,16.5,91.0,0.3752,11839.0,450.0,0.4644,0.0076,0.5519,-0.078,0.3316,16.1835,0.95,15.8,18.07,15.78,down,16.25,2026-09-04T15:59:41,6.20915,16.0749998092651,229.4873,2026-09-07 20:11:28,2026-09-07 16:15:05
NVDA,NVDA270115C00250000,NVDA,2027-01-15,C,250.0,14.25,107.0,14.45,1.0,0.3742,62315.0,1899.0,0.4287,0.0075,0.5453,-0.0768,0.3082,14.3531,0.825,14.07,16.25,14.05,down,14.35,2026-09-04T15:59:52,6.09981,14.2999997138977,229.4873,2026-09-07 20:11:28,2026-09-07 16:15:05
NVDA,NVDA270115C00255000,NVDA,2027-01-15,C,255.0,12.45,91.0,12.85,27.0,0.3716,18460.0,1756.0,0.3947,0.0074,0.5349,-0.0751,0.2851,12.7232,0.775,13.0,14.35,12.55,down,12.7,2026-09-04T15:49:16,6.49895,12.6500000953674,229.4873,2026-09-07 20:11:28,2026-09-07 16:15:05
NVDA,NVDA270115C00260000,NVDA,2027-01-15,C,260.0,11.15,6.0,11.3,5.0,0.3726,51172.0,782.0,0.3617,0.0072,0.5209,-0.0729,0.2628,11.2399,0.86,11.15,12.7,10.77,up,11.31,2026-09-04T15:51:53,8.22966,11.1500000953674,229.4873,2026-09-07 20:11:28,2026-09-07 16:15:05
NVDA,NVDA270115C00265000,NVDA,2027-01-15,C,265.0,9.8,27.0,10.15,30.0,0.3734,11337.0,203.0,0.3308,0.007,0.5042,-0.0704,0.2413,9.9316,0.825,10.0,11.31,9.8,no_change,10.05,2026-09-04T15:54:09,8.94308,9.875,229.4873,2026-09-07 20:11:28,2026-09-07 16:15:05
NVDA,NVDA270115C00270000,NVDA,2027-01-15,C,270.0,8.5,137.0,8.85,37.0,0.3703,29680.0,874.0,0.3013,0.0067,0.4848,-0.0676,0.2208,8.7489,0.65,8.58,10.0,8.3,down,8.7,2026-09-04T15:59:31,8.07454,8.67500019073486,229.4873,2026-09-07 20:11:28,2026-09-07 16:15:05
NVDA,NVDA270115C00275000,NVDA,2027-01-15,C,275.0,7.4,57.0,7.8,10.0,0.3728,6071.0,353.0,0.2732,0.0064,0.4631,-0.0645,0.2009,7.6788,0.675,7.45,8.85,7.25,up,7.7,2026-09-04T15:50:14,9.60854,7.625,229.4873,2026-09-07 20:11:28,2026-09-07 16:15:05
NVDA,NVDA270115C00280000,NVDA,2027-01-15,C,280.0,6.7,3.0,6.95,85.0,0.3742,36294.0,1724.0,0.2477,0.0061,0.4406,-0.0612,0.1827,6.7556,0.66,6.35,7.7,6.35,up,6.81,2026-09-04T15:57:12,10.7317,6.70000004768372,229.4873,2026-09-07 20:11:28,2026-09-07 16:15:05
NVDA,NVDA270115C00285000,NVDA,2027-01-15,C,285.0,5.8,10.0,6.05,22.0,0.3735,9401.0,3418.0,0.2238,0.0058,0.4171,-0.0579,0.1656,5.9274,0.5,6.5,6.75,5.82,down,5.9,2026-09-04T15:23:35,9.25926,5.875,229.4873,2026-09-07 20:11:28,2026-09-07 16:15:05
NVDA,NVDA270115C00290000,NVDA,2027-01-15,C,290.0,5.1,20.0,5.35,43.0,0.374,38967.0,207.0,0.202,0.0054,0.393,-0.0546,0.1497,5.2071,0.425,4.95,6.01,4.75,down,5.15,2026-09-04T15:44:58,8.99471,5.15000009536743,229.4873,2026-09-07 20:11:28,2026-09-07 16:15:05
NVDA,NVDA270115C00295000,NVDA,2027-01-15,C,295.0,4.5,23.0,4.7,22.0,0.375,4362.0,188.0,0.182,0.0051,0.3693,-0.0512,0.1354,4.5718,0.4,4.35,5.25,4.35,down,4.5,2026-09-04T15:08:37,9.75609,4.52499985694885,229.4873,2026-09-07 20:11:28,2026-09-07 16:15:05
NVDA,NVDA270115C00300000,NVDA,2027-01-15,C,300.0,3.95,32.0,4.05,1.0,0.3745,63899.0,3950.0,0.1639,0.0047,0.3457,-0.0479,0.122,4.0178,0.55,3.8,4.6,3.6,no_change,4.1,2026-09-04T15:55:42,15.493,3.97500002384186,229.4873,2026-09-07 20:11:28,2026-09-07 16:15:05
NVDA,NVDA270115C00310000,NVDA,2027-01-15,C,310.0,3.0,60.0,3.2,38.0,0.3781,15042.0,6261.0,0.1321,0.0041,0.3,-0.0416,0.0988,3.0932,0.415,2.9,3.53,2.9,up,3.15,2026-09-04T15:52:27,15.1737,3.07500004768372,229.4873,2026-09-07 20:11:28,2026-09-07 16:15:05
NVDA,NVDA270115C00320000,NVDA,2027-01-15,C,320.0,2.29,90.0,2.48,75.0,0.379,10631.0,170.0,0.1065,0.0035,0.258,-0.0358,0.0798,2.3932,0.285,2.48,2.75,2.32,down,2.38,2026-09-04T15:49:08,13.6038,2.36500000953674,229.4873,2026-09-07 20:11:28,2026-09-07 16:15:05
NVDA,NVDA270115C00330000,NVDA,2027-01-15,C,330.0,1.84,12.0,2.06,213.0,0.3828,6115.0,320.0,0.0854,0.0029,0.2196,-0.0306,0.064,1.8479,0.28,1.76,2.12,1.76,up,1.89,2026-09-04T15:59:20,17.3913,1.84999996423721,229.4873,2026-09-07 20:11:28,2026-09-07 16:15:05
NVDA,NVDA270115C00340000,NVDA,2027-01-15,C,340.0,1.42,115.0,1.5,96.0,0.3859,72964.0,996.0,0.0688,0.0025,0.1871,-0.026,0.0517,1.4416,0.195,1.38,1.66,1.36,down,1.45,2026-09-04T15:43:24,15.5378,1.4549999833107,229.4873,2026-09-07 20:11:28,2026-09-07 16:15:05
NVDA,NVDA270115C00350000,NVDA,2027-01-15,C,350.0,1.11,106.0,1.29,1.0,0.388,8943.0,402.0,0.0554,0.0021,0.158,-0.0221,0.0416,1.1242,0.14,1.1,1.27,1.05,down,1.12,2026-09-04T15:51:29,14.2857,1.15500003099442,229.4873,2026-09-07 20:11:28,2026-09-07 16:15:05
NVDA,NVDA270115C00360000,NVDA,2027-01-15,C,360.0,0.86,94.0,0.94,129.0,0.3924,9082.0,138.0,0.0447,0.0017,0.1336,-0.0187,0.0336,0.8837,0.14,0.79,1.0,0.79,up,0.92,2026-09-04T14:54:17,17.9487,0.879999995231628,229.4873,2026-09-07 20:11:28,2026-09-07 16:15:05
NVDA,NVDA270115C00370000,NVDA,2027-01-15,C,370.0,0.69,97.0,0.73,4.0,0.3957,5414.0,19.0,0.0362,0.0014,0.1127,-0.0158,0.0272,0.6976,0.12,0.81,0.83,0.73,down,0.74,2026-09-04T13:13:47,19.3548,0.71000000834465,229.4873,2026-09-07 20:11:28,2026-09-07 16:15:05
NVDA,NVDA270115C00380000,NVDA,2027-01-15,C,380.0,0.55,77.0,0.6,75.0,0.4004,3220.0,32.0,0.0293,0.0012,0.095,-0.0134,0.022,0.5531,0.08,0.58,0.66,0.51,down,0.57,2026-09-04T15:49:20,16.3265,0.575000017881394,229.4873,2026-09-07 20:11:28,2026-09-07 16:15:05
NVDA,NVDA270115C00390000,NVDA,2027-01-15,C,390.0,0.42,82.0,0.5,105.0,0.404,3774.0,4.0,0.0239,0.001,0.0803,-0.0114,0.018,0.4419,0.0,0.46,0.49,0.39,down,0.39,2026-09-04T15:38:41,-1.52832e-07,0.474999994039536,229.4873,2026-09-07 20:11:28,2026-09-07 16:15:05
NVDA,NVDA270115C00400000,NVDA,2027-01-15,C,400.0,0.34,83.0,0.4,179.0,0.4076,6842.0,355.0,0.0196,0.0008,0.0678,-0.0096,0.0147,0.3549,0.05,0.38,0.43,0.34,no_change,0.37,2026-09-04T15:16:53,15.625,0.364999994635582,229.4873,2026-09-07 20:11:28,2026-09-07 16:15:05
NVDA,NVDA270115C00410000,NVDA,2027-01-15,C,410.0,0.23,96.0,0.42,257.0,0.4156,2251.0,10.0,0.0161,0.0007,0.0576,-0.0082,0.0121,0.2875,0.075,0.26,0.34,0.26,down,0.31,2026-09-04T10:11:23,31.9149,0.32999999076128,229.4873,2026-09-07 20:11:28,2026-09-07 16:15:05
NVDA,NVDA270115C00420000,NVDA,2027-01-15,C,420.0,0.2,12.0,0.25,11.0,0.4108,11172.0,198.0,0.0133,0.0006,0.049,-0.007,0.01,0.234,0.01,0.23,0.28,0.2,down,0.23,2026-09-04T15:11:27,4.54545,0.229999996721745,229.4873,2026-09-07 20:11:28,2026-09-07 16:15:05
NVDA,NVDA270115C00430000,NVDA,2027-01-15,C,430.0,0.12,266.0,0.31,294.0,0.4223,2585.0,2.0,0.0111,0.0005,0.0417,-0.006,0.0083,0.1916,0.055,0.22,0.22,0.22,up,0.22,2026-09-04T09:43:53,33.3333,0.214999999850988,229.4873,2026-09-07 20:11:28,2026-09-07 16:15:05
NVDA,NVDA270115C00440000,NVDA,2027-01-15,C,440.0,0.14,1.0,0.2,108.0,0.4251,1895.0,67.0,0.0092,0.0004,0.0357,-0.0052,0.0069,0.158,0.015,0.16,0.2,0.15,no_change,0.16,2026-09-04T15:59:33,10.3448,0.21000000834465,229.4873,2026-09-07 20:11:28,2026-09-07 16:15:05
NVDA,NVDA270115C00450000,NVDA,2027-01-15,C,450.0,0.1,111.0,0.15,105.0,0.422,2936.0,531.0,0.0077,0.0004,0.0305,-0.0044,0.0058,0.1305,0.015,0.12,0.15,0.1,no_change,0.12,2026-09-04T15:35:24,14.2857,0.130000002682209,229.4873,2026-09-07 20:11:28,2026-09-07 16:15:05
NVDA,NVDA270115C00455000,NVDA,2027-01-15,C,455.0,0.01,448.0,0.23,421.0,0.4262,727.0,23.0,0.0071,0.0003,0.0283,-0.0041,0.0053,0.119,-0.005,0.15,0.15,0.11,down,0.11,2026-09-04T11:31:35,-4.34783,0.120000001974404,229.4873,2026-09-07 20:11:28,2026-09-07 16:15:05
NVDA,NVDA270115C00460000,NVDA,2027-01-15,C,460.0,0.1,49.0,0.11,14.0,0.4263,36131.0,9749.0,0.0065,0.0003,0.0262,-0.0038,0.0048,0.1083,0.01,0.09,0.13,0.09,down,0.1,2026-09-04T15:25:49,11.1111,0.105000000447035,229.4873,2026-09-07 20:11:28,2026-09-07 16:15:05
NVDA,NVDA270115P00005000,NVDA,2027-01-15,P,5.0,0.0,0.0,0.01,62.0,1.9661,9182.0,0.0,0.0,0.0,0.0002,-0.0001,0.0,0.0022,0.0,0.0,0.0,0.0,no_change,0.01,2026-08-26T13:54:16,0.0,0.00499999988824129,229.4873,2026-09-07 20:11:28,2026-09-07 16:15:05
NVDA,NVDA270115P00010000,NVDA,2027-01-15,P,10.0,0.0,0.0,0.06,175.0,1.776,3238.0,0.0,-0.0001,0.0,0.0004,-0.0002,-0.0001,0.0045,0.0,0.0,0.0,0.0,no_change,0.01,2026-08-27T10:08:03,0.0,0.0299999993294477,229.4873,2026-09-07 20:11:28,2026-09-07 16:15:05
NVDA,NVDA270115P00015000,NVDA,2027-01-15,P,15.0,0.0,0.0,0.01,150.0,1.3747,33272.0,0.0,-0.0001,0.0,0.0007,-0.0004,-0.0001,0.0073,0.0,0.0,0.0,0.0,no_change,0.01,2026-08-24T09:47:49,0.0,0.00499999988824129,229.4873,2026-09-07 20:11:28,2026-09-07 16:15:05
NVDA,NVDA270115P00020000,NVDA,2027-01-15,P,20.0,0.0,0.0,0.04,14.0,1.3677,12574.0,0.0,-0.0002,0.0,0.0011,-0.0005,-0.0002,0.0108,0.0,0.0,0.0,0.0,no_change,0.01,2026-09-01T13:40:31,0.0,0.0199999995529652,229.4873,2026-09-07 20:11:28,2026-09-07 16:15:05
NVDA,NVDA270115P00025000,NVDA,2027-01-15,P,25.0,0.0,0.0,0.1,9.0,1.24,17943.0,0.0,-0.0003,0.0,0.0016,-0.0007,-0.0003,0.015,0.0,0.0,0.0,0.0,up,0.02,2026-08-19T14:24:04,0.0,0.0199999995529652,229.4873,2026-09-07 20:11:28,2026-09-07 16:15:05
NVDA,NVDA270115P00030000,NVDA,2027-01-15,P,30.0,0.0,0.0,0.03,19.0,1.1107,2996.0,0.0,-0.0004,0.0,0.0021,-0.0009,-0.0004,0.0201,0.0,0.0,0.0,0.0,no_change,0.02,2026-08-28T15:31:39,0.0,0.0199999995529652,229.4873,2026-09-07 20:11:28,2026-09-07 16:15:05
NVDA,NVDA270115P00035000,NVDA,2027-01-15,P,35.0,0.0,0.0,0.03,34.0,1.0518,6600.0,0.0,-0.0006,0.0,0.0028,-0.0011,-0.0006,0.0262,0.0,0.0,0.0,0.0,no_change,0.03,2026-08-28T14:19:06,0.0,0.0199999995529652,229.4873,2026-09-07 20:11:28,2026-09-07 16:15:05
NVDA,NVDA270115P00040000,NVDA,2027-01-15,P,40.0,0.0,0.0,0.1,11.0,1.0728,2618.0,0.0,-0.0008,0.0,0.0037,-0.0013,-0.0007,0.0335,0.0,0.0,0.0,0.0,up,0.03,2026-09-02T10:48:44,0.0,0.0550000006332994,229.4873,2026-09-07 20:11:28,2026-09-07 16:15:05
NVDA,NVDA270115P00045000,NVDA,2027-01-15,P,45.0,0.02,1.0,0.08,16.0,0.9922,7260.0,1.0,-0.001,0.0,0.0047,-0.0016,-0.0009,0.042,-0.01,0.04,0.04,0.04,down,0.04,2026-09-04T10:00:05,-20.0,0.0499999988824129,229.4873,2026-09-07 20:11:28,2026-09-07 16:15:05
NVDA,NVDA270115P00050000,NVDA,2027-01-15,P,50.0,0.04,20.0,0.05,3.0,0.9201,12564.0,3.0,-0.0013,0.0,0.0059,-0.002,-0.0012,0.052,0.005,0.05,0.05,0.05,up,0.05,2026-09-04T13:24:37,11.1111,0.0449999999254942,229.4873,2026-09-07 20:11:28,2026-09-07 16:15:05
NVDA,NVDA270115P00055000,NVDA,2027-01-15,P,55.0,0.03,16.0,0.09,18.0,0.8891,3873.0,20.0,-0.0016,0.0,0.0073,-0.0023,-0.0015,0.0637,0.01,0.08,0.08,0.07,down,0.07,2026-09-04T11:12:48,16.6667,0.0500000016763806,229.4873,2026-09-07 20:11:28,2026-09-07 16:15:05
NVDA,NVDA270115P00060000,NVDA,2027-01-15,P,60.0,0.05,1.0,0.1,16.0,0.8562,15886.0,2.0,-0.002,0.0,0.0089,-0.0027,-0.0018,0.0773,0.005,0.08,0.08,0.08,no_change,0.08,2026-09-04T13:33:26,6.66667,0.0750000011175871,229.4873,2026-09-07 20:11:28,2026-09-07 16:15:05
NVDA,NVDA270115P00065000,NVDA,2027-01-15,P,65.0,0.04,1.0,0.11,2.0,0.8128,6279.0,1.0,-0.0025,0.0001,0.0107,-0.0032,-0.0023,0.0931,0.005,0.08,0.08,0.08,down,0.08,2026-09-04T15:12:48,6.66667,0.0749999992549419,229.4873,2026-09-07 20:11:28,2026-09-07 16:15:05
NVDA,NVDA270115P00070000,NVDA,2027-01-15,P,70.0,0.07,50.0,0.18,1.0,0.7862,13390.0,75.0,-0.003,0.0001,0.013,-0.0037,-0.0028,0.1114,0.025,0.12,0.12,0.09,up,0.11,2026-09-04T13:51:28,29.4118,0.104999996721745,229.4873,2026-09-07 20:11:28,2026-09-07 16:15:05
NVDA,NVDA270115P00075000,NVDA,2027-01-15,P,75.0,0.1,96.0,0.14,3.0,0.7583,10517.0,4.0,-0.0037,0.0001,0.0154,-0.0042,-0.0034,0.1325,-0.02,0.14,0.14,0.12,down,0.12,2026-09-04T15:21:14,-14.2857,0.109999999403954,229.4873,2026-09-07 20:11:28,2026-09-07 16:15:05
NVDA,NVDA270115P00080000,NVDA,2027-01-15,P,80.0,0.13,121.0,0.2,145.0,0.7448,26850.0,12.0,-0.0044,0.0001,0.0182,-0.0048,-0.004,0.1567,0.01,0.13,0.17,0.13,up,0.17,2026-09-04T12:37:51,6.25,0.155000001192093,229.4873,2026-09-07 20:11:28,2026-09-07 16:15:05
NVDA,NVDA270115P00085000,NVDA,2027-01-15,P,85.0,0.15,101.0,0.23,152.0,0.7172,13686.0,3.0,-0.0053,0.0001,0.0216,-0.0055,-0.0048,0.1846,-0.04,0.16,0.2,0.16,down,0.18,2026-09-04T15:21:42,-18.1818,0.195000000298023,229.4873,2026-09-07 20:11:28,2026-09-07 16:15:05
NVDA,NVDA270115P00090000,NVDA,2027-01-15,P,90.0,0.18,89.0,0.26,109.0,0.6918,28804.0,19.0,-0.0064,0.0002,0.0252,-0.0062,-0.0058,0.2168,-0.03,0.2,0.23,0.19,down,0.19,2026-09-04T15:12:48,-13.6364,0.219999998807907,229.4873,2026-09-07 20:11:28,2026-09-07 16:15:05
NVDA,NVDA270115P00095000,NVDA,2027-01-15,P,95.0,0.22,95.0,0.3,96.0,0.6699,22467.0,0.0,-0.0076,0.0002,0.0294,-0.007,-0.0068,0.2534,0.0,0.0,0.0,0.0,no_change,0.27,2026-09-03T13:27:05,0.0,0.25,229.4873,2026-09-07 20:11:28,2026-09-07 16:15:05
NVDA,NVDA270115P00100000,NVDA,2027-01-15,P,100.0,0.3,1.0,0.33,87.0,0.6514,185352.0,79.0,-0.009,0.0003,0.0343,-0.0079,-0.0081,0.2955,0.01,0.29,0.33,0.29,down,0.3,2026-09-04T15:57:50,3.44827,0.305000007152557,229.4873,2026-09-07 20:11:28,2026-09-07 16:15:05
NVDA,NVDA270115P00105000,NVDA,2027-01-15,P,105.0,0.32,41.0,0.37,2.0,0.6248,18581.0,0.0,-0.0107,0.0003,0.0396,-0.0089,-0.0095,0.3442,0.0,0.0,0.0,0.0,no_change,0.35,2026-09-02T11:31:50,0.0,0.349999994039536,229.4873,2026-09-07 20:11:28,2026-09-07 16:15:05
NVDA,NVDA270115P00110000,NVDA,2027-01-15,P,110.0,0.38,94.0,0.43,51.0,0.6046,23378.0,1.0,-0.0126,0.0004,0.0457,-0.01,-0.0112,0.3999,0.02,0.42,0.42,0.42,up,0.42,2026-09-04T12:47:31,5.0,0.399999991059303,229.4873,2026-09-07 20:11:28,2026-09-07 16:15:05
NVDA,NVDA270115P00115000,NVDA,2027-01-15,P,115.0,0.45,89.0,0.51,100.0,0.5883,20410.0,20.0,-0.0148,0.0005,0.0529,-0.0111,-0.0132,0.4642,-0.01,0.46,0.47,0.46,up,0.47,2026-09-04T15:31:13,-2.08333,0.464999988675118,229.4873,2026-09-07 20:11:28,2026-09-07 16:15:05
NVDA,NVDA270115P00120000,NVDA,2027-01-15,P,120.0,0.51,97.0,0.56,61.0,0.5661,32515.0,17.0,-0.0174,0.0006,0.0605,-0.0124,-0.0154,0.539,-0.035,0.54,0.54,0.5,down,0.5,2026-09-04T14:53:29,-6.54206,0.530000001192093,229.4873,2026-09-07 20:11:28,2026-09-07 16:15:05
NVDA,NVDA270115P00125000,NVDA,2027-01-15,P,125.0,0.6,111.0,0.65,72.0,0.549,18743.0,19.0,-0.0205,0.0006,0.0694,-0.0138,-0.0181,0.6257,0.005,0.6,0.62,0.6,no_change,0.62,2026-09-04T15:32:14,0.813007,0.625,229.4873,2026-09-07 20:11:28,2026-09-07 16:15:05
NVDA,NVDA270115P00130000,NVDA,2027-01-15,P,130.0,0.69,80.0,0.75,63.0,0.5316,28254.0,244.0,-0.024,0.0008,0.0798,-0.0154,-0.0212,0.7266,0.035,0.68,0.75,0.68,up,0.75,2026-09-04T15:59:15,4.8951,0.719999998807907,229.4873,2026-09-07 20:11:28,2026-09-07 16:15:05
NVDA,NVDA270115P00135000,NVDA,2027-01-15,P,135.0,0.67,173.0,0.87,50.0,0.5172,17776.0,47.0,-0.0283,0.0009,0.0911,-0.0171,-0.0248,0.8481,0.03,0.8,0.85,0.8,up,0.85,2026-09-04T15:57:54,3.65854,0.830000013113022,229.4873,2026-09-07 20:11:28,2026-09-07 16:15:05
NVDA,NVDA270115P00140000,NVDA,2027-01-15,P,140.0,0.95,234.0,1.02,87.0,0.5008,27852.0,43.0,-0.0333,0.0011,0.1041,-0.0191,-0.0292,0.9911,0.005,0.94,0.99,0.91,down,0.98,2026-09-04T15:08:02,0.512821,0.979999989271164,229.4873,2026-09-07 20:11:28,2026-09-07 16:15:05
NVDA,NVDA270115P00145000,NVDA,2027-01-15,P,145.0,1.12,106.0,1.19,64.0,0.4865,14651.0,31.0,-0.0393,0.0012,0.1195,-0.0213,-0.0343,1.1648,-0.005,1.07,1.14,1.06,up,1.14,2026-09-04T15:28:31,-0.43668,1.16000002622604,229.4873,2026-09-07 20:11:28,2026-09-07 16:15:05
NVDA,NVDA270115P00150000,NVDA,2027-01-15,P,150.0,1.35,62.0,1.6,50.0,0.4744,136936.0,3276.0,-0.0464,0.0015,0.1363,-0.0237,-0.0403,1.3746,0.025,1.3,1.39,1.23,up,1.39,2026-09-04T15:59:22,1.8315,1.35500001907349,229.4873,2026-09-07 20:11:28,2026-09-07 16:15:05
NVDA,NVDA270115P00155000,NVDA,2027-01-15,P,155.0,1.58,107.0,1.66,72.0,0.4621,16980.0,112.0,-0.0547,0.0017,0.1562,-0.0265,-0.0476,1.6275,0.035,1.47,1.65,1.43,no_change,1.64,2026-09-04T15:49:52,2.18068,1.61500000953674,229.4873,2026-09-07 20:11:28,2026-09-07 16:15:05
NVDA,NVDA270115P00160000,NVDA,2027-01-15,P,160.0,1.89,110.0,1.97,101.0,0.4511,27208.0,271.0,-0.0649,0.002,0.1775,-0.0296,-0.0561,1.9406,0.005,1.8,1.99,1.7,no_change,1.96,2026-09-04T15:57:17,0.255755,1.92500001192093,229.4873,2026-09-07 20:11:28,2026-09-07 16:15:05
NVDA,NVDA270115P00165000,NVDA,2027-01-15,P,165.0,2.24,165.0,2.35,121.0,0.4404,20640.0,213.0,-0.0769,0.0024,0.2026,-0.0331,-0.0663,2.3239,-0.025,2.1,2.37,2.02,down,2.28,2026-09-04T15:57:59,-1.0846,2.29999995231628,229.4873,2026-09-07 20:11:28,2026-09-07 16:15:05
NVDA,NVDA270115P00170000,NVDA,2027-01-15,P,170.0,2.71,89.0,2.82,87.0,0.4326,36898.0,250.0,-0.0907,0.0027,0.2286,-0.0368,-0.078,2.7798,-0.055,2.6,2.79,2.43,down,2.71,2026-09-04T15:59:15,-1.98915,2.76999998092651,229.4873,2026-09-07 20:11:28,2026-09-07 16:15:05
NVDA,NVDA270115P00175000,NVDA,2027-01-15,P,175.0,3.2,168.0,3.4,129.0,0.4242,24310.0,157.0,-0.1069,0.0031,0.2581,-0.0408,-0.0915,3.3333,-0.005,3.05,3.35,2.88,up,3.32,2026-09-04T15:46:53,-0.150377,3.32500004768372,229.4873,2026-09-07 20:11:28,2026-09-07 16:15:05
NVDA,NVDA270115P00180000,NVDA,2027-01-15,P,180.0,3.9,63.0,4.05,42.0,0.4177,148424.0,736.0,-0.1256,0.0036,0.2884,-0.0452,-0.1072,3.9996,0.0,3.75,4.05,3.49,down,4.0,2026-09-04T15:59:42,-2.98023e-06,3.97500014305115,229.4873,2026-09-07 20:11:28,2026-09-07 16:15:05
NVDA,NVDA270115P00185000,NVDA,2027-01-15,P,185.0,4.65,104.0,4.85,68.0,0.4113,20559.0,375.0,-0.1467,0.004,0.3213,-0.0496,-0.1248,4.7865,0.025,4.55,4.85,4.21,no_change,4.8,2026-09-04T15:57:35,0.523563,4.77499985694885,229.4873,2026-09-07 20:11:28,2026-09-07 16:15:05
NVDA,NVDA270115P00190000,NVDA,2027-01-15,P,190.0,5.6,817.0,5.8,2.0,0.4067,40760.0,456.0,-0.1704,0.0045,0.3529,-0.0541,-0.1444,5.7085,-0.1,5.6,5.8,5.0,down,5.65,2026-09-04T15:59:42,-1.73913,5.72500014305115,229.4873,2026-09-07 20:11:28,2026-09-07 16:15:05
NVDA,NVDA270115P00195000,NVDA,2027-01-15,P,195.0,6.65,50.0,6.85,37.0,0.4014,15165.0,150.0,-0.1964,0.005,0.3862,-0.0586,-0.1657,6.7753,-0.075,6.53,6.85,5.96,down,6.75,2026-09-04T15:49:57,-1.0989,6.77499985694885,229.4873,2026-09-07 20:11:28,2026-09-07 16:15:05
NVDA,NVDA270115P00200000,NVDA,2027-01-15,P,200.0,7.85,40.0,8.05,10.0,0.3969,73933.0,1737.0,-0.2251,0.0055,0.4168,-0.063,-0.1882,8.0102,-0.14,7.9,8.1,7.0,no_change,7.96,2026-09-04T15:59:51,-1.72839,8.0,229.4873,2026-09-07 20:11:28,2026-09-07 16:15:05
NVDA,NVDA270115P00205000,NVDA,2027-01-15,P,205.0,9.25,57.0,9.5,26.0,0.3929,14471.0,112.0,-0.256,0.006,0.447,-0.0671,-0.213,9.4197,-0.2,9.0,9.4,8.38,down,9.3,2026-09-04T15:52:25,-2.10526,9.47499990463257,229.4873,2026-09-07 20:11:28,2026-09-07 16:15:05
NVDA,NVDA270115P00210000,NVDA,2027-01-15,P,210.0,10.75,94.0,11.1,38.0,0.3886,18150.0,747.0,-0.289,0.0064,0.4739,-0.0708,-0.2384,11.0112,-0.21,10.6,11.05,9.65,no_change,10.94,2026-09-04T15:59:51,-1.88341,11.0749998092651,229.4873,2026-09-07 20:11:28,2026-09-07 16:15:05
NVDA,NVDA270115P00215000,NVDA,2027-01-15,P,215.0,12.6,49.0,12.9,19.0,0.386,11086.0,724.0,-0.3242,0.0068,0.4982,-0.0742,-0.2639,12.8122,-0.255,12.02,12.85,11.4,no_change,12.72,2026-09-04T15:58:10,-1.96532,12.875,229.4873,2026-09-07 20:11:28,2026-09-07 16:15:05
NVDA,NVDA270115P00220000,NVDA,2027-01-15,P,220.0,14.5,119.0,14.9,80.0,0.3827,13595.0,438.0,-0.3604,0.0072,0.5181,-0.077,-0.289,14.7952,-0.3,14.58,14.9,13.2,down,14.7,2026-09-04T15:56:44,-2.0,14.875,229.4873,2026-09-07 20:11:28,2026-09-07 16:15:05
NVDA,NVDA270115P00225000,NVDA,2027-01-15,P,225.0,16.75,55.0,17.05,19.0,0.3809,9038.0,1464.0,-0.3976,0.0074,0.5336,-0.0792,-0.3157,16.9668,-0.41,16.77,17.15,15.2,down,16.84,2026-09-04T15:56:10,-2.37681,17.1000003814697,229.4873,2026-09-07 20:11:28,2026-09-07 16:15:05
NVDA,NVDA270115P00230000,NVDA,2027-01-15,P,230.0,19.1,60.0,19.45,34.0,0.3782,10358.0,1647.0,-0.4361,0.0077,0.5442,-0.0808,-0.3395,19.3762,-0.37,18.75,19.51,17.5,up,19.28,2026-09-04T15:59:57,-1.88295,19.4749994277954,229.4873,2026-09-07 20:11:28,2026-09-07 16:15:05
NVDA,NVDA270115P00235000,NVDA,2027-01-15,P,235.0,21.7,34.0,22.05,9.0,0.3764,4705.0,239.0,-0.4747,0.0079,0.5497,-0.0818,-0.363,21.9753,-0.35,20.75,22.16,19.85,down,21.95,2026-09-04T15:47:16,-1.56951,22.0999994277954,229.4873,2026-09-07 20:11:28,2026-09-07 16:15:05
NVDA,NVDA270115P00240000,NVDA,2027-01-15,P,240.0,24.45,16.0,24.85,27.0,0.3745,8119.0,63.0,-0.5133,0.008,0.5498,-0.0822,-0.3838,24.7689,-0.375,23.6,24.9,22.6,no_change,24.75,2026-09-04T15:47:48,-1.49254,24.9000005722046,229.4873,2026-09-07 20:11:28,2026-09-07 16:15:05
NVDA,NVDA270115P00245000,NVDA,2027-01-15,P,245.0,27.45,17.0,27.85,32.0,0.3732,1838.0,100.0,-0.5515,0.008,0.5451,-0.082,-0.4029,27.768,-0.25,26.85,27.9,25.43,down,27.7,2026-09-04T15:47:49,-0.894454,27.8500003814697,229.4873,2026-09-07 20:11:28,2026-09-07 16:15:05
NVDA,NVDA270115P00250000,NVDA,2027-01-15,P,250.0,30.35,12.0,31.25,20.0,0.3725,2895.0,127.0,-0.5893,0.008,0.5349,-0.0813,-0.418,30.9714,-0.3,28.45,31.1,28.25,down,30.85,2026-09-04T15:47:47,-0.963081,31.0750007629394,229.4873,2026-09-07 20:11:28,2026-09-07 16:15:05
NVDA,NVDA270115P00255000,NVDA,2027-01-15,P,255.0,33.65,161.0,34.4,32.0,0.3676,644.0,30.0,-0.6256,0.0079,0.521,-0.0801,-0.4302,34.3285,-0.75,31.97,34.2,31.82,up,34.2,2026-09-04T15:47:48,-2.14592,34.6000003814697,229.4873,2026-09-07 20:11:28,2026-09-07 16:15:05
NVDA,NVDA270115P00260000,NVDA,2027-01-15,P,260.0,37.2,114.0,38.1,53.0,0.3684,3042.0,90.0,-0.661,0.0078,0.5017,-0.0785,-0.4368,37.8763,-2.3,35.85,36.0,34.7,no_change,36.0,2026-09-04T10:54:56,-6.00522,37.9249992370606,229.4873,2026-09-07 20:11:28,2026-09-07 16:15:05
NVDA,NVDA270115P00265000,NVDA,2027-01-15,P,265.0,40.65,40.0,41.7,15.0,0.3637,481.0,0.0,-0.6948,0.0076,0.4802,-0.0765,-0.4405,41.5918,0.0,0.0,0.0,0.0,down,41.9,2026-09-03T14:53:28,0.0,41.8250007629394,229.4873,2026-09-07 20:11:28,2026-09-07 16:15:05
NVDA,NVDA270115P00270000,NVDA,2027-01-15,P,270.0,44.35,165.0,45.55,1.0,0.3609,1226.0,64.0,-0.7272,0.0074,0.4538,-0.0742,-0.4369,45.4589,-0.575,42.5,45.35,42.02,up,45.35,2026-09-04T15:05:04,-1.25204,45.2999992370606,229.4873,2026-09-07 20:11:28,2026-09-07 16:15:05
NVDA,NVDA270115P00275000,NVDA,2027-01-15,P,275.0,48.3,47.0,49.9,32.0,0.3635,704.0,70.0,-0.7577,0.0071,0.4265,-0.0717,-0.4308,49.4723,-3.945,46.23,46.23,46.23,no_change,46.23,2026-09-04T09:56:27,-7.86248,49.5750007629394,229.4873,2026-09-07 20:11:28,2026-09-07 16:15:05
NVDA,NVDA270115P00280000,NVDA,2027-01-15,P,280.0,52.4,84.0,55.1,55.0,0.3598,2490.0,42.0,-0.7866,0.0069,0.396,-0.0691,-0.4182,53.6147,-1.325,51.4,53.3,50.2,up,53.3,2026-09-04T14:39:28,-2.42563,53.8500003814697,229.4873,2026-09-07 20:11:28,2026-09-07 16:15:05
NVDA,NVDA270115P00285000,NVDA,2027-01-15,P,285.0,53.8,5.0,59.4,5.0,0.3584,259.0,26.0,-0.8135,0.0066,0.3635,-0.0663,-0.4063,57.8807,-0.625,57.45,57.45,57.45,down,57.45,2026-09-04T13:30:20,-1.07619,58.0750007629394,229.4873,2026-09-07 20:11:28,2026-09-07 16:15:05
NVDA,NVDA270115P00290000,NVDA,2027-01-15,P,290.0,60.9,166.0,63.05,16.0,0.3647,510.0,1.0,-0.8386,0.0062,0.3294,-0.0633,-0.3799,62.2548,-2.225,60.55,60.55,60.55,down,60.55,2026-09-04T11:11:11,-3.5444,62.5499992370606,229.4873,2026-09-07 20:11:28,2026-09-07 16:15:05
NVDA,NVDA270115P00295000,NVDA,2027-01-15,P,295.0,64.85,1.0,70.4,50.0,0.3642,57.0,0.0,-0.8618,0.0059,0.2948,-0.0602,-0.3564,66.7288,0.0,0.0,0.0,0.0,no_change,66.68,2026-09-03T14:12:20,0.0,66.8250007629394,229.4873,2026-09-07 20:11:28,2026-09-07 16:15:05
NVDA,NVDA270115P00300000,NVDA,2027-01-15,P,300.0,69.9,138.0,72.1,15.0,0.363,1709.0,26.0,-0.8829,0.0055,0.2617,-0.0567,-0.3313,71.2898,-4.175,69.4,69.4,68.35,no_change,68.35,2026-09-04T10:34:55,-5.75664,71.375,229.4873,2026-09-07 20:11:28,2026-09-07 16:15:05
NVDA,NVDA270115P00310000,NVDA,2027-01-15,P,310.0,78.5,55.0,82.15,55.0,0.3489,53.0,17.0,-0.9193,0.0046,0.196,-0.0486,-0.2696,80.6394,-3.45,78.0,78.0,78.0,down,78.0,2026-09-04T09:43:49,-4.23573,80.7749977111816,229.4873,2026-09-07 20:11:28,2026-09-07 16:15:05
NVDA,NVDA270115P00320000,NVDA,2027-01-15,P,320.0,85.0,3.0,94.15,2.0,0.3519,1.0,0.0,-0.9475,0.0037,0.1355,-0.0386,-0.2042,90.2263,0.0,0.0,0.0,0.0,up,120.59,2026-07-17T09:50:46,0.0,90.4249992370606,229.4873,2026-09-07 20:11:28,2026-09-07 16:15:05
NVDA,NVDA270115P00330000,NVDA,2027-01-15,P,330.0,95.0,2.0,103.9,2.0,0.3399,0.0,0.0,-0.9679,0.0027,0.0891,-0.0279,-0.1407,99.9775,0.0,0.0,0.0,0.0,no_change,112.7,2026-08-19T10:12:30,0.0,100.25,229.4873,2026-09-07 20:11:28,2026-09-07 16:15:05
NVDA,NVDA270115P00340000,NVDA,2027-01-15,P,340.0,105.0,2.0,113.8,51.0,0.0,0.0,0.0,-0.9819,0.0018,0.0526,-0.0182,-0.1066,109.8424,0.0,0.0,0.0,0.0,up,120.7,2026-08-31T09:30:57,0.0,110.200000762939,229.4873,2026-09-07 20:11:28,2026-09-07 16:15:05
NVDA,NVDA270115P00350000,NVDA,2027-01-15,P,350.0,115.0,2.0,123.8,51.0,0.0,0.0,0.0,-0.9908,0.0011,0.0244,-0.0105,-0.055,119.7749,0.0,0.0,0.0,0.0,up,137.49,2026-06-05T09:51:56,0.0,120.224998474121,229.4873,2026-09-07 20:11:28,2026-09-07 16:15:05
NVDA,NVDA270115P00360000,NVDA,2027-01-15,P,360.0,125.0,51.0,133.8,51.0,0.3968,0.0,0.0,-0.996,0.0006,0.0118,-0.0047,-0.016,129.7451,0.0,0.0,0.0,0.0,up,140.95,2026-08-11T10:43:32,0.0,129.875,229.4873,2026-09-07 20:11:28,2026-09-07 16:15:05
NVDA,NVDA270115P00370000,NVDA,2027-01-15,P,370.0,135.0,51.0,143.75,1.0,0.0,0.0,0.0,-0.9986,0.0002,0.0039,-0.0008,-0.0113,139.7367,0.0,0.0,0.0,0.0,no_change,150.97,2026-06-04T13:34:53,0.0,139.949996948242,229.4873,2026-09-07 20:11:28,2026-09-07 16:15:05
NVDA,NVDA270115P00380000,NVDA,2027-01-15,P,380.0,145.0,51.0,153.75,51.0,0.0,0.0,0.0,-0.9996,0.0001,0.0,0.0,0.0,149.735,0.0,0.0,0.0,0.0,up,158.12,2026-08-28T12:02:27,0.0,149.949996948242,229.4873,2026-09-07 20:11:28,2026-09-07 16:15:05
NVDA,NVDA270115P00390000,NVDA,2027-01-15,P,390.0,155.0,51.0,163.75,1.0,0.0,0.0,0.0,-1.0,0.0,0.0,0.0,0.0,159.735,0.0,0.0,0.0,0.0,up,222.05,2026-03-26T15:54:38,0.0,159.949996948242,229.4873,2026-09-07 20:11:28,2026-09-07 16:15:05
NVDA,NVDA270115P00400000,NVDA,2027-01-15,P,400.0,165.0,2.0,173.75,1.0,0.0,0.0,0.0,-1.0,0.0,0.0,0.0,0.0,169.735,0.0,0.0,0.0,0.0,down,174.17,2026-08-27T11:06:50,0.0,168.675003051758,229.4873,2026-09-07 20:11:28,2026-09-07 16:15:05
NVDA,NVDA270115P00410000,NVDA,2027-01-15,P,410.0,175.0,51.0,183.75,51.0,0.0,0.0,0.0,-1.0,0.0,0.0,0.0,0.0,179.735,0.0,0.0,0.0,0.0,down,187.4,2026-05-19T13:58:01,0.0,179.974998474121,229.4873,2026-09-07 20:11:28,2026-09-07 16:15:05
NVDA,NVDA270115P00420000,NVDA,2027-01-15,P,420.0,185.0,51.0,193.75,51.0,0.0,0.0,0.0,-1.0,0.0,0.0,0.0,0.0,189.735,0.0,0.0,0.0,0.0,down,192.15,2026-08-27T14:09:18,0.0,189.800003051758,229.4873,2026-09-07 20:11:28,2026-09-07 16:15:05
NVDA,NVDA270115P00430000,NVDA,2027-01-15,P,430.0,195.0,51.0,203.85,52.0,0.5312,0.0,0.0,-1.0,0.0,0.0,0.0,0.0,199.735,0.0,0.0,0.0,0.0,no_change,0.0,,0.0,199.925003051758,229.4873,2026-09-07 20:11:28,2026-09-07 16:15:05
NVDA,NVDA270115P00440000,NVDA,2027-01-15,P,440.0,205.0,51.0,213.75,1.0,0.0,0.0,0.0,-1.0,0.0,0.0,0.0,0.0,209.735,0.0,0.0,0.0,0.0,no_change,0.0,,0.0,209.875,229.4873,2026-09-07 20:11:28,2026-09-07 16:15:05
NVDA,NVDA270115P00450000,NVDA,2027-01-15,P,450.0,215.0,51.0,223.7,1.0,0.0,0.0,0.0,-1.0,0.0,0.0,0.0,0.0,219.735,0.0,0.0,0.0,0.0,no_change,0.0,,0.0,219.900001525879,229.4873,2026-09-07 20:11:28,2026-09-07 16:15:05
NVDA,NVDA270115P00455000,NVDA,2027-01-15,P,455.0,220.05,1.0,228.7,2.0,0.0,0.0,0.0,-1.0,0.0,0.0,0.0,0.0,224.735,0.0,0.0,0.0,0.0,up,235.56,2026-08-19T15:48:06,0.0,224.775001525879,229.4873,2026-09-07 20:11:28,2026-09-07 16:15:05
NVDA,NVDA270115P00460000,NVDA,2027-01-15,P,460.0,225.0,5.0,233.8,2.0,0.0,0.0,0.0,-1.0,0.0,0.0,0.0,0.0,229.735,0.0,0.0,0.0,0.0,up,242.87,2026-08-20T15:23:17,0.0,229.849998474121,229.4873,2026-09-07 20:11:28,2026-09-07 16:15:05
NVDA,NVDA270219C00050000,NVDA,2027-02-19,C,50.0,176.05,2.0,186.0,2.0,0.9038,26.0,0.0,0.9995,0.0,0.0088,-0.0021,0.2238,181.1387,0.0,0.0,0.0,0.0,no_change,169.99,2026-08-28T13:03:24,0.0,181.049995422363,229.4873,2026-09-07 20:11:28,2026-09-07 16:15:05
NVDA,NVDA270219C00055000,NVDA,2027-02-19,C,55.0,171.05,2.0,181.0,51.0,0.8675,1.0,0.0,0.999,0.0,0.0107,-0.0025,0.2458,176.2561,0.0,0.0,0.0,0.0,up,172.72,2026-08-28T09:31:31,0.0,176.125,229.4873,2026-09-07 20:11:28,2026-09-07 16:15:05
NVDA,NVDA270219C00060000,NVDA,2027-02-19,C,60.0,166.05,2.0,176.0,2.0,0.8157,2.0,0.0,0.9986,0.0001,0.0129,-0.0029,0.2677,171.376,0.0,0.0,0.0,0.0,down,165.87,2026-08-28T10:31:19,0.0,171.299995422363,229.4873,2026-09-07 20:11:28,2026-09-07 16:15:05
NVDA,NVDA270219C00065000,NVDA,2027-02-19,C,65.0,162.0,2.0,171.7,1.0,0.798,10.0,0.0,0.998,0.0001,0.0154,-0.0033,0.2895,166.4986,0.0,0.0,0.0,0.0,down,138.78,2026-07-17T10:02:52,0.0,166.224998474121,229.4873,2026-09-07 20:11:28,2026-09-07 16:15:05
NVDA,NVDA270219C00070000,NVDA,2027-02-19,C,70.0,157.0,5.0,166.95,1.0,0.7529,10.0,3.0,0.9973,0.0001,0.0183,-0.0038,0.3113,161.6244,3.965,164.54,164.54,164.54,up,164.54,2026-09-04T10:50:20,2.46925,161.425003051758,229.4873,2026-09-07 20:11:28,2026-09-07 16:15:05
NVDA,NVDA270219C00075000,NVDA,2027-02-19,C,75.0,152.05,1.0,162.0,2.0,0.7227,5.0,0.0,0.9965,0.0001,0.0216,-0.0044,0.3328,156.7537,0.0,0.0,0.0,0.0,up,153.12,2026-08-27T12:13:11,0.0,156.600006103516,229.4873,2026-09-07 20:11:28,2026-09-07 16:15:05
NVDA,NVDA270219C00080000,NVDA,2027-02-19,C,80.0,147.0,12.0,157.0,12.0,0.6933,0.0,0.0,0.9956,0.0001,0.0254,-0.0049,0.3542,151.8871,0.0,0.0,0.0,0.0,up,145.21,2026-08-07T14:39:19,0.0,151.775001525879,229.4873,2026-09-07 20:11:28,2026-09-07 16:15:05
NVDA,NVDA270219C00085000,NVDA,2027-02-19,C,85.0,142.05,2.0,152.0,55.0,0.7277,5.0,0.0,0.9945,0.0002,0.0296,-0.0056,0.3755,147.0252,0.0,0.0,0.0,0.0,down,141.87,2026-09-03T09:30:41,0.0,146.900001525879,229.4873,2026-09-07 20:11:28,2026-09-07 16:15:05
NVDA,NVDA270219C00090000,NVDA,2027-02-19,C,90.0,138.25,10.0,147.0,12.0,0.6449,1.0,1.0,0.9932,0.0002,0.0345,-0.0063,0.3965,142.1685,2.88,144.28,144.28,144.28,up,144.28,2026-09-04T11:05:47,2.03677,142.699996948242,229.4873,2026-09-07 20:11:28,2026-09-07 16:15:05
NVDA,NVDA270219C00095000,NVDA,2027-02-19,C,95.0,132.05,11.0,142.0,12.0,0.7353,1.0,0.0,0.9918,0.0003,0.04,-0.0071,0.4173,137.3181,0.0,0.0,0.0,0.0,no_change,118.45,2026-07-15T14:03:02,0.0,137.199996948242,229.4873,2026-09-07 20:11:28,2026-09-07 16:15:05
NVDA,NVDA270219C00100000,NVDA,2027-02-19,C,100.0,128.05,10.0,138.0,2.0,0.6024,24.0,0.0,0.9901,0.0003,0.0462,-0.0079,0.4378,132.4749,0.0,0.0,0.0,0.0,down,119.18,2026-09-01T10:04:40,0.0,132.525001525879,229.4873,2026-09-07 20:11:28,2026-09-07 16:15:05
NVDA,NVDA270219C00105000,NVDA,2027-02-19,C,105.0,123.0,56.0,133.0,51.0,0.5949,1.0,0.0,0.9881,0.0004,0.0532,-0.0088,0.458,127.6398,0.0,0.0,0.0,0.0,no_change,102.75,2026-07-13T13:58:11,0.0,127.575004577637,229.4873,2026-09-07 20:11:28,2026-09-07 16:15:05
NVDA,NVDA270219C00110000,NVDA,2027-02-19,C,110.0,118.0,58.0,127.6,51.0,0.5716,3.0,0.0,0.9858,0.0004,0.0612,-0.0099,0.4778,122.8145,0.0,0.0,0.0,0.0,down,107.94,2026-08-21T10:38:34,0.0,122.799999237061,229.4873,2026-09-07 20:11:28,2026-09-07 16:15:05
NVDA,NVDA270219C00115000,NVDA,2027-02-19,C,115.0,113.1,10.0,122.2,10.0,0.5486,64.0,0.0,0.9832,0.0005,0.0701,-0.011,0.4972,118.0011,0.0,0.0,0.0,0.0,up,105.84,2026-08-31T09:30:04,0.0,117.849998474121,229.4873,2026-09-07 20:11:28,2026-09-07 16:15:05
NVDA,NVDA270219C00120000,NVDA,2027-02-19,C,120.0,108.0,13.0,118.0,13.0,0.5325,64.0,0.0,0.9801,0.0006,0.0802,-0.0122,0.5161,113.2017,0.0,0.0,0.0,0.0,up,109.0,2026-08-17T14:09:06,0.0,112.975002288818,229.4873,2026-09-07 20:11:28,2026-09-07 16:15:05
NVDA,NVDA270219C00125000,NVDA,2027-02-19,C,125.0,104.85,12.0,112.4,11.0,0.5391,6.0,0.0,0.9765,0.0007,0.0918,-0.0136,0.5342,108.4196,0.0,0.0,0.0,0.0,down,101.0,2026-09-02T10:10:10,0.0,109.524997711182,229.4873,2026-09-07 20:11:28,2026-09-07 16:15:05
NVDA,NVDA270219C00130000,NVDA,2027-02-19,C,130.0,100.25,11.0,107.65,11.0,0.5298,38.0,0.0,0.9722,0.0008,0.1048,-0.0152,0.5516,103.6593,0.0,0.0,0.0,0.0,up,94.0,2026-09-02T09:59:16,0.0,104.575000762939,229.4873,2026-09-07 20:11:28,2026-09-07 16:15:05
NVDA,NVDA270219C00135000,NVDA,2027-02-19,C,135.0,95.35,11.0,102.9,11.0,0.5065,52.0,3.0,0.9672,0.001,0.1195,-0.0169,0.5682,98.9254,5.125,102.85,102.85,102.85,up,102.85,2026-09-04T10:50:56,5.24431,98.875,229.4873,2026-09-07 20:11:28,2026-09-07 16:15:05
NVDA,NVDA270219C00140000,NVDA,2027-02-19,C,140.0,93.6,40.0,97.1,81.0,0.5494,75.0,0.0,0.9612,0.0012,0.1364,-0.0188,0.5835,94.2245,0.0,0.0,0.0,0.0,up,92.57,2026-09-03T10:03:41,0.0,94.2000007629394,229.4873,2026-09-07 20:11:28,2026-09-07 16:15:05
NVDA,NVDA270219C00145000,NVDA,2027-02-19,C,145.0,89.15,11.0,90.75,63.0,0.4907,115.0,0.0,0.9542,0.0014,0.1551,-0.021,0.5976,89.5638,0.0,0.0,0.0,0.0,up,85.15,2026-09-03T11:21:25,0.0,89.0750007629394,229.4873,2026-09-07 20:11:28,2026-09-07 16:15:05
NVDA,NVDA270219C00150000,NVDA,2027-02-19,C,150.0,84.2,43.0,86.1,68.0,0.4676,235.0,0.0,0.9459,0.0016,0.1764,-0.0234,0.6101,84.9513,0.0,0.0,0.0,0.0,up,84.77,2026-09-03T13:42:52,0.0,84.9000015258789,229.4873,2026-09-07 20:11:28,2026-09-07 16:15:05
NVDA,NVDA270219C00155000,NVDA,2027-02-19,C,155.0,79.65,15.0,81.5,11.0,0.4561,70.0,3.0,0.9363,0.0018,0.2,-0.026,0.6209,80.3969,4.985,84.51,84.51,84.51,no_change,84.51,2026-09-04T10:29:26,6.26847,80.3250007629394,229.4873,2026-09-07 20:11:28,2026-09-07 16:15:05
NVDA,NVDA270219C00160000,NVDA,2027-02-19,C,160.0,75.2,68.0,76.8,91.0,0.4429,230.0,57.0,0.925,0.0021,0.2258,-0.0289,0.6298,75.9097,0.725,79.0,79.18,75.55,down,75.55,2026-09-04T15:24:54,0.968926,75.4000015258789,229.4873,2026-09-07 20:11:28,2026-09-07 16:15:05
NVDA,NVDA270219C00165000,NVDA,2027-02-19,C,165.0,70.8,48.0,72.6,56.0,0.4392,87.0,2.0,0.9121,0.0024,0.2539,-0.032,0.6363,71.5007,1.91,72.12,72.12,72.11,down,72.11,2026-09-04T12:44:03,2.7208,71.375,229.4873,2026-09-07 20:11:28,2026-09-07 16:15:05
NVDA,NVDA270219C00170000,NVDA,2027-02-19,C,170.0,66.4,15.0,68.25,24.0,0.4297,115.0,0.0,0.8974,0.0027,0.2837,-0.0353,0.6407,67.1802,0.0,0.0,0.0,0.0,up,64.51,2026-09-03T13:00:15,0.0,66.6750030517578,229.4873,2026-09-07 20:11:28,2026-09-07 16:15:05
NVDA,NVDA270219C00175000,NVDA,2027-02-19,C,175.0,61.95,204.0,64.0,90.0,0.419,341.0,18.0,0.8807,0.0031,0.3155,-0.0388,0.6424,62.9594,3.425,65.0,65.0,65.0,up,65.0,2026-09-04T09:36:38,5.56232,62.6749992370606,229.4873,2026-09-07 20:11:28,2026-09-07 16:15:05
NVDA,NVDA270219C00180000,NVDA,2027-02-19,C,180.0,58.65,19.0,59.9,193.0,0.4252,777.0,35.0,0.8621,0.0034,0.3479,-0.0423,0.6418,58.8489,1.575,62.41,62.41,58.62,up,59.05,2026-09-04T15:57:18,2.74032,58.8250007629394,229.4873,2026-09-07 20:11:28,2026-09-07 16:15:05
NVDA,NVDA270219C00185000,NVDA,2027-02-19,C,185.0,53.95,114.0,55.25,9.0,0.4011,402.0,35.0,0.8415,0.0038,0.3814,-0.0459,0.6381,54.8591,1.185,57.45,58.2,54.71,down,54.71,2026-09-04T15:11:30,2.21392,54.2749996185303,229.4873,2026-09-07 20:11:28,2026-09-07 16:15:05
NVDA,NVDA270219C00190000,NVDA,2027-02-19,C,190.0,50.2,112.0,51.95,112.0,0.4052,1200.0,10.0,0.819,0.0042,0.4144,-0.0495,0.6322,51.0004,0.915,54.0,54.0,50.64,down,50.64,2026-09-04T15:32:28,1.84012,50.8250007629394,229.4873,2026-09-07 20:11:28,2026-09-07 16:15:05
NVDA,NVDA270219C00195000,NVDA,2027-02-19,C,195.0,47.1,32.0,48.2,163.0,0.4076,307.0,16.0,0.7945,0.0046,0.4474,-0.0529,0.6232,47.282,1.17,50.05,50.05,47.57,down,47.57,2026-09-04T15:56:01,2.52155,47.2000007629394,229.4873,2026-09-07 20:11:28,2026-09-07 16:15:05
NVDA,NVDA270219C00200000,NVDA,2027-02-19,C,200.0,43.15,113.0,44.55,84.0,0.3985,1813.0,28.0,0.7683,0.0049,0.4785,-0.0562,0.612,43.7131,0.625,45.73,46.6,43.5,down,43.5,2026-09-04T15:09:35,1.45773,43.625,229.4873,2026-09-07 20:11:28,2026-09-07 16:15:05
NVDA,NVDA270219C00205000,NVDA,2027-02-19,C,205.0,39.8,107.0,40.75,61.0,0.3917,920.0,28.0,0.7405,0.0053,0.5082,-0.0592,0.5979,40.3007,0.825,43.21,43.25,39.99,up,40.15,2026-09-04T15:14:43,2.0979,40.1999988555908,229.4873,2026-09-07 20:11:28,2026-09-07 16:15:05
NVDA,NVDA270219C00210000,NVDA,2027-02-19,C,210.0,36.7,203.0,37.8,245.0,0.3932,1583.0,19.0,0.711,0.0056,0.5351,-0.062,0.5818,37.0294,1.06,37.8,40.1,37.05,up,37.06,2026-09-04T15:50:12,2.94444,36.7999992370606,229.4873,2026-09-07 20:11:28,2026-09-07 16:15:05
NVDA,NVDA270219C00215000,NVDA,2027-02-19,C,215.0,33.4,68.0,34.6,85.0,0.3869,1295.0,10.0,0.6806,0.0059,0.5592,-0.0644,0.5635,33.97,1.15,36.0,36.45,34.05,no_change,34.05,2026-09-04T15:50:12,3.49544,33.7249984741211,229.4873,2026-09-07 20:11:28,2026-09-07 16:15:05
NVDA,NVDA270219C00220000,NVDA,2027-02-19,C,220.0,30.8,56.0,31.55,63.0,0.3858,1400.0,112.0,0.6491,0.0062,0.5798,-0.0664,0.5436,31.0639,1.225,32.65,33.77,31.1,down,31.1,2026-09-04T13:25:16,4.10042,30.9500007629394,229.4873,2026-09-07 20:11:28,2026-09-07 16:15:05
NVDA,NVDA270219C00225000,NVDA,2027-02-19,C,225.0,28.1,73.0,28.75,80.0,0.3832,1997.0,124.0,0.6169,0.0064,0.5966,-0.0679,0.5217,28.3322,1.15,28.45,31.0,27.9,up,28.35,2026-09-04T14:17:13,4.22794,28.1999998092651,229.4873,2026-09-07 20:11:28,2026-09-07 16:15:05
NVDA,NVDA270219C00230000,NVDA,2027-02-19,C,230.0,25.6,16.0,26.15,43.0,0.3813,4877.0,297.0,0.5841,0.0066,0.6093,-0.069,0.4988,25.7721,0.895,23.9,28.3,23.9,up,25.62,2026-09-04T15:46:45,3.61982,25.625,229.4873,2026-09-07 20:11:28,2026-09-07 16:15:05
NVDA,NVDA270219C00235000,NVDA,2027-02-19,C,235.0,23.25,30.0,23.75,39.0,0.3796,2367.0,1578.0,0.5513,0.0067,0.6179,-0.0697,0.4748,23.397,1.325,24.55,25.7,23.1,up,23.7,2026-09-04T15:51:29,5.92179,23.2749996185303,229.4873,2026-09-07 20:11:28,2026-09-07 16:15:05
NVDA,NVDA270219C00240000,NVDA,2027-02-19,C,240.0,21.05,5.0,21.5,18.0,0.3778,3025.0,233.0,0.5185,0.0068,0.6223,-0.0699,0.45,21.1888,1.245,22.0,23.28,21.0,up,21.47,2026-09-04T15:55:24,6.15575,21.0500001907349,229.4873,2026-09-07 20:11:28,2026-09-07 16:15:05
NVDA,NVDA270219C00245000,NVDA,2027-02-19,C,245.0,19.05,29.0,19.45,15.0,0.377,1534.0,57.0,0.4859,0.0068,0.6225,-0.0696,0.4249,19.1374,1.13,19.2,20.95,18.95,up,19.28,2026-09-04T15:50:36,6.2259,19.0500001907349,229.4873,2026-09-07 20:11:28,2026-09-07 16:15:05
NVDA,NVDA270219C00250000,NVDA,2027-02-19,C,250.0,17.0,25.0,17.35,2.0,0.3723,6640.0,395.0,0.4545,0.0068,0.6189,-0.069,0.3999,17.2878,1.13,17.35,19.2,17.2,down,17.58,2026-09-04T15:54:52,6.8693,17.125,229.4873,2026-09-07 20:11:28,2026-09-07 16:15:05
NVDA,NVDA270219C00255000,NVDA,2027-02-19,C,255.0,15.15,42.0,16.1,32.0,0.3736,2773.0,350.0,0.4236,0.0067,0.6118,-0.068,0.3753,15.5756,0.935,15.1,17.3,15.1,up,15.66,2026-09-04T15:51:16,6.34974,15.4250001907349,229.4873,2026-09-07 20:11:28,2026-09-07 16:15:05
NVDA,NVDA270219C00260000,NVDA,2027-02-19,C,260.0,13.8,99.0,14.15,39.0,0.3712,4257.0,547.0,0.3936,0.0066,0.6009,-0.0666,0.3503,14.0062,0.75,14.99,15.51,13.85,down,13.85,2026-09-04T15:46:11,5.72519,13.8249998092651,229.4873,2026-09-07 20:11:28,2026-09-07 16:15:05
NVDA,NVDA270219C00265000,NVDA,2027-02-19,C,265.0,12.25,55.0,12.7,42.0,0.3702,2271.0,582.0,0.3645,0.0064,0.5871,-0.0649,0.3263,12.5607,0.705,13.5,14.0,12.29,down,12.43,2026-09-04T15:40:58,6.01279,12.4000000953674,229.4873,2026-09-07 20:11:28,2026-09-07 16:15:05
NVDA,NVDA270219C00270000,NVDA,2027-02-19,C,270.0,11.1,30.0,11.65,7.0,0.371,2981.0,461.0,0.3371,0.0063,0.5708,-0.063,0.3029,11.2689,0.625,10.85,12.45,10.7,down,11.1,2026-09-04T15:29:38,5.96658,11.125,229.4873,2026-09-07 20:11:28,2026-09-07 16:15:05
NVDA,NVDA270219C00275000,NVDA,2027-02-19,C,275.0,9.7,20.0,10.25,22.0,0.3712,3280.0,172.0,0.3109,0.0061,0.5524,-0.0609,0.2806,10.0976,0.77,11.0,11.32,10.05,no_change,10.17,2026-09-04T15:51:33,8.19149,9.97499990463257,229.4873,2026-09-07 20:11:28,2026-09-07 16:15:05
NVDA,NVDA270219C00280000,NVDA,2027-02-19,C,280.0,8.7,34.0,9.3,16.0,0.3732,5703.0,592.0,0.2863,0.0058,0.5326,-0.0586,0.2595,9.044,0.55,9.22,10.17,8.8,down,8.9,2026-09-04T15:43:35,6.58683,9.0,229.4873,2026-09-07 20:11:28,2026-09-07 16:15:05
NVDA,NVDA270219C00285000,NVDA,2027-02-19,C,285.0,7.65,105.0,8.25,33.0,0.3724,1706.0,178.0,0.2632,0.0056,0.5109,-0.0562,0.2391,8.0953,0.66,8.5,9.1,7.96,down,8.21,2026-09-04T15:57:33,8.74172,8.0499997138977,229.4873,2026-09-07 20:11:28,2026-09-07 16:15:05
NVDA,NVDA270219C00290000,NVDA,2027-02-19,C,290.0,6.8,33.0,7.55,42.0,0.3717,1520.0,115.0,0.2415,0.0054,0.4888,-0.0537,0.2203,7.2428,0.7,7.19,8.15,7.0,down,7.3,2026-09-04T15:50:01,10.6061,7.14999985694885,229.4873,2026-09-07 20:11:28,2026-09-07 16:15:05
NVDA,NVDA270219C00295000,NVDA,2027-02-19,C,295.0,6.1,24.0,6.55,3.0,0.3725,912.0,90.0,0.2213,0.0051,0.4659,-0.0511,0.2024,6.4776,0.635,7.2,7.3,6.56,down,6.56,2026-09-04T15:55:09,10.7173,6.375,229.4873,2026-09-07 20:11:28,2026-09-07 16:15:05
NVDA,NVDA270219C00300000,NVDA,2027-02-19,C,300.0,5.65,27.0,6.2,32.0,0.3722,1790.0,446.0,0.2025,0.0048,0.4424,-0.0485,0.1855,5.7889,0.595,5.65,6.52,5.63,down,5.87,2026-09-04T14:58:08,11.2796,5.70000004768372,229.4873,2026-09-07 20:11:28,2026-09-07 16:15:05
NVDA,NVDA270219C00305000,NVDA,2027-02-19,C,305.0,5.0,53.0,5.55,46.0,0.3735,1277.0,129.0,0.1853,0.0046,0.4197,-0.046,0.1703,5.1822,0.53,5.8,5.8,5.2,up,5.23,2026-09-04T13:43:30,11.2766,5.07499980926514,229.4873,2026-09-07 20:11:28,2026-09-07 16:15:05
NVDA,NVDA270219C00310000,NVDA,2027-02-19,C,310.0,4.55,34.0,4.85,50.0,0.3741,345.0,150.0,0.1693,0.0043,0.3967,-0.0435,0.1558,4.636,0.5,4.75,5.14,4.65,down,4.7,2026-09-04T15:04:57,11.9048,4.57500004768372,229.4873,2026-09-07 20:11:28,2026-09-07 16:15:05
NVDA,NVDA270219C00315000,NVDA,2027-02-19,C,315.0,4.05,35.0,4.4,52.0,0.3772,492.0,107.0,0.1546,0.004,0.374,-0.041,0.1425,4.1491,0.45,4.3,4.65,4.02,up,4.25,2026-09-04T13:26:59,11.8421,4.15000009536743,229.4873,2026-09-07 20:11:28,2026-09-07 16:15:05
NVDA,NVDA270219C00320000,NVDA,2027-02-19,C,320.0,3.65,35.0,3.85,22.0,0.3771,1118.0,116.0,0.1411,0.0038,0.3524,-0.0386,0.1304,3.7146,0.43,3.95,4.15,3.55,up,3.83,2026-09-04T13:23:41,12.6471,3.72499990463257,229.4873,2026-09-07 20:11:28,2026-09-07 16:15:05
NVDA,NVDA270219C00325000,NVDA,2027-02-19,C,325.0,3.15,71.0,3.5,49.0,0.377,315.0,32.0,0.1287,0.0036,0.3311,-0.0363,0.119,3.3274,0.365,3.53,3.58,3.36,no_change,3.39,2026-09-04T11:20:46,12.0661,3.30000007152557,229.4873,2026-09-07 20:11:28,2026-09-07 16:15:05
NVDA,NVDA270219C00330000,NVDA,2027-02-19,C,330.0,2.91,5.0,3.1,30.0,0.3788,338.0,55.0,0.1174,0.0033,0.3105,-0.0341,0.1087,2.9828,0.48,3.0,3.35,3.0,down,3.1,2026-09-04T13:16:16,18.3206,2.94999992847443,229.4873,2026-09-07 20:11:28,2026-09-07 16:15:05
NVDA,NVDA270219C00335000,NVDA,2027-02-19,C,335.0,2.59,9.0,2.88,41.0,0.3812,202.0,64.0,0.1071,0.0031,0.2912,-0.032,0.0994,2.6757,0.375,2.88,2.93,2.74,down,2.74,2026-09-04T13:22:06,15.8562,2.61000001430511,229.4873,2026-09-07 20:11:28,2026-09-07 16:15:05
NVDA,NVDA270219C00340000,NVDA,2027-02-19,C,340.0,2.35,31.0,2.51,68.0,0.3813,966.0,116.0,0.0977,0.0029,0.2727,-0.03,0.0907,2.4021,0.29,2.61,2.61,2.32,no_change,2.4,2026-09-04T15:49:08,13.7441,2.39999997615814,229.4873,2026-09-07 20:11:28,2026-09-07 16:15:05
NVDA,NVDA270219C00345000,NVDA,2027-02-19,C,345.0,2.0,89.0,2.26,95.0,0.3803,115.0,79.0,0.0891,0.0027,0.2549,-0.028,0.0827,2.1588,0.345,2.4,2.45,2.2,no_change,2.23,2026-09-04T11:23:21,18.3024,2.14999997615814,229.4873,2026-09-07 20:11:28,2026-09-07 16:15:05
NVDA,NVDA270219C00350000,NVDA,2027-02-19,C,350.0,1.86,90.0,2.13,110.0,0.3851,477.0,83.0,0.0813,0.0025,0.2382,-0.0262,0.0756,1.9417,0.27,2.1,2.1,1.86,down,1.96,2026-09-04T13:58:49,15.9763,1.88499999046326,229.4873,2026-09-07 20:11:28,2026-09-07 16:15:05
NVDA,NVDA270219C00355000,NVDA,2027-02-19,C,355.0,1.59,185.0,1.83,96.0,0.3823,235.0,179.0,0.0743,0.0023,0.2227,-0.0245,0.0691,1.7486,0.18,1.85,1.98,1.75,no_change,1.75,2026-09-04T11:18:48,11.465,1.72999995946884,229.4873,2026-09-07 20:11:28,2026-09-07 16:15:05
NVDA,NVDA270219C00360000,NVDA,2027-02-19,C,360.0,1.42,131.0,1.67,78.0,0.3837,382.0,33.0,0.0679,0.0022,0.2081,-0.023,0.0632,1.5794,0.225,1.47,1.62,1.47,no_change,1.6,2026-09-04T15:49:56,16.3636,1.64999997615814,229.4873,2026-09-07 20:11:28,2026-09-07 16:15:05
NVDA,NVDA270219C00365000,NVDA,2027-02-19,C,365.0,1.37,60.0,1.56,110.0,0.3889,428.0,92.0,0.0621,0.002,0.1941,-0.0215,0.0578,1.426,0.18,1.54,1.54,1.43,down,1.43,2026-09-04T15:13:05,14.4,1.36500000953674,229.4873,2026-09-07 20:11:28,2026-09-07 16:15:05
NVDA,NVDA270219C00370000,NVDA,2027-02-19,C,370.0,1.28,1.0,1.35,43.0,0.3901,351.0,209.0,0.0566,0.0019,0.1808,-0.02,0.0527,1.2846,0.24,1.33,1.4,1.24,down,1.29,2026-09-04T12:57:20,22.8571,1.30000001192093,229.4873,2026-09-07 20:11:28,2026-09-07 16:15:05
NVDA,NVDA270219C00375000,NVDA,2027-02-19,C,375.0,1.12,84.0,1.22,43.0,0.3903,162.0,22.0,0.0518,0.0017,0.1688,-0.0187,0.0483,1.1629,0.185,1.25,1.26,1.11,up,1.19,2026-09-04T15:08:29,18.408,1.19999998807907,229.4873,2026-09-07 20:11:28,2026-09-07 16:15:05
NVDA,NVDA270219C00380000,NVDA,2027-02-19,C,380.0,1.01,85.0,1.22,91.0,0.3952,142.0,20.0,0.0476,0.0016,0.1578,-0.0175,0.0443,1.0564,0.2,1.12,1.12,1.11,no_change,1.12,2026-09-04T10:21:15,21.7391,1.06000000238419,229.4873,2026-09-07 20:11:28,2026-09-07 16:15:05
NVDA,NVDA270219C00385000,NVDA,2027-02-19,C,385.0,0.75,16.0,1.12,146.0,0.3984,233.0,48.0,0.0436,0.0015,0.1469,-0.0164,0.0405,0.9573,0.11,1.04,1.04,0.95,down,0.95,2026-09-04T14:30:31,13.0952,0.969999998807907,229.4873,2026-09-07 20:11:28,2026-09-07 16:15:05
NVDA,NVDA270219C00390000,NVDA,2027-02-19,C,390.0,0.86,7.0,1.01,112.0,0.3994,1768.0,203.0,0.04,0.0014,0.1372,-0.0153,0.0372,0.8706,0.1,0.8,0.95,0.8,up,0.86,2026-09-04T14:30:32,13.1579,0.875,229.4873,2026-09-07 20:11:28,2026-09-07 16:15:05
NVDA,NVDA270219C00395000,NVDA,2027-02-19,C,395.0,0.58,13.0,0.93,68.0,0.4008,1.0,0.0,0.0369,0.0013,0.1288,-0.0144,0.0344,0.7968,0.0,0.0,0.0,0.0,up,0.6,2026-09-03T12:39:39,0.0,0.78999999165535,229.4873,2026-09-07 20:11:28,2026-09-07 16:15:05
NVDA,NVDA270219C00400000,NVDA,2027-02-19,C,400.0,0.69,83.0,0.77,14.0,0.3977,33.0,1.0,0.034,0.0012,0.1204,-0.0135,0.0316,0.7268,0.14,0.76,0.76,0.76,up,0.76,2026-09-04T15:08:24,22.5806,0.729999989271164,229.4873,2026-09-07 20:11:28,2026-09-07 16:15:05
NVDA,NVDA270219C00405000,NVDA,2027-02-19,C,405.0,0.64,7.0,0.8,134.0,0.4051,146.0,0.0,0.0312,0.0011,0.1121,-0.0126,0.029,0.6608,0.0,0.0,0.0,0.0,no_change,0.55,2026-09-03T13:44:00,0.0,0.655000001192093,229.4873,2026-09-07 20:11:28,2026-09-07 16:15:05
NVDA,NVDA270219C00410000,NVDA,2027-02-19,C,410.0,0.39,16.0,0.73,42.0,0.4064,37.0,0.0,0.0288,0.001,0.1052,-0.0118,0.0268,0.6077,0.0,0.0,0.0,0.0,no_change,0.47,2026-09-03T13:36:38,0.0,0.570000007748604,229.4873,2026-09-07 20:11:28,2026-09-07 16:15:05
NVDA,NVDA270219C00415000,NVDA,2027-02-19,C,415.0,0.53,37.0,0.69,137.0,0.4086,17.0,0.0,0.0266,0.001,0.0985,-0.0111,0.0248,0.5569,0.0,0.0,0.0,0.0,up,0.48,2026-09-03T13:46:28,0.0,0.549999997019768,229.4873,2026-09-07 20:11:28,2026-09-07 16:15:05
NVDA,NVDA270219C00420000,NVDA,2027-02-19,C,420.0,0.49,9.0,0.61,100.0,0.4092,117.0,290.0,0.0246,0.0009,0.0923,-0.0104,0.0229,0.5111,0.095,0.46,0.52,0.44,up,0.52,2026-09-04T14:28:31,22.3529,0.459999978542328,229.4873,2026-09-07 20:11:28,2026-09-07 16:15:05
NVDA,NVDA270219C00425000,NVDA,2027-02-19,C,425.0,0.42,87.0,0.5,30.0,0.4055,45.0,6.0,0.0228,0.0008,0.0866,-0.0098,0.0212,0.4698,0.105,0.49,0.49,0.49,up,0.49,2026-09-04T09:52:25,27.2727,0.515000015497208,229.4873,2026-09-07 20:11:28,2026-09-07 16:15:05
NVDA,NVDA270219C00430000,NVDA,2027-02-19,C,430.0,0.4,66.0,0.53,122.0,0.4133,12.0,291.0,0.0211,0.0008,0.0812,-0.0092,0.0196,0.4325,0.065,0.44,0.44,0.37,down,0.41,2026-09-04T14:28:31,18.8406,0.405000001192093,229.4873,2026-09-07 20:11:28,2026-09-07 16:15:05
NVDA,NVDA270219C00435000,NVDA,2027-02-19,C,435.0,0.37,1.0,0.52,70.0,0.4166,0.0,0.0,0.0196,0.0007,0.0761,-0.0087,0.0182,0.3987,0.0,0.0,0.0,0.0,no_change,0.0,,0.0,0.385000005364418,229.4873,2026-09-07 20:11:28,2026-09-07 16:15:05
NVDA,NVDA270219C00440000,NVDA,2027-02-19,C,440.0,0.0,0.0,0.69,11.0,0.4101,0.0,0.0,0.0182,0.0007,0.0715,-0.0082,0.0169,0.3684,0.0,0.0,0.0,0.0,no_change,0.0,,0.0,0.360000006854534,229.4873,2026-09-07 20:11:28,2026-09-07 16:15:05
NVDA,NVDA270219C00445000,NVDA,2027-02-19,C,445.0,0.19,351.0,0.46,96.0,0.4115,2.0,0.0,0.0169,0.0006,0.0672,-0.0077,0.0157,0.3405,0.0,0.0,0.0,0.0,down,0.23,2026-09-03T12:09:43,0.0,0.304999999701977,229.4873,2026-09-07 20:11:28,2026-09-07 16:15:05
NVDA,NVDA270219C00450000,NVDA,2027-02-19,C,450.0,0.17,10.0,0.45,5.0,0.4141,2.0,0.0,0.0157,0.0006,0.0633,-0.0072,0.0146,0.315,0.0,0.0,0.0,0.0,down,0.3,2026-08-31T14:49:34,0.0,0.310000002384186,229.4873,2026-09-07 20:11:28,2026-09-07 16:15:05
NVDA,NVDA270219C00455000,NVDA,2027-02-19,C,455.0,0.15,397.0,0.36,260.0,0.4107,7.0,0.0,0.0146,0.0006,0.0595,-0.0068,0.0136,0.2918,0.0,0.0,0.0,0.0,no_change,0.38,2026-09-01T09:34:08,0.0,0.254999995231628,229.4873,2026-09-07 20:11:28,2026-09-07 16:15:05
NVDA,NVDA270219C00460000,NVDA,2027-02-19,C,460.0,0.22,93.0,0.3,81.0,0.4174,697.0,269.0,0.0136,0.0005,0.056,-0.0065,0.0126,0.2706,0.075,0.25,0.28,0.23,up,0.28,2026-09-04T14:53:58,36.5854,0.255000002682209,229.4873,2026-09-07 20:11:28,2026-09-07 16:15:05
NVDA,NVDA270219P00050000,NVDA,2027-02-19,P,50.0,0.02,10.0,0.2,55.0,0.9007,320.0,0.0,-0.0018,0.0,0.0088,-0.0022,-0.0021,0.077,0.0,0.0,0.0,0.0,down,0.08,2026-09-03T14:12:31,0.0,0.0950000006705522,229.4873,2026-09-07 20:11:28,2026-09-07 16:15:05
NVDA,NVDA270219P00055000,NVDA,2027-02-19,P,55.0,0.01,10.0,0.22,9.0,0.8506,219.0,0.0,-0.0022,0.0,0.0107,-0.0025,-0.0026,0.0928,0.0,0.0,0.0,0.0,down,0.08,2026-09-03T13:47:20,0.0,0.0999999986961484,229.4873,2026-09-07 20:11:28,2026-09-07 16:15:05
NVDA,NVDA270219P00060000,NVDA,2027-02-19,P,60.0,0.01,10.0,0.44,10.0,0.8085,133.0,0.0,-0.0027,0.0001,0.013,-0.0029,-0.0031,0.111,0.0,0.0,0.0,0.0,up,0.09,2026-09-03T13:49:39,0.0,0.109999996609986,229.4873,2026-09-07 20:11:28,2026-09-07 16:15:05
NVDA,NVDA270219P00065000,NVDA,2027-02-19,P,65.0,0.01,216.0,0.26,199.0,0.7693,110.0,0.0,-0.0032,0.0001,0.0155,-0.0034,-0.0038,0.1321,0.0,0.0,0.0,0.0,down,0.11,2026-09-03T13:47:52,0.0,0.120000001974404,229.4873,2026-09-07 20:11:28,2026-09-07 16:15:05
NVDA,NVDA270219P00070000,NVDA,2027-02-19,P,70.0,0.05,270.0,0.29,143.0,0.7468,5.0,0.0,-0.0039,0.0001,0.0183,-0.0038,-0.0046,0.1563,0.0,0.0,0.0,0.0,no_change,0.12,2026-08-27T14:11:53,0.0,0.150000000372529,229.4873,2026-09-07 20:11:28,2026-09-07 16:15:05
NVDA,NVDA270219P00075000,NVDA,2027-02-19,P,75.0,0.07,399.0,0.31,208.0,0.7157,456.0,0.0,-0.0047,0.0001,0.0217,-0.0044,-0.0055,0.1841,0.0,0.0,0.0,0.0,up,0.2,2026-09-01T09:30:00,0.0,0.175000000745058,229.4873,2026-09-07 20:11:28,2026-09-07 16:15:05
NVDA,NVDA270219P00080000,NVDA,2027-02-19,P,80.0,0.07,10.0,0.55,5.0,0.6858,170.0,0.0,-0.0057,0.0001,0.0255,-0.005,-0.0066,0.216,0.0,0.0,0.0,0.0,down,0.2,2026-08-31T13:46:53,0.0,0.225000001490116,229.4873,2026-09-07 20:11:28,2026-09-07 16:15:05
NVDA,NVDA270219P00085000,NVDA,2027-02-19,P,85.0,0.11,399.0,0.38,348.0,0.6623,125.0,0.0,-0.0068,0.0002,0.0297,-0.0056,-0.0078,0.2526,0.0,0.0,0.0,0.0,up,0.35,2026-08-28T09:38:01,0.0,0.21000000089407,229.4873,2026-09-07 20:11:28,2026-09-07 16:15:05
NVDA,NVDA270219P00090000,NVDA,2027-02-19,P,90.0,0.15,406.0,0.42,302.0,0.6402,186.0,0.0,-0.008,0.0002,0.0347,-0.0063,-0.0092,0.2946,0.0,0.0,0.0,0.0,down,0.35,2026-08-26T13:44:55,0.0,0.284999996423721,229.4873,2026-09-07 20:11:28,2026-09-07 16:15:05
NVDA,NVDA270219P00095000,NVDA,2027-02-19,P,95.0,0.2,324.0,0.47,146.0,0.6202,195.0,0.0,-0.0095,0.0003,0.0403,-0.0071,-0.0109,0.3428,0.0,0.0,0.0,0.0,no_change,0.33,2026-09-01T13:18:22,0.0,0.330000005662441,229.4873,2026-09-07 20:11:28,2026-09-07 16:15:05
NVDA,NVDA270219P00100000,NVDA,2027-02-19,P,100.0,0.3,13.0,0.45,41.0,0.604,462.0,0.0,-0.0112,0.0003,0.0464,-0.008,-0.0127,0.3983,0.0,0.0,0.0,0.0,up,0.41,2026-09-03T13:48:23,0.0,0.379999995231628,229.4873,2026-09-07 20:11:28,2026-09-07 16:15:05
NVDA,NVDA270219P00105000,NVDA,2027-02-19,P,105.0,0.42,7.0,0.53,97.0,0.5863,132.0,0.0,-0.0132,0.0004,0.0535,-0.0089,-0.015,0.4618,0.0,0.0,0.0,0.0,down,0.45,2026-08-31T15:16:52,0.0,0.464999988675118,229.4873,2026-09-07 20:11:28,2026-09-07 16:15:05
NVDA,NVDA270219P00110000,NVDA,2027-02-19,P,110.0,0.49,69.0,0.6,173.0,0.5675,5382.0,10.0,-0.0154,0.0004,0.0616,-0.01,-0.0176,0.5354,-0.005,0.5,0.5,0.5,no_change,0.5,2026-09-04T09:56:03,-0.990101,0.5,229.4873,2026-09-07 20:11:28,2026-09-07 16:15:05
NVDA,NVDA270219P00115000,NVDA,2027-02-19,P,115.0,0.57,102.0,0.66,85.0,0.548,395.0,2.0,-0.0181,0.0005,0.0704,-0.0111,-0.0205,0.6211,-0.02,0.62,0.62,0.6,down,0.6,2026-09-04T15:22:49,-3.22581,0.614999979734421,229.4873,2026-09-07 20:11:28,2026-09-07 16:15:05
NVDA,NVDA270219P00120000,NVDA,2027-02-19,P,120.0,0.67,80.0,0.78,68.0,0.5333,987.0,0.0,-0.0213,0.0006,0.0807,-0.0124,-0.024,0.7208,0.0,0.0,0.0,0.0,down,0.72,2026-09-03T09:44:39,0.0,0.754999995231628,229.4873,2026-09-07 20:11:28,2026-09-07 16:15:05
NVDA,NVDA270219P00125000,NVDA,2027-02-19,P,125.0,0.78,99.0,0.88,13.0,0.5161,361.0,4.0,-0.0249,0.0007,0.0925,-0.0138,-0.0281,0.8383,-0.02,0.8,0.8,0.8,no_change,0.8,2026-09-04T09:44:47,-2.43902,0.814999997615814,229.4873,2026-09-07 20:11:28,2026-09-07 16:15:05
NVDA,NVDA270219P00130000,NVDA,2027-02-19,P,130.0,0.92,65.0,1.05,54.0,0.5041,644.0,0.0,-0.0293,0.0008,0.1052,-0.0153,-0.0327,0.9777,0.0,0.0,0.0,0.0,down,0.97,2026-09-02T11:08:35,0.0,0.969999969005585,229.4873,2026-09-07 20:11:28,2026-09-07 16:15:05
NVDA,NVDA270219P00135000,NVDA,2027-02-19,P,135.0,1.08,83.0,1.25,131.0,0.492,1921.0,300.0,-0.0343,0.001,0.1204,-0.017,-0.0384,1.1434,-0.035,1.09,1.09,1.09,no_change,1.09,2026-09-04T10:51:55,-3.11111,1.15499997138977,229.4873,2026-09-07 20:11:28,2026-09-07 16:15:05
NVDA,NVDA270219P00140000,NVDA,2027-02-19,P,140.0,1.23,79.0,1.44,100.0,0.4773,572.0,29.0,-0.0404,0.0012,0.1373,-0.019,-0.045,1.3432,0.07,1.28,1.33,1.26,up,1.33,2026-09-04T15:29:32,5.55556,1.2849999666214,229.4873,2026-09-07 20:11:28,2026-09-07 16:15:05
NVDA,NVDA270219P00145000,NVDA,2027-02-19,P,145.0,1.46,98.0,1.78,26.0,0.4634,636.0,176.0,-0.0475,0.0014,0.1562,-0.0212,-0.0527,1.584,-0.025,1.57,1.59,1.48,down,1.54,2026-09-04T15:59:13,-1.59744,1.57499998807907,229.4873,2026-09-07 20:11:28,2026-09-07 16:15:05
NVDA,NVDA270219P00150000,NVDA,2027-02-19,P,150.0,1.77,175.0,1.9,85.0,0.4541,3247.0,234.0,-0.0559,0.0016,0.1784,-0.0237,-0.0621,1.8748,-0.065,1.72,1.87,1.68,no_change,1.8,2026-09-04T15:59:13,-3.48526,1.84999996423721,229.4873,2026-09-07 20:11:28,2026-09-07 16:15:05
NVDA,NVDA270219P00155000,NVDA,2027-02-19,P,155.0,2.08,97.0,2.25,67.0,0.4442,3803.0,3.0,-0.0658,0.0018,0.2013,-0.0264,-0.0726,2.2236,0.015,1.96,2.19,1.96,up,2.19,2026-09-04T14:40:28,0.689657,2.16499996185303,229.4873,2026-09-07 20:11:28,2026-09-07 16:15:05
NVDA,NVDA270219P00160000,NVDA,2027-02-19,P,160.0,2.52,89.0,2.7,117.0,0.4375,4190.0,98.0,-0.0772,0.0021,0.2284,-0.0294,-0.085,2.64,-0.01,2.38,2.59,2.35,no_change,2.59,2026-09-04T14:42:31,-0.384616,2.59500002861023,229.4873,2026-09-07 20:11:28,2026-09-07 16:15:05
NVDA,NVDA270219P00165000,NVDA,2027-02-19,P,165.0,2.97,279.0,3.15,1.0,0.4282,6319.0,808.0,-0.0904,0.0024,0.2559,-0.0326,-0.0991,3.1374,-0.025,2.84,3.1,2.78,no_change,3.1,2026-09-04T15:36:40,-0.8,3.10000002384186,229.4873,2026-09-07 20:11:28,2026-09-07 16:15:05
NVDA,NVDA270219P00170000,NVDA,2027-02-19,P,170.0,3.55,49.0,3.75,48.0,0.4217,4168.0,268.0,-0.1055,0.0028,0.287,-0.036,-0.1153,3.7276,0.05,3.3,3.7,3.25,no_change,3.7,2026-09-04T15:47:44,1.36986,3.70000004768372,229.4873,2026-09-07 20:11:28,2026-09-07 16:15:05
NVDA,NVDA270219P00175000,NVDA,2027-02-19,P,175.0,4.3,14.0,4.5,73.0,0.418,4249.0,51.0,-0.1224,0.0031,0.3182,-0.0395,-0.1332,4.413,0.1,3.9,4.45,3.84,no_change,4.45,2026-09-04T15:08:20,2.29885,4.40000009536743,229.4873,2026-09-07 20:11:28,2026-09-07 16:15:05
NVDA,NVDA270219P00180000,NVDA,2027-02-19,P,180.0,5.0,64.0,5.3,43.0,0.4109,8320.0,70.0,-0.1416,0.0035,0.3518,-0.0432,-0.1535,5.2193,-0.025,4.68,5.25,4.57,no_change,5.2,2026-09-04T15:47:36,-0.478472,5.22500014305115,229.4873,2026-09-07 20:11:28,2026-09-07 16:15:05
NVDA,NVDA270219P00185000,NVDA,2027-02-19,P,185.0,6.0,37.0,6.4,32.0,0.4069,6089.0,469.0,-0.1625,0.0039,0.3848,-0.047,-0.1753,6.1394,-0.05,5.85,6.15,5.35,no_change,6.1,2026-09-04T14:44:20,-0.813006,6.15000009536743,229.4873,2026-09-07 20:11:28,2026-09-07 16:15:05
NVDA,NVDA270219P00190000,NVDA,2027-02-19,P,190.0,6.95,78.0,7.3,52.0,0.4015,7471.0,571.0,-0.1858,0.0043,0.4187,-0.0507,-0.1994,7.2057,0.025,6.7,7.3,6.4,no_change,7.25,2026-09-04T15:31:13,0.346019,7.15000009536743,229.4873,2026-09-07 20:11:28,2026-09-07 16:15:05
NVDA,NVDA270219P00195000,NVDA,2027-02-19,P,195.0,8.15,77.0,8.5,29.0,0.3974,3281.0,54.0,-0.211,0.0047,0.4513,-0.0543,-0.2249,8.4123,0.025,8.28,8.45,7.49,no_change,8.45,2026-09-04T15:02:42,0.296734,8.42500019073486,229.4873,2026-09-07 20:11:28,2026-09-07 16:15:05
NVDA,NVDA270219P00200000,NVDA,2027-02-19,P,200.0,9.55,31.0,9.85,34.0,0.3944,4640.0,486.0,-0.2377,0.0051,0.4826,-0.0578,-0.2518,9.757,0.025,9.16,9.9,8.72,down,9.8,2026-09-04T15:39:23,0.255758,9.77499961853027,229.4873,2026-09-07 20:11:28,2026-09-07 16:15:05
NVDA,NVDA270219P00205000,NVDA,2027-02-19,P,205.0,11.25,1.0,11.4,44.0,0.3932,2890.0,36.0,-0.2664,0.0055,0.512,-0.061,-0.2798,11.2772,0.0,10.7,11.35,10.08,no_change,11.35,2026-09-04T15:04:01,8.40242e-07,11.25,229.4873,2026-09-07 20:11:28,2026-09-07 16:15:05
NVDA,NVDA270219P00210000,NVDA,2027-02-19,P,210.0,12.55,96.0,13.1,49.0,0.3896,2710.0,232.0,-0.2964,0.0058,0.5385,-0.064,-0.3088,12.9519,-0.075,12.8,13.05,11.75,no_change,12.95,2026-09-04T15:56:27,-0.575813,13.0,229.4873,2026-09-07 20:11:28,2026-09-07 16:15:05
NVDA,NVDA270219P00215000,NVDA,2027-02-19,P,215.0,14.45,84.0,14.95,45.0,0.384,2337.0,97.0,-0.3284,0.0061,0.5623,-0.0666,-0.3381,14.83,-0.125,13.65,14.95,13.38,down,14.85,2026-09-04T15:39:18,-0.834724,14.8249998092651,229.4873,2026-09-07 20:11:28,2026-09-07 16:15:05
NVDA,NVDA270219P00220000,NVDA,2027-02-19,P,220.0,16.45,55.0,17.0,39.0,0.3814,1952.0,248.0,-0.3611,0.0064,0.5821,-0.0689,-0.3676,16.8695,-0.065,15.5,17.0,15.35,no_change,16.91,2026-09-04T15:15:43,-0.382913,16.9000005722046,229.4873,2026-09-07 20:11:28,2026-09-07 16:15:05
NVDA,NVDA270219P00225000,NVDA,2027-02-19,P,225.0,18.7,71.0,19.2,41.0,0.3792,1250.0,366.0,-0.3948,0.0067,0.5978,-0.0707,-0.3961,19.0969,-0.35,18.0,19.25,17.45,down,18.9,2026-09-04T15:50:36,-1.81818,19.125,229.4873,2026-09-07 20:11:28,2026-09-07 16:15:05
NVDA,NVDA270219P00230000,NVDA,2027-02-19,P,230.0,21.25,35.0,21.6,36.0,0.3784,2612.0,1761.0,-0.429,0.0069,0.609,-0.0722,-0.4238,21.5019,-0.425,21.0,21.55,19.6,down,21.25,2026-09-04T15:57:33,-1.96079,21.5,229.4873,2026-09-07 20:11:28,2026-09-07 16:15:05
NVDA,NVDA270219P00235000,NVDA,2027-02-19,P,235.0,23.7,150.0,24.2,45.0,0.3755,356.0,49.0,-0.4635,0.007,0.6156,-0.0731,-0.4501,24.0969,-0.1,22.55,24.2,22.55,up,24.2,2026-09-04T15:07:03,-0.411523,24.125,229.4873,2026-09-07 20:11:28,2026-09-07 16:15:05
NVDA,NVDA270219P00240000,NVDA,2027-02-19,P,240.0,26.45,16.0,27.0,32.0,0.3737,1231.0,231.0,-0.4981,0.0072,0.6178,-0.0737,-0.4741,26.8672,-0.175,25.0,27.1,24.92,down,27.0,2026-09-04T15:39:26,-0.643975,26.9499998092651,229.4873,2026-09-07 20:11:28,2026-09-07 16:15:05
NVDA,NVDA270219P00245000,NVDA,2027-02-19,P,245.0,29.2,15.0,30.15,15.0,0.3728,19.0,0.0,-0.5324,0.0072,0.6146,-0.0739,-0.4963,29.817,0.0,0.0,0.0,0.0,down,31.52,2026-09-02T12:43:27,0.0,29.9499998092651,229.4873,2026-09-07 20:11:28,2026-09-07 16:15:05
NVDA,NVDA270219P00250000,NVDA,2027-02-19,P,250.0,32.35,54.0,33.3,16.0,0.3722,103.0,12.0,-0.5664,0.0072,0.6084,-0.0737,-0.5136,32.9402,-0.95,30.85,32.3,30.85,no_change,32.3,2026-09-04T12:56:54,-2.85714,33.0749988555908,229.4873,2026-09-07 20:11:28,2026-09-07 16:15:05
NVDA,NVDA270219P00255000,NVDA,2027-02-19,P,255.0,35.6,75.0,36.65,32.0,0.3711,47.0,9.0,-0.5999,0.0072,0.5949,-0.0731,-0.5293,36.2501,-1.51,34.36,34.79,34.36,up,34.79,2026-09-04T10:58:23,-4.15978,36.2749996185303,229.4873,2026-09-07 20:11:28,2026-09-07 16:15:05
NVDA,NVDA270219P00260000,NVDA,2027-02-19,P,260.0,38.85,18.0,39.85,14.0,0.3668,194.0,0.0,-0.6321,0.0072,0.5806,-0.0722,-0.5423,39.6853,0.0,0.0,0.0,0.0,up,48.5,2026-09-01T09:39:56,0.0,39.7000007629394,229.4873,2026-09-07 20:11:28,2026-09-07 16:15:05
NVDA,NVDA270219P00265000,NVDA,2027-02-19,P,265.0,42.4,195.0,43.85,160.0,0.3688,120.0,0.0,-0.6638,0.0071,0.5597,-0.071,-0.5432,43.3104,0.0,0.0,0.0,0.0,up,43.8,2026-09-03T15:52:31,0.0,43.3999996185303,229.4873,2026-09-07 20:11:28,2026-09-07 16:15:05
NVDA,NVDA270219P00270000,NVDA,2027-02-19,P,270.0,46.0,31.0,47.4,15.0,0.3654,22.0,0.0,-0.6939,0.0069,0.5383,-0.0696,-0.549,47.0431,0.0,0.0,0.0,0.0,down,48.87,2026-09-02T11:54:03,0.0,47.2250003814697,229.4873,2026-09-07 20:11:28,2026-09-07 16:15:05
NVDA,NVDA270219P00275000,NVDA,2027-02-19,P,275.0,49.8,32.0,51.65,14.0,0.3676,50.0,0.0,-0.723,0.0068,0.513,-0.0681,-0.5426,50.927,0.0,0.0,0.0,0.0,down,51.45,2026-09-03T15:52:08,0.0,51.1000003814697,229.4873,2026-09-07 20:11:28,2026-09-07 16:15:05
NVDA,NVDA270219P00280000,NVDA,2027-02-19,P,280.0,53.7,55.0,55.75,39.0,0.367,29.0,0.0,-0.7508,0.0066,0.4832,-0.0664,-0.5373,54.9443,0.0,0.0,0.0,0.0,up,58.25,2026-08-27T15:01:10,0.0,55.1000003814697,229.4873,2026-09-07 20:11:28,2026-09-07 16:15:05
NVDA,NVDA270219P00285000,NVDA,2027-02-19,P,285.0,57.8,9.0,60.35,1.0,0.3667,129.0,0.0,-0.7773,0.0064,0.4534,-0.0646,-0.5264,59.0762,0.0,0.0,0.0,0.0,up,68.43,2026-09-01T10:19:25,0.0,59.25,229.4873,2026-09-07 20:11:28,2026-09-07 16:15:05
NVDA,NVDA270219P00290000,NVDA,2027-02-19,P,290.0,58.0,6.0,67.95,1.0,0.3649,56.0,0.0,-0.8024,0.0062,0.4196,-0.0626,-0.4986,63.3178,0.0,0.0,0.0,0.0,no_change,64.95,2026-09-03T11:52:53,0.0,63.5,229.4873,2026-09-07 20:11:28,2026-09-07 16:15:05
NVDA,NVDA270219P00295000,NVDA,2027-02-19,P,295.0,66.25,3.0,68.5,12.0,0.3648,79.0,25.0,-0.826,0.006,0.3878,-0.0606,-0.4796,67.6618,-3.8,64.8,64.8,64.75,down,64.75,2026-09-04T10:33:25,-5.5434,67.6749992370606,229.4873,2026-09-07 20:11:28,2026-09-07 16:15:05
NVDA,NVDA270219P00300000,NVDA,2027-02-19,P,300.0,67.2,50.0,76.95,1.0,0.3641,84.0,0.0,-0.8485,0.0058,0.3524,-0.0585,-0.4542,72.0978,0.0,0.0,0.0,0.0,no_change,72.8,2026-09-03T15:47:01,0.0,72.3250007629394,229.4873,2026-09-07 20:11:28,2026-09-07 16:15:05
NVDA,NVDA270219P00305000,NVDA,2027-02-19,P,305.0,71.4,2.0,81.0,2.0,0.3628,0.0,0.0,-0.8691,0.0056,0.3153,-0.0561,-0.4226,76.6191,0.0,0.0,0.0,0.0,no_change,0.0,,0.0,76.75,229.4873,2026-09-07 20:11:28,2026-09-07 16:15:05
NVDA,NVDA270219P00310000,NVDA,2027-02-19,P,310.0,76.0,2.0,85.7,1.0,0.3607,1.0,0.0,-0.8888,0.0053,0.2792,-0.0547,-0.376,81.2182,0.0,0.0,0.0,0.0,down,83.65,2026-09-03T09:34:00,0.0,81.0249977111816,229.4873,2026-09-07 20:11:28,2026-09-07 16:15:05
NVDA,NVDA270219P00315000,NVDA,2027-02-19,P,315.0,81.9,50.0,88.65,51.0,0.3668,20.0,0.0,-0.9069,0.005,0.244,-0.0524,-0.3466,85.8879,0.0,0.0,0.0,0.0,down,93.15,2026-08-07T11:13:09,0.0,85.8249969482422,229.4873,2026-09-07 20:11:28,2026-09-07 16:15:05
NVDA,NVDA270219P00320000,NVDA,2027-02-19,P,320.0,85.15,51.0,95.0,51.0,0.357,0.0,0.0,-0.9228,0.0046,0.2106,-0.0493,-0.3115,90.6159,0.0,0.0,0.0,0.0,no_change,0.0,,0.0,90.7749977111816,229.4873,2026-09-07 20:11:28,2026-09-07 16:15:05
NVDA,NVDA270219P00325000,NVDA,2027-02-19,P,325.0,90.0,2.0,99.95,50.0,0.3538,0.0,0.0,-0.9378,0.0042,0.1678,-0.0455,-0.2429,95.4071,0.0,0.0,0.0,0.0,no_change,0.0,,0.0,95.5750007629394,229.4873,2026-09-07 20:11:28,2026-09-07 16:15:05
NVDA,NVDA270219P00330000,NVDA,2027-02-19,P,330.0,95.0,2.0,105.0,6.0,0.3443,0.0,0.0,-0.9507,0.0037,0.139,-0.0407,-0.2165,100.2456,0.0,0.0,0.0,0.0,no_change,0.0,,0.0,100.224998474121,229.4873,2026-09-07 20:11:28,2026-09-07 16:15:05
NVDA,NVDA270219P00335000,NVDA,2027-02-19,P,335.0,100.8,1.0,110.0,2.0,0.0,0.0,0.0,-0.9617,0.0033,0.1181,-0.0358,-0.1881,105.1148,0.0,0.0,0.0,0.0,no_change,0.0,,0.0,105.325000762939,229.4873,2026-09-07 20:11:28,2026-09-07 16:15:05
NVDA,NVDA270219P00340000,NVDA,2027-02-19,P,340.0,105.0,55.0,115.0,51.0,0.3672,0.0,0.0,-0.9709,0.0028,0.0849,-0.0293,-0.1227,110.0246,0.0,0.0,0.0,0.0,no_change,0.0,,0.0,110.200000762939,229.4873,2026-09-07 20:11:28,2026-09-07 16:15:05
NVDA,NVDA270219P00345000,NVDA,2027-02-19,P,345.0,110.0,51.0,120.0,51.0,0.3671,0.0,0.0,-0.9784,0.0022,0.058,-0.0222,-0.1035,114.9663,0.0,0.0,0.0,0.0,no_change,0.0,,0.0,115.224998474121,229.4873,2026-09-07 20:11:28,2026-09-07 16:15:05
NVDA,NVDA270219P00350000,NVDA,2027-02-19,P,350.0,115.0,2.0,125.0,4.0,0.3682,0.0,0.0,-0.9846,0.0018,0.0484,-0.0163,-0.0924,119.9195,0.0,0.0,0.0,0.0,no_change,0.0,,0.0,120.200000762939,229.4873,2026-09-07 20:11:28,2026-09-07 16:15:05
NVDA,NVDA270219P00355000,NVDA,2027-02-19,P,355.0,120.0,51.0,129.95,51.0,0.0,0.0,0.0,-0.9895,0.0014,0.039,-0.0114,-0.0695,124.8832,0.0,0.0,0.0,0.0,no_change,0.0,,0.0,125.200000762939,229.4873,2026-09-07 20:11:28,2026-09-07 16:15:05
NVDA,NVDA270219P00360000,NVDA,2027-02-19,P,360.0,127.4,1.0,131.8,1.0,0.0,0.0,0.0,-0.9927,0.001,0.0178,-0.0074,-0.045,129.8686,0.0,0.0,0.0,0.0,no_change,0.0,,0.0,130.175003051758,229.4873,2026-09-07 20:11:28,2026-09-07 16:15:05
NVDA,NVDA270219P00365000,NVDA,2027-02-19,P,365.0,130.0,51.0,140.0,51.0,0.0,0.0,0.0,-0.995,0.0007,0.0101,-0.0044,-0.0433,134.8588,0.0,0.0,0.0,0.0,no_change,0.0,,0.0,135.099998474121,229.4873,2026-09-07 20:11:28,2026-09-07 16:15:05
NVDA,NVDA270219P00370000,NVDA,2027-02-19,P,370.0,135.0,2.0,145.0,4.0,0.0,0.0,0.0,-0.9969,0.0005,0.0084,-0.0021,-0.0414,139.8506,0.0,0.0,0.0,0.0,no_change,0.0,,0.0,140.175003051758,229.4873,2026-09-07 20:11:28,2026-09-07 16:15:05
NVDA,NVDA270219P00375000,NVDA,2027-02-19,P,375.0,140.0,2.0,149.95,1.0,0.4462,0.0,0.0,-0.9984,0.0003,0.0067,-0.0002,-0.0375,144.844,0.0,0.0,0.0,0.0,no_change,0.0,,0.0,144.849998474121,229.4873,2026-09-07 20:11:28,2026-09-07 16:15:05
NVDA,NVDA270219P00380000,NVDA,2027-02-19,P,380.0,145.0,5.0,154.95,1.0,0.4562,0.0,0.0,-0.999,0.0002,0.0024,0.0,-0.0312,149.8415,0.0,0.0,0.0,0.0,up,163.99,2026-09-01T09:45:38,0.0,149.824996948242,229.4873,2026-09-07 20:11:28,2026-09-07 16:15:05
NVDA,NVDA270219P00385000,NVDA,2027-02-19,P,385.0,150.0,5.0,160.0,4.0,0.4659,0.0,0.0,-0.9994,0.0001,0.0,0.0,-0.0316,154.8397,0.0,0.0,0.0,0.0,no_change,0.0,,0.0,154.849998474121,229.4873,2026-09-07 20:11:28,2026-09-07 16:15:05
NVDA,NVDA270219P00390000,NVDA,2027-02-19,P,390.0,155.0,5.0,164.95,1.0,0.4756,0.0,0.0,-0.9997,0.0001,0.0,0.0,-0.0321,159.8379,0.0,0.0,0.0,0.0,no_change,0.0,,0.0,159.849998474121,229.4873,2026-09-07 20:11:28,2026-09-07 16:15:05
NVDA,NVDA270219P00395000,NVDA,2027-02-19,P,395.0,160.0,55.0,169.85,50.0,0.4851,0.0,0.0,-0.9999,0.0,0.0,0.0,-0.0325,164.8361,0.0,0.0,0.0,0.0,no_change,0.0,,0.0,164.949996948242,229.4873,2026-09-07 20:11:28,2026-09-07 16:15:05
NVDA,NVDA270219P00400000,NVDA,2027-02-19,P,400.0,165.0,55.0,174.95,51.0,0.4944,0.0,0.0,-1.0,0.0,0.0,0.0,-0.0329,169.8343,0.0,0.0,0.0,0.0,no_change,0.0,,0.0,169.974998474121,229.4873,2026-09-07 20:11:28,2026-09-07 16:15:05
NVDA,NVDA270219P00405000,NVDA,2027-02-19,P,405.0,170.0,51.0,179.95,51.0,0.5036,0.0,0.0,-1.0,0.0,0.0,0.0,-0.0333,174.8326,0.0,0.0,0.0,0.0,no_change,0.0,,0.0,174.849998474121,229.4873,2026-09-07 20:11:28,2026-09-07 16:15:05
NVDA,NVDA270219P00410000,NVDA,2027-02-19,P,410.0,175.0,5.0,184.95,1.0,0.5127,0.0,0.0,-1.0,0.0,0.0,0.0,-0.0337,179.8308,0.0,0.0,0.0,0.0,no_change,0.0,,0.0,179.800003051758,229.4873,2026-09-07 20:11:28,2026-09-07 16:15:05
NVDA,NVDA270219P00415000,NVDA,2027-02-19,P,415.0,180.0,55.0,189.9,50.0,0.5217,0.0,0.0,-1.0,0.0,0.0,0.0,-0.0341,184.829,0.0,0.0,0.0,0.0,no_change,0.0,,0.0,184.949996948242,229.4873,2026-09-07 20:11:28,2026-09-07 16:15:05
NVDA,NVDA270219P00420000,NVDA,2027-02-19,P,420.0,185.0,55.0,195.0,51.0,0.5306,0.0,0.0,-1.0,0.0,0.0,0.0,-0.0345,189.8272,0.0,0.0,0.0,0.0,no_change,0.0,,0.0,189.924995422363,229.4873,2026-09-07 20:11:28,2026-09-07 16:15:05
NVDA,NVDA270219P00425000,NVDA,2027-02-19,P,425.0,190.0,51.0,199.95,51.0,0.5393,0.0,0.0,-1.0,0.0,0.0,0.0,-0.0349,194.8254,0.0,0.0,0.0,0.0,no_change,0.0,,0.0,194.875,229.4873,2026-09-07 20:11:28,2026-09-07 16:15:05
NVDA,NVDA270219P00430000,NVDA,2027-02-19,P,430.0,195.0,51.0,204.85,50.0,0.5479,0.0,0.0,-1.0,0.0,0.0,0.0,-0.0353,199.8236,0.0,0.0,0.0,0.0,no_change,0.0,,0.0,199.849998474121,229.4873,2026-09-07 20:11:28,2026-09-07 16:15:05
NVDA,NVDA270219P00435000,NVDA,2027-02-19,P,435.0,200.0,5.0,210.0,4.0,0.5564,0.0,0.0,-1.0,0.0,0.0,0.0,-0.0357,204.8218,0.0,0.0,0.0,0.0,no_change,0.0,,0.0,204.949996948242,229.4873,2026-09-07 20:11:28,2026-09-07 16:15:05
NVDA,NVDA270219P00440000,NVDA,2027-02-19,P,440.0,205.0,51.0,214.95,51.0,0.5649,0.0,0.0,-1.0,0.0,0.0,0.0,-0.0362,209.82,0.0,0.0,0.0,0.0,no_change,0.0,,0.0,209.825004577637,229.4873,2026-09-07 20:11:28,2026-09-07 16:15:05
NVDA,NVDA270219P00445000,NVDA,2027-02-19,P,445.0,210.0,2.0,220.0,2.0,0.5732,0.0,0.0,-1.0,0.0,0.0,0.0,-0.0366,214.8182,0.0,0.0,0.0,0.0,no_change,0.0,,0.0,214.800003051758,229.4873,2026-09-07 20:11:28,2026-09-07 16:15:05
NVDA,NVDA270219P00450000,NVDA,2027-02-19,P,450.0,215.0,51.0,225.0,51.0,0.5761,0.0,0.0,-1.0,0.0,0.0,0.0,-0.037,219.8164,0.0,0.0,0.0,0.0,no_change,0.0,,0.0,219.775001525879,229.4873,2026-09-07 20:11:28,2026-09-07 16:15:05
NVDA,NVDA270219P00455000,NVDA,2027-02-19,P,455.0,220.0,51.0,230.0,51.0,0.5842,0.0,0.0,-1.0,0.0,0.0,0.0,-0.0374,224.8146,0.0,0.0,0.0,0.0,no_change,0.0,,0.0,224.875,229.4873,2026-09-07 20:11:28,2026-09-07 16:15:05
NVDA,NVDA270219P00460000,NVDA,2027-02-19,P,460.0,225.0,55.0,235.0,51.0,0.5923,0.0,0.0,-1.0,0.0,0.0,0.0,-0.0378,229.8128,0.0,0.0,0.0,0.0,no_change,0.0,,0.0,229.775001525879,229.4873,2026-09-07 20:11:28,2026-09-07 16:15:05
NVDA,NVDA270319C00002500,NVDA,2027-03-19,C,2.5,223.6,2.0,232.8,1.0,0.0,0.0,0.0,1.0,0.0,0.0004,-0.0032,0.0042,227.8007,0.0,0.0,0.0,0.0,no_change,0.0,,0.0,226.575004577637,229.4873,2026-09-07 20:11:28,2026-09-07 16:15:05
NVDA,NVDA270319C00005000,NVDA,2027-03-19,C,5.0,221.1,1.0,230.4,2.0,0.0,0.0,0.0,1.0,0.0,0.0003,-0.0027,0.0084,225.3105,0.0,0.0,0.0,0.0,no_change,0.0,,0.0,225.025001525879,229.4873,2026-09-07 20:11:28,2026-09-07 16:15:05
NVDA,NVDA270319C00007500,NVDA,2027-03-19,C,7.5,218.5,1.0,227.85,2.0,0.0,0.0,0.0,1.0,0.0,0.0005,-0.0009,0.0243,222.8397,0.0,0.0,0.0,0.0,no_change,0.0,,0.0,222.525001525879,229.4873,2026-09-07 20:11:28,2026-09-07 16:15:05
NVDA,NVDA270319C00010000,NVDA,2027-03-19,C,10.0,216.4,51.0,225.0,2.0,1.2987,0.0,0.0,1.0,0.0,0.0007,-0.0004,0.0416,220.3804,0.0,0.0,0.0,0.0,down,187.5,2026-07-27T12:03:53,0.0,220.224998474121,229.4873,2026-09-07 20:11:28,2026-09-07 16:15:05
NVDA,NVDA270319C00012500,NVDA,2027-03-19,C,12.5,214.0,51.0,222.25,1.0,1.4388,0.0,0.0,1.0,0.0,0.0011,-0.0004,0.0606,217.9308,0.0,0.0,0.0,0.0,no_change,0.0,,0.0,217.800003051758,229.4873,2026-09-07 20:11:28,2026-09-07 16:15:05
NVDA,NVDA270319C00015000,NVDA,2027-03-19,C,15.0,211.1,1.0,220.0,2.0,0.0,0.0,0.0,1.0,0.0,0.0015,-0.0005,0.0738,215.4889,0.0,0.0,0.0,0.0,no_change,0.0,,0.0,215.174995422363,229.4873,2026-09-07 20:11:28,2026-09-07 16:15:05
NVDA,NVDA270319C00017500,NVDA,2027-03-19,C,17.5,209.1,51.0,218.0,2.0,1.2174,0.0,0.0,1.0,0.0,0.002,-0.0006,0.0859,213.0474,0.0,0.0,0.0,0.0,no_change,0.0,,0.0,212.925003051758,229.4873,2026-09-07 20:11:28,2026-09-07 16:15:05
NVDA,NVDA270319C00020000,NVDA,2027-03-19,C,20.0,206.65,51.0,215.55,51.0,1.1253,0.0,0.0,1.0,0.0,0.0024,-0.0007,0.0981,210.6063,0.0,0.0,0.0,0.0,no_change,0.0,,0.0,210.474998474121,229.4873,2026-09-07 20:11:28,2026-09-07 16:15:05
NVDA,NVDA270319C00022500,NVDA,2027-03-19,C,22.5,204.2,2.0,213.0,2.0,1.1458,0.0,0.0,1.0,0.0,0.0027,-0.0008,0.1102,208.1654,0.0,0.0,0.0,0.0,no_change,0.0,,0.0,208.025001525879,229.4873,2026-09-07 20:11:28,2026-09-07 16:15:05
NVDA,NVDA270319C00025000,NVDA,2027-03-19,C,25.0,201.4,1.0,210.7,2.0,0.9415,0.0,0.0,1.0,0.0,0.0031,-0.0008,0.1224,205.7246,0.0,0.0,0.0,0.0,no_change,0.0,,0.0,205.424995422363,229.4873,2026-09-07 20:11:28,2026-09-07 16:15:05
NVDA,NVDA270319C00030000,NVDA,2027-03-19,C,30.0,196.85,1.0,205.85,2.0,0.9508,4.0,0.0,1.0,0.0,0.0044,-0.0011,0.1466,200.8445,0.0,0.0,0.0,0.0,down,182.31,2026-08-26T10:23:07,0.0,200.700004577637,229.4873,2026-09-07 20:11:28,2026-09-07 16:15:05
NVDA,NVDA270319C00035000,NVDA,2027-03-19,C,35.0,191.6,1.0,200.95,51.0,0.9213,2.0,0.0,1.0,0.0,0.0055,-0.0013,0.1708,195.9658,0.0,0.0,0.0,0.0,up,195.25,2026-08-27T12:39:59,0.0,195.699996948242,229.4873,2026-09-07 20:11:28,2026-09-07 16:15:05
NVDA,NVDA270319C00040000,NVDA,2027-03-19,C,40.0,186.95,1.0,196.0,2.0,0.9217,2.0,0.0,1.0,0.0,0.0073,-0.0016,0.1949,191.0887,0.0,0.0,0.0,0.0,up,182.57,2026-08-07T09:39:58,0.0,190.875,229.4873,2026-09-07 20:11:28,2026-09-07 16:15:05
NVDA,NVDA270319C00045000,NVDA,2027-03-19,C,45.0,182.25,1.0,191.0,2.0,0.8766,1.0,0.0,1.0,0.0,0.0089,-0.0019,0.219,186.214,0.0,0.0,0.0,0.0,down,168.05,2026-08-25T10:34:42,0.0,186.099998474121,229.4873,2026-09-07 20:11:28,2026-09-07 16:15:05
NVDA,NVDA270319C00050000,NVDA,2027-03-19,C,50.0,177.35,1.0,186.0,2.0,0.835,64.0,0.0,0.9996,0.0,0.0107,-0.0022,0.243,181.3414,0.0,0.0,0.0,0.0,down,169.63,2026-09-01T12:15:15,0.0,181.200004577637,229.4873,2026-09-07 20:11:28,2026-09-07 16:15:05
NVDA,NVDA270319C00055000,NVDA,2027-03-19,C,55.0,172.1,1.0,181.0,5.0,0.7956,35.0,0.0,0.9991,0.0001,0.0136,-0.0026,0.2669,176.4714,0.0,0.0,0.0,0.0,down,140.2,2026-07-30T14:51:39,0.0,176.175003051758,229.4873,2026-09-07 20:11:28,2026-09-07 16:15:05
NVDA,NVDA270319C00060000,NVDA,2027-03-19,C,60.0,167.55,2.0,176.6,1.0,0.7588,196.0,0.0,0.9985,0.0001,0.0161,-0.003,0.2907,171.6049,0.0,0.0,0.0,0.0,down,158.68,2026-09-01T15:30:07,0.0,171.275001525879,229.4873,2026-09-07 20:11:28,2026-09-07 16:15:05
NVDA,NVDA270319C00065000,NVDA,2027-03-19,C,65.0,162.8,1.0,171.7,1.0,0.7505,28.0,0.0,0.9978,0.0001,0.0191,-0.0034,0.3144,166.7415,0.0,0.0,0.0,0.0,no_change,151.81,2026-08-21T15:07:24,0.0,166.575004577637,229.4873,2026-09-07 20:11:28,2026-09-07 16:15:05
NVDA,NVDA270319C00070000,NVDA,2027-03-19,C,70.0,157.9,56.0,166.85,55.0,0.715,320.0,0.0,0.997,0.0001,0.0231,-0.0039,0.3379,161.8824,0.0,0.0,0.0,0.0,up,153.43,2026-09-02T10:18:38,0.0,162.075004577637,229.4873,2026-09-07 20:11:28,2026-09-07 16:15:05
NVDA,NVDA270319C00075000,NVDA,2027-03-19,C,75.0,153.05,107.0,162.0,41.0,0.691,3454.0,1.0,0.9961,0.0001,0.027,-0.0045,0.3612,157.0282,3.605,159.88,159.88,159.88,up,159.88,2026-09-04T11:25:04,2.30683,157.550003051758,229.4873,2026-09-07 20:11:28,2026-09-07 16:15:05
NVDA,NVDA270319C00080000,NVDA,2027-03-19,C,80.0,147.95,11.0,157.0,2.0,0.6588,76.0,1.0,0.995,0.0002,0.0316,-0.0051,0.3844,152.1787,4.18,154.88,154.88,154.88,up,154.88,2026-09-04T11:25:04,2.77372,152.399993896484,229.4873,2026-09-07 20:11:28,2026-09-07 16:15:05
NVDA,NVDA270319C00085000,NVDA,2027-03-19,C,85.0,143.4,10.0,152.0,2.0,0.6837,132.0,0.0,0.9937,0.0002,0.0373,-0.0058,0.4074,147.3359,0.0,0.0,0.0,0.0,up,144.98,2026-09-03T13:34:58,0.0,147.849998474121,229.4873,2026-09-07 20:11:28,2026-09-07 16:15:05
NVDA,NVDA270319C00090000,NVDA,2027-03-19,C,90.0,138.55,59.0,147.5,1.0,0.6242,824.0,0.0,0.9922,0.0002,0.043,-0.0065,0.43,142.5003,0.0,0.0,0.0,0.0,up,138.83,2026-09-02T12:49:45,0.0,142.774993896484,229.4873,2026-09-07 20:11:28,2026-09-07 16:15:05
NVDA,NVDA270319C00095000,NVDA,2027-03-19,C,95.0,133.7,1.0,142.7,10.0,0.6146,75.0,0.0,0.9905,0.0003,0.0502,-0.0073,0.4524,137.6722,0.0,0.0,0.0,0.0,up,132.0,2026-09-02T10:58:45,0.0,138.325004577637,229.4873,2026-09-07 20:11:28,2026-09-07 16:15:05
NVDA,NVDA270319C00100000,NVDA,2027-03-19,C,100.0,131.35,63.0,136.85,81.0,0.7272,421.0,1.0,0.9885,0.0004,0.0579,-0.0082,0.4747,132.8545,3.515,135.99,135.99,135.99,up,135.99,2026-09-04T09:46:52,2.65333,133.549995422363,229.4873,2026-09-07 20:11:28,2026-09-07 16:15:05
NVDA,NVDA270319C00105000,NVDA,2027-03-19,C,105.0,124.2,10.0,132.25,10.0,0.5796,183.0,0.0,0.9861,0.0004,0.0663,-0.0092,0.4961,128.0478,0.0,0.0,0.0,0.0,no_change,117.27,2026-08-31T10:34:13,0.0,128.525001525879,229.4873,2026-09-07 20:11:28,2026-09-07 16:15:05
NVDA,NVDA270319C00110000,NVDA,2027-03-19,C,110.0,119.85,74.0,127.25,72.0,0.5841,419.0,1.0,0.9834,0.0005,0.0767,-0.0103,0.5179,123.254,2.66,124.76,124.76,124.76,up,124.76,2026-09-04T09:32:43,2.17854,123.625,229.4873,2026-09-07 20:11:28,2026-09-07 16:15:05
NVDA,NVDA270319C00115000,NVDA,2027-03-19,C,115.0,114.9,5.0,122.45,10.0,0.555,370.0,0.0,0.9802,0.0006,0.0875,-0.0115,0.5382,118.4773,0.0,0.0,0.0,0.0,no_change,113.25,2026-09-02T14:24:16,0.0,118.450000762939,229.4873,2026-09-07 20:11:28,2026-09-07 16:15:05
NVDA,NVDA270319C00120000,NVDA,2027-03-19,C,120.0,110.35,424.0,117.65,147.0,0.5457,541.0,2.0,0.9765,0.0007,0.0998,-0.0128,0.5578,113.7197,3.1,116.35,116.35,116.35,no_change,116.35,2026-09-04T09:37:08,2.73731,114.174999237061,229.4873,2026-09-07 20:11:28,2026-09-07 16:15:05
NVDA,NVDA270319C00125000,NVDA,2027-03-19,C,125.0,106.9,216.0,112.95,345.0,0.5762,395.0,1.0,0.9722,0.0008,0.1145,-0.0143,0.5777,108.9867,1.55,109.25,109.25,109.25,up,109.25,2026-09-04T10:07:05,1.43919,108.674999237061,229.4873,2026-09-07 20:11:28,2026-09-07 16:15:05
NVDA,NVDA270319C00130000,NVDA,2027-03-19,C,130.0,100.9,467.0,108.25,317.0,0.5154,639.0,25.0,0.9671,0.0009,0.1301,-0.0159,0.5954,104.283,0.84,107.1,108.68,104.27,up,104.59,2026-09-04T15:50:02,0.809639,104.700000762939,229.4873,2026-09-07 20:11:28,2026-09-07 16:15:05
NVDA,NVDA270319C00135000,NVDA,2027-03-19,C,135.0,98.5,18.0,101.7,82.0,0.5135,285.0,0.0,0.9611,0.0011,0.1487,-0.0178,0.6135,99.6149,0.0,0.0,0.0,0.0,up,98.85,2026-09-03T13:40:45,0.0,99.875,229.4873,2026-09-07 20:11:28,2026-09-07 16:15:05
NVDA,NVDA270319C00140000,NVDA,2027-03-19,C,140.0,92.0,421.0,96.05,85.0,0.4013,477.0,5.0,0.9542,0.0012,0.1683,-0.0198,0.6286,94.9903,0.9,98.43,98.43,95.0,down,95.0,2026-09-04T14:30:14,0.956431,94.3999977111816,229.4873,2026-09-07 20:11:28,2026-09-07 16:15:05
NVDA,NVDA270319C00145000,NVDA,2027-03-19,C,145.0,90.0,11.0,91.4,30.0,0.4777,293.0,1.0,0.9461,0.0014,0.1912,-0.022,0.6446,90.4158,3.445,92.77,92.77,92.77,up,92.77,2026-09-04T09:37:42,3.8567,90.1000022888184,229.4873,2026-09-07 20:11:28,2026-09-07 16:15:05
NVDA,NVDA270319C00150000,NVDA,2027-03-19,C,150.0,85.15,76.0,86.8,71.0,0.458,1738.0,14.0,0.9367,0.0016,0.2154,-0.0245,0.6598,85.9015,4.38,88.0,90.0,88.0,up,89.38,2026-09-04T10:18:37,5.15294,85.5499992370606,229.4873,2026-09-07 20:11:28,2026-09-07 16:15:05
NVDA,NVDA270319C00155000,NVDA,2027-03-19,C,155.0,81.0,11.0,82.6,57.0,0.4611,634.0,10.0,0.926,0.0019,0.2425,-0.0271,0.694,81.4554,1.7,82.15,82.15,82.15,up,82.15,2026-09-04T09:30:00,2.11312,81.3999977111816,229.4873,2026-09-07 20:11:28,2026-09-07 16:15:05
NVDA,NVDA270319C00160000,NVDA,2027-03-19,C,160.0,76.4,84.0,78.25,183.0,0.4488,2537.0,36.0,0.9138,0.0022,0.2712,-0.0299,0.7105,77.0904,1.62,77.75,81.0,77.67,no_change,77.67,2026-09-04T12:26:28,2.13017,76.9249992370606,229.4873,2026-09-07 20:11:28,2026-09-07 16:15:05
NVDA,NVDA270319C00165000,NVDA,2027-03-19,C,165.0,72.45,59.0,74.55,93.0,0.4318,1319.0,51.0,0.9,0.0024,0.3015,-0.0329,0.7166,72.8118,1.1,73.5,74.25,72.5,down,72.5,2026-09-04T15:29:01,1.54061,72.5499992370606,229.4873,2026-09-07 20:11:28,2026-09-07 16:15:05
NVDA,NVDA270319C00170000,NVDA,2027-03-19,C,170.0,68.0,90.0,69.2,51.0,0.4274,4972.0,31.0,0.8846,0.0027,0.3335,-0.036,0.7199,68.6284,1.455,69.0,72.21,68.39,up,69.03,2026-09-04T15:55:08,2.15317,68.2249984741211,229.4873,2026-09-07 20:11:28,2026-09-07 16:15:05
NVDA,NVDA270319C00175000,NVDA,2027-03-19,C,175.0,63.55,262.0,65.65,306.0,0.4246,2509.0,4.0,0.8676,0.003,0.3661,-0.0391,0.721,64.5492,2.8,68.05,68.05,66.15,down,66.15,2026-09-04T11:20:48,4.41989,64.2250022888184,229.4873,2026-09-07 20:11:28,2026-09-07 16:15:05
NVDA,NVDA270319C00180000,NVDA,2027-03-19,C,180.0,59.65,118.0,61.65,139.0,0.4203,4395.0,111.0,0.8489,0.0033,0.3997,-0.0423,0.719,60.5825,0.98,62.5,64.45,60.33,down,60.33,2026-09-04T15:26:51,1.65122,60.1499996185303,229.4873,2026-09-07 20:11:28,2026-09-07 16:15:05
NVDA,NVDA270319C00185000,NVDA,2027-03-19,C,185.0,55.85,101.0,57.6,98.0,0.4141,3051.0,7.0,0.8286,0.0037,0.4329,-0.0455,0.7148,56.7375,5.3,59.76,60.45,59.76,no_change,60.45,2026-09-04T10:29:36,9.61016,56.4750003814697,229.4873,2026-09-07 20:11:28,2026-09-07 16:15:05
NVDA,NVDA270319C00190000,NVDA,2027-03-19,C,190.0,52.85,32.0,53.6,58.0,0.415,4325.0,56.0,0.8068,0.004,0.466,-0.0486,0.7076,53.0208,1.4,56.15,56.65,52.83,no_change,53.25,2026-09-04T15:57:36,2.7001,52.9249992370606,229.4873,2026-09-07 20:11:28,2026-09-07 16:15:05
NVDA,NVDA270319C00195000,NVDA,2027-03-19,C,195.0,49.0,89.0,51.1,38.0,0.4052,7721.0,85.0,0.7834,0.0043,0.4979,-0.0516,0.698,49.4413,1.015,52.5,52.65,49.21,up,49.24,2026-09-04T15:32:05,2.10472,49.2250003814697,229.4873,2026-09-07 20:11:28,2026-09-07 16:15:05
NVDA,NVDA270319C00200000,NVDA,2027-03-19,C,200.0,45.85,61.0,46.6,102.0,0.4081,30817.0,480.0,0.7587,0.0046,0.5283,-0.0544,0.686,46.0033,0.4,45.95,49.4,45.3,down,45.3,2026-09-04T15:11:04,0.890869,45.7749996185303,229.4873,2026-09-07 20:11:28,2026-09-07 16:15:05
NVDA,NVDA270319C00205000,NVDA,2027-03-19,C,205.0,42.05,317.0,43.5,323.0,0.4021,2148.0,74.0,0.7328,0.0049,0.5569,-0.0569,0.6714,42.715,1.7,42.6,45.35,42.47,up,43.1,2026-09-04T15:55:45,4.10628,42.75,229.4873,2026-09-07 20:11:28,2026-09-07 16:15:05
NVDA,NVDA270319C00210000,NVDA,2027-03-19,C,210.0,39.15,114.0,40.2,117.0,0.4005,23678.0,128.0,0.7056,0.0051,0.5828,-0.0593,0.6549,39.5561,1.575,41.7,42.75,39.3,down,39.9,2026-09-04T15:57:54,4.10959,39.4750003814697,229.4873,2026-09-07 20:11:28,2026-09-07 16:15:05
NVDA,NVDA270319C00215000,NVDA,2027-03-19,C,215.0,36.1,59.0,36.95,38.0,0.3941,5539.0,132.0,0.6778,0.0054,0.606,-0.0613,0.6362,36.5976,0.9,38.61,39.95,36.35,down,36.35,2026-09-04T15:24:36,2.53878,36.5,229.4873,2026-09-07 20:11:28,2026-09-07 16:15:05
NVDA,NVDA270319C00220000,NVDA,2027-03-19,C,220.0,33.55,55.0,34.1,99.0,0.394,19097.0,765.0,0.6492,0.0056,0.6258,-0.063,0.6164,33.7772,1.5,34.0,36.73,33.5,down,34.15,2026-09-04T15:56:16,4.59418,33.6999988555908,229.4873,2026-09-07 20:11:28,2026-09-07 16:15:05
NVDA,NVDA270319C00225000,NVDA,2027-03-19,C,225.0,31.0,24.0,31.4,2.0,0.393,7786.0,493.0,0.6201,0.0058,0.6425,-0.0644,0.5944,31.1185,1.1,30.82,33.8,30.82,down,31.2,2026-09-04T15:59:20,3.65448,31.0250005722046,229.4873,2026-09-07 20:11:28,2026-09-07 16:15:05
NVDA,NVDA270319C00230000,NVDA,2027-03-19,C,230.0,28.45,83.0,28.75,1.0,0.3902,12493.0,675.0,0.5907,0.0059,0.6554,-0.0655,0.5717,28.6178,1.07,28.6,31.1,28.37,down,28.67,2026-09-04T15:59:46,3.87681,28.5249996185303,229.4873,2026-09-07 20:11:28,2026-09-07 16:15:05
NVDA,NVDA270319C00235000,NVDA,2027-03-19,C,235.0,26.2,5.0,26.6,28.0,0.3911,5780.0,370.0,0.5612,0.006,0.6647,-0.0662,0.5477,26.267,1.04,26.85,28.75,26.05,no_change,26.34,2026-09-04T15:59:43,4.11067,26.2249994277954,229.4873,2026-09-07 20:11:28,2026-09-07 16:15:05
NVDA,NVDA270319C00240000,NVDA,2027-03-19,C,240.0,23.95,79.0,24.45,159.0,0.3896,17265.0,396.0,0.5318,0.0061,0.6703,-0.0665,0.523,24.0802,0.995,24.6,26.5,23.75,up,24.17,2026-09-04T15:58:55,4.29342,24.0249996185303,229.4873,2026-09-07 20:11:28,2026-09-07 16:15:05
NVDA,NVDA270319C00245000,NVDA,2027-03-19,C,245.0,21.9,51.0,22.35,16.0,0.388,4111.0,91.0,0.5028,0.0061,0.6724,-0.0665,0.4984,22.0485,0.89,21.72,23.95,21.72,no_change,21.99,2026-09-04T15:08:27,4.21801,21.9750003814697,229.4873,2026-09-07 20:11:28,2026-09-07 16:15:05
NVDA,NVDA270319C00250000,NVDA,2027-03-19,C,250.0,20.1,61.0,20.5,5.0,0.3863,35534.0,883.0,0.4742,0.0061,0.6708,-0.0662,0.4728,20.155,0.95,19.8,22.25,19.8,down,20.2,2026-09-04T15:59:18,4.93506,20.0250005722046,229.4873,2026-09-07 20:11:28,2026-09-07 16:15:05
NVDA,NVDA270319C00255000,NVDA,2027-03-19,C,255.0,18.25,61.0,18.55,26.0,0.3845,3817.0,141.0,0.4466,0.0061,0.6664,-0.0656,0.4483,18.4294,0.99,18.55,20.15,18.35,up,18.54,2026-09-04T15:51:20,5.64102,18.2750005722046,229.4873,2026-09-07 20:11:28,2026-09-07 16:15:05
NVDA,NVDA270319C00260000,NVDA,2027-03-19,C,260.0,16.45,35.0,17.2,10.0,0.3845,29717.0,6302.0,0.4192,0.006,0.6586,-0.0647,0.4232,16.7995,1.01,16.35,18.55,16.35,up,16.91,2026-09-04T15:51:20,6.3522,16.6750001907349,229.4873,2026-09-07 20:11:28,2026-09-07 16:15:05
NVDA,NVDA270319C00265000,NVDA,2027-03-19,C,265.0,15.05,51.0,15.85,11.0,0.3824,3660.0,871.0,0.393,0.0059,0.648,-0.0636,0.3985,15.3153,0.975,15.07,17.0,15.07,up,15.45,2026-09-04T14:56:41,6.73575,15.1999998092651,229.4873,2026-09-07 20:11:28,2026-09-07 16:15:05
NVDA,NVDA270319C00270000,NVDA,2027-03-19,C,270.0,13.8,22.0,14.25,42.0,0.3835,13055.0,402.0,0.3677,0.0058,0.6354,-0.0622,0.375,13.9506,0.82,14.0,15.5,13.8,up,13.92,2026-09-04T15:49:27,6.25954,13.8249998092651,229.4873,2026-09-07 20:11:28,2026-09-07 16:15:05
NVDA,NVDA270319C00275000,NVDA,2027-03-19,C,275.0,12.55,23.0,13.0,10.0,0.3836,4597.0,311.0,0.3433,0.0057,0.6202,-0.0607,0.3515,12.691,0.825,13.1,14.0,12.4,up,12.75,2026-09-04T14:38:41,6.91824,12.5749998092651,229.4873,2026-09-07 20:11:28,2026-09-07 16:15:05
NVDA,NVDA270319C00280000,NVDA,2027-03-19,C,280.0,11.15,47.0,12.05,43.0,0.3835,10189.0,372.0,0.3206,0.0055,0.6039,-0.059,0.3296,11.5706,1.01,11.15,12.85,11.05,no_change,11.76,2026-09-04T15:54:44,9.39535,11.4499998092651,229.4873,2026-09-07 20:11:28,2026-09-07 16:15:05
NVDA,NVDA270319C00285000,NVDA,2027-03-19,C,285.0,10.1,18.0,10.85,19.0,0.3838,2411.0,311.0,0.2985,0.0053,0.5856,-0.0572,0.3082,10.5115,0.85,9.9,11.7,9.9,no_change,10.6,2026-09-04T15:51:59,8.71795,10.4000000953674,229.4873,2026-09-07 20:11:28,2026-09-07 16:15:05
NVDA,NVDA270319C00290000,NVDA,2027-03-19,C,290.0,9.3,19.0,9.8,19.0,0.3859,5922.0,274.0,0.2777,0.0052,0.5661,-0.0553,0.2875,9.5594,0.825,10.1,10.53,9.3,up,9.7,2026-09-04T15:52:48,9.29577,9.52499961853027,229.4873,2026-09-07 20:11:28,2026-09-07 16:15:05
NVDA,NVDA270319C00295000,NVDA,2027-03-19,C,295.0,8.3,16.0,8.95,20.0,0.3866,2848.0,1959.0,0.2582,0.005,0.5458,-0.0533,0.268,8.6928,0.705,9.2,9.65,8.55,up,8.78,2026-09-04T15:53:30,8.73065,8.59999990463257,229.4873,2026-09-07 20:11:28,2026-09-07 16:15:05
NVDA,NVDA270319C00300000,NVDA,2027-03-19,C,300.0,7.85,1.0,8.15,88.0,0.3875,11192.0,812.0,0.2396,0.0048,0.5252,-0.0512,0.2498,7.8991,0.75,7.65,8.75,7.57,up,8.0,2026-09-04T15:56:14,10.3448,7.82499980926514,229.4873,2026-09-07 20:11:28,2026-09-07 16:15:05
NVDA,NVDA270319C00305000,NVDA,2027-03-19,C,305.0,6.95,71.0,7.3,58.0,0.3847,1501.0,139.0,0.2224,0.0046,0.504,-0.0491,0.2323,7.1848,0.8,6.8,7.82,6.76,up,7.4,2026-09-04T13:11:32,12.1212,7.125,229.4873,2026-09-07 20:11:28,2026-09-07 16:15:05
NVDA,NVDA270319C00310000,NVDA,2027-03-19,C,310.0,6.4,45.0,6.65,29.0,0.3865,5850.0,381.0,0.2062,0.0044,0.4822,-0.047,0.2157,6.5312,0.6,6.3,7.2,6.25,down,6.55,2026-09-04T14:35:31,10.084,6.47499990463257,229.4873,2026-09-07 20:11:28,2026-09-07 16:15:05
NVDA,NVDA270319C00315000,NVDA,2027-03-19,C,315.0,5.8,28.0,6.05,44.0,0.387,3490.0,1822.0,0.191,0.0042,0.4611,-0.0449,0.2005,5.9399,0.55,6.42,6.5,5.78,up,6.0,2026-09-04T13:35:07,10.0917,5.875,229.4873,2026-09-07 20:11:28,2026-09-07 16:15:05
NVDA,NVDA270319C00320000,NVDA,2027-03-19,C,320.0,5.3,32.0,5.6,57.0,0.389,16691.0,2963.0,0.177,0.004,0.44,-0.0429,0.1861,5.4065,0.455,5.4,6.15,5.2,down,5.38,2026-09-04T15:51:48,9.23858,5.375,229.4873,2026-09-07 20:11:28,2026-09-07 16:15:05
NVDA,NVDA270319C00325000,NVDA,2027-03-19,C,325.0,4.75,37.0,5.05,52.0,0.3883,1133.0,116.0,0.1639,0.0038,0.4188,-0.0409,0.1724,4.9199,0.55,4.85,5.38,4.75,up,5.0,2026-09-04T15:02:29,12.3595,4.84999990463257,229.4873,2026-09-07 20:11:28,2026-09-07 16:15:05
NVDA,NVDA270319C00330000,NVDA,2027-03-19,C,330.0,4.35,35.0,4.6,36.0,0.3894,4214.0,155.0,0.1517,0.0036,0.3985,-0.0389,0.1601,4.4799,0.35,4.65,4.83,4.3,down,4.4,2026-09-04T15:34:45,8.64197,4.42500019073486,229.4873,2026-09-07 20:11:28,2026-09-07 16:15:05
NVDA,NVDA270319C00335000,NVDA,2027-03-19,C,335.0,3.8,21.0,4.2,46.0,0.3909,2001.0,678.0,0.1403,0.0034,0.3786,-0.0369,0.1483,4.0749,0.525,4.05,4.5,4.0,down,4.2,2026-09-04T13:15:07,14.2857,4.0,229.4873,2026-09-07 20:11:28,2026-09-07 16:15:05
NVDA,NVDA270319C00340000,NVDA,2027-03-19,C,340.0,3.6,33.0,3.8,28.0,0.3908,1281.0,194.0,0.1298,0.0032,0.359,-0.035,0.1372,3.7123,0.35,3.8,4.05,3.7,down,3.7,2026-09-04T14:06:07,10.4478,3.64999997615814,229.4873,2026-09-07 20:11:28,2026-09-07 16:15:05
NVDA,NVDA270319C00345000,NVDA,2027-03-19,C,345.0,3.15,59.0,3.5,54.0,0.3903,738.0,40.0,0.12,0.003,0.34,-0.0332,0.1271,3.3842,0.33,3.54,3.54,3.34,no_change,3.37,2026-09-04T11:33:04,10.8553,3.35000002384186,229.4873,2026-09-07 20:11:28,2026-09-07 16:15:05
NVDA,NVDA270319C00350000,NVDA,2027-03-19,C,350.0,3.0,30.0,3.2,35.0,0.3935,5720.0,429.0,0.111,0.0028,0.3221,-0.0315,0.1178,3.0867,0.47,3.12,3.4,2.9,up,3.2,2026-09-04T15:51:52,17.2161,3.07500004768372,229.4873,2026-09-07 20:11:28,2026-09-07 16:15:05
NVDA,NVDA270319C00355000,NVDA,2027-03-19,C,355.0,2.74,33.0,2.88,49.0,0.3938,623.0,314.0,0.1027,0.0027,0.3049,-0.0298,0.1092,2.8171,0.27,2.96,3.09,2.75,no_change,2.76,2026-09-04T11:33:04,10.8434,2.74500000476837,229.4873,2026-09-07 20:11:28,2026-09-07 16:15:05
NVDA,NVDA270319C00360000,NVDA,2027-03-19,C,360.0,2.3,10.0,2.74,6.0,0.3946,2085.0,255.0,0.0951,0.0025,0.2881,-0.0282,0.101,2.5731,0.305,2.69,2.81,2.56,down,2.56,2026-09-04T12:42:31,13.5255,2.54000008106232,229.4873,2026-09-07 20:11:28,2026-09-07 16:15:05
NVDA,NVDA270319C00365000,NVDA,2027-03-19,C,365.0,2.29,5.0,2.4,5.0,0.396,293.0,31.0,0.0881,0.0024,0.2722,-0.0267,0.0936,2.3549,0.415,2.56,2.56,2.48,no_change,2.5,2026-09-04T10:47:48,19.9041,2.35000002384186,229.4873,2026-09-07 20:11:28,2026-09-07 16:15:05
NVDA,NVDA270319C00370000,NVDA,2027-03-19,C,370.0,1.91,110.0,2.19,91.0,0.3973,4476.0,205.0,0.0815,0.0022,0.2573,-0.0252,0.0868,2.1544,0.295,2.3,2.31,2.05,no_change,2.17,2026-09-04T15:57:29,15.7333,2.10500001907349,229.4873,2026-09-07 20:11:28,2026-09-07 16:15:05
NVDA,NVDA270319C00375000,NVDA,2027-03-19,C,375.0,1.89,54.0,2.02,98.0,0.3978,198.0,53.0,0.0755,0.0021,0.2431,-0.0238,0.0805,1.9725,0.265,2.12,2.12,1.93,up,2.01,2026-09-04T13:05:23,15.1862,1.9549999833107,229.4873,2026-09-07 20:11:28,2026-09-07 16:15:05
NVDA,NVDA270319C00380000,NVDA,2027-03-19,C,380.0,1.6,118.0,1.85,89.0,0.396,720.0,99.0,0.07,0.002,0.2293,-0.0225,0.0745,1.8072,0.225,1.83,1.93,1.76,down,1.82,2026-09-04T11:13:43,14.1066,1.77000004053116,229.4873,2026-09-07 20:11:28,2026-09-07 16:15:05
NVDA,NVDA270319C00385000,NVDA,2027-03-19,C,385.0,1.46,164.0,1.69,40.0,0.3968,475.0,53.0,0.0649,0.0019,0.2165,-0.0213,0.0692,1.6606,0.205,1.78,1.78,1.6,up,1.66,2026-09-04T15:51:23,14.0893,1.58000004291534,229.4873,2026-09-07 20:11:28,2026-09-07 16:15:05
NVDA,NVDA270319C00390000,NVDA,2027-03-19,C,390.0,1.33,158.0,1.56,16.0,0.3982,805.0,51.0,0.0602,0.0018,0.2042,-0.0201,0.0642,1.5231,0.27,1.64,1.65,1.53,down,1.53,2026-09-04T15:09:05,21.4286,1.51999998092651,229.4873,2026-09-07 20:11:28,2026-09-07 16:15:05
NVDA,NVDA270319C00395000,NVDA,2027-03-19,C,395.0,1.21,146.0,1.45,93.0,0.3996,271.0,30.0,0.0559,0.0016,0.1929,-0.019,0.0597,1.4002,0.15,1.38,1.39,1.34,down,1.35,2026-09-04T11:13:43,12.5,1.39500004053116,229.4873,2026-09-07 20:11:28,2026-09-07 16:15:05
NVDA,NVDA270319C00400000,NVDA,2027-03-19,C,400.0,1.1,266.0,1.33,87.0,0.4005,2552.0,134.0,0.0519,0.0016,0.1821,-0.018,0.0554,1.2887,0.18,1.36,1.36,1.25,no_change,1.3,2026-09-04T14:25:07,16.0714,1.28500002622604,229.4873,2026-09-07 20:11:28,2026-09-07 16:15:05
NVDA,NVDA270319C00405000,NVDA,2027-03-19,C,405.0,0.97,2.0,1.23,17.0,0.4069,627.0,16.0,0.0482,0.0014,0.1717,-0.017,0.0514,1.1862,0.145,1.18,1.19,1.16,no_change,1.17,2026-09-04T14:25:07,14.1463,1.18500000238419,229.4873,2026-09-07 20:11:28,2026-09-07 16:15:05
NVDA,NVDA270319C00410000,NVDA,2027-03-19,C,410.0,1.0,97.0,1.13,31.0,0.4055,1221.0,3.0,0.0449,0.0014,0.1621,-0.0161,0.0478,1.0952,0.05,1.06,1.06,1.0,down,1.0,2026-09-04T14:59:10,5.26316,1.10499995946884,229.4873,2026-09-07 20:11:28,2026-09-07 16:15:05
NVDA,NVDA270319C00415000,NVDA,2027-03-19,C,415.0,0.97,5.0,1.05,105.0,0.4091,139.0,1.0,0.0418,0.0013,0.1531,-0.0152,0.0446,1.0116,0.14,1.02,1.02,1.02,up,1.02,2026-09-04T10:14:39,15.9091,1.01999998092651,229.4873,2026-09-07 20:11:28,2026-09-07 16:15:05
NVDA,NVDA270319C00420000,NVDA,2027-03-19,C,420.0,0.88,112.0,0.97,5.0,0.4091,1168.0,11.0,0.039,0.0012,0.1448,-0.0144,0.0416,0.9358,0.2,0.9,0.99,0.9,no_change,0.99,2026-09-04T09:59:06,25.3165,0.939999997615814,229.4873,2026-09-07 20:11:28,2026-09-07 16:15:05
NVDA,NVDA270319C00430000,NVDA,2027-03-19,C,430.0,0.76,14.0,0.83,6.0,0.4126,364.0,4.0,0.034,0.0011,0.1297,-0.0129,0.0363,0.8056,0.095,0.76,0.76,0.72,down,0.72,2026-09-04T12:49:09,15.2,0.844999998807907,229.4873,2026-09-07 20:11:28,2026-09-07 16:15:05
NVDA,NVDA270319C00440000,NVDA,2027-03-19,C,440.0,0.66,10.0,0.85,252.0,0.4218,833.0,2.0,0.0296,0.001,0.1156,-0.0116,0.0316,0.6914,-0.005,0.67,0.67,0.6,down,0.6,2026-09-04T09:44:03,-0.826445,0.695000022649765,229.4873,2026-09-07 20:11:28,2026-09-07 16:15:05
NVDA,NVDA270319C00450000,NVDA,2027-03-19,C,450.0,0.55,104.0,0.63,67.0,0.4183,507.0,20.0,0.0259,0.0008,0.1038,-0.0104,0.0277,0.5992,0.05,0.57,0.57,0.57,up,0.57,2026-09-04T11:50:44,9.61538,0.645000010728836,229.4873,2026-09-07 20:11:28,2026-09-07 16:15:05
NVDA,NVDA270319C00455000,NVDA,2027-03-19,C,455.0,0.51,98.0,0.58,32.0,0.4191,320.0,1.0,0.0244,0.0008,0.0989,-0.01,0.0261,0.5622,0.075,0.56,0.56,0.56,up,0.56,2026-09-04T14:44:46,15.4639,0.549999982118607,229.4873,2026-09-07 20:11:28,2026-09-07 16:15:05
NVDA,NVDA270319C00460000,NVDA,2027-03-19,C,460.0,0.49,21.0,0.55,97.0,0.4214,5451.0,103.0,0.0229,0.0008,0.0938,-0.0095,0.0245,0.525,0.1,0.48,0.55,0.48,up,0.55,2026-09-04T15:50:37,22.2222,0.520000010728836,229.4873,2026-09-07 20:11:28,2026-09-07 16:15:05
NVDA,NVDA270319P00002500,NVDA,2027-03-19,P,2.5,0.0,0.0,0.25,1.0,1.9514,0.0,0.0,0.0,0.0,0.0003,-0.0001,-0.0001,0.0043,0.0,0.0,0.0,0.0,no_change,0.0,,0.0,0.00499999988824129,229.4873,2026-09-07 20:11:28,2026-09-07 16:15:05
NVDA,NVDA270319P00005000,NVDA,2027-03-19,P,5.0,0.0,0.0,0.25,1.0,1.6229,1002.0,0.0,-0.0001,0.0,0.0006,-0.0002,-0.0001,0.0071,0.0,0.0,0.0,0.0,down,0.01,2026-08-27T09:37:29,0.0,0.00499999988824129,229.4873,2026-09-07 20:11:28,2026-09-07 16:15:05
NVDA,NVDA270319P00007500,NVDA,2027-03-19,P,7.5,0.0,0.0,0.05,1.0,1.6452,3001.0,0.0,-0.0001,0.0,0.0008,-0.0003,-0.0002,0.0098,0.0,0.0,0.0,0.0,up,0.03,2026-08-27T10:01:13,0.0,0.025000000372529,229.4873,2026-09-07 20:11:28,2026-09-07 16:15:05
NVDA,NVDA270319P00010000,NVDA,2027-03-19,P,10.0,0.0,0.0,0.61,50.0,1.6841,1000.0,0.0,-0.0002,0.0,0.0011,-0.0004,-0.0003,0.0126,0.0,0.0,0.0,0.0,down,0.01,2026-08-27T12:04:03,0.0,0.0799999982118606,229.4873,2026-09-07 20:11:28,2026-09-07 16:15:05
NVDA,NVDA270319P00012500,NVDA,2027-03-19,P,12.5,0.0,0.0,0.16,51.0,1.5547,0.0,0.0,-0.0002,0.0,0.0014,-0.0005,-0.0004,0.0156,0.0,0.0,0.0,0.0,no_change,0.0,,0.0,0.0799999982118606,229.4873,2026-09-07 20:11:28,2026-09-07 16:15:05
NVDA,NVDA270319P00015000,NVDA,2027-03-19,P,15.0,0.0,0.0,0.16,51.0,1.4512,2.0,0.0,-0.0003,0.0,0.0018,-0.0005,-0.0004,0.0188,0.0,0.0,0.0,0.0,down,0.02,2026-08-27T13:07:22,0.0,0.0799999982118606,229.4873,2026-09-07 20:11:28,2026-09-07 16:15:05
NVDA,NVDA270319P00017500,NVDA,2027-03-19,P,17.5,0.0,0.0,0.16,9.0,1.3651,0.0,0.0,-0.0004,0.0,0.0022,-0.0006,-0.0005,0.0222,0.0,0.0,0.0,0.0,no_change,0.0,,0.0,0.0799999982118606,229.4873,2026-09-07 20:11:28,2026-09-07 16:15:05
NVDA,NVDA270319P00020000,NVDA,2027-03-19,P,20.0,0.0,0.0,0.17,51.0,1.3001,4.0,0.0,-0.0004,0.0,0.0026,-0.0007,-0.0006,0.0259,0.0,0.0,0.0,0.0,down,0.03,2026-08-14T11:34:40,0.0,0.0850000008940697,229.4873,2026-09-07 20:11:28,2026-09-07 16:15:05
NVDA,NVDA270319P00022500,NVDA,2027-03-19,P,22.5,0.0,0.0,0.17,51.0,1.2354,4.0,0.0,-0.0005,0.0,0.0031,-0.0008,-0.0008,0.0299,0.0,0.0,0.0,0.0,up,0.1,2026-08-24T14:39:33,0.0,0.0850000008940697,229.4873,2026-09-07 20:11:28,2026-09-07 16:15:05
NVDA,NVDA270319P00025000,NVDA,2027-03-19,P,25.0,0.0,0.0,0.14,1.0,1.1625,9.0,0.0,-0.0006,0.0,0.0036,-0.0009,-0.0009,0.0342,0.0,0.0,0.0,0.0,no_change,0.04,2026-08-28T10:28:15,0.0,0.0750000001862645,229.4873,2026-09-07 20:11:28,2026-09-07 16:15:05
NVDA,NVDA270319P00030000,NVDA,2027-03-19,P,30.0,0.0,0.0,0.66,1.0,1.0933,14.0,0.0,-0.0008,0.0,0.0047,-0.0011,-0.0012,0.0438,0.0,0.0,0.0,0.0,down,0.07,2026-08-27T13:06:58,0.0,0.09500000346452,229.4873,2026-09-07 20:11:28,2026-09-07 16:15:05
NVDA,NVDA270319P00035000,NVDA,2027-03-19,P,35.0,0.01,1.0,0.19,55.0,1.0162,20.0,0.0,-0.0011,0.0,0.006,-0.0014,-0.0015,0.0549,0.0,0.0,0.0,0.0,no_change,0.06,2026-09-03T12:03:03,0.0,0.105000001378357,229.4873,2026-09-07 20:11:28,2026-09-07 16:15:05
NVDA,NVDA270319P00040000,NVDA,2027-03-19,P,40.0,0.01,25.0,0.21,51.0,0.9548,5.0,0.0,-0.0014,0.0,0.0076,-0.0017,-0.002,0.0679,0.0,0.0,0.0,0.0,up,0.18,2026-08-28T14:20:30,0.0,0.09500000346452,229.4873,2026-09-07 20:11:28,2026-09-07 16:15:05
NVDA,NVDA270319P00045000,NVDA,2027-03-19,P,45.0,0.01,9.0,0.1,1.0,0.829,88.0,0.0,-0.0017,0.0,0.0094,-0.002,-0.0024,0.0829,0.0,0.0,0.0,0.0,up,0.08,2026-08-28T14:20:33,0.0,0.0550000006332994,229.4873,2026-09-07 20:11:28,2026-09-07 16:15:05
NVDA,NVDA270319P00050000,NVDA,2027-03-19,P,50.0,0.05,2.0,0.15,17.0,0.8268,823.0,0.0,-0.0022,0.0,0.0115,-0.0023,-0.003,0.1002,0.0,0.0,0.0,0.0,down,0.08,2026-09-03T13:54:25,0.0,0.0950000006705522,229.4873,2026-09-07 20:11:28,2026-09-07 16:15:05
NVDA,NVDA270319P00055000,NVDA,2027-03-19,P,55.0,0.01,11.0,0.27,29.0,0.807,238.0,0.0,-0.0026,0.0001,0.014,-0.0027,-0.0037,0.1203,0.0,0.0,0.0,0.0,no_change,0.1,2026-08-27T09:30:02,0.0,0.124999997206032,229.4873,2026-09-07 20:11:28,2026-09-07 16:15:05
NVDA,NVDA270319P00060000,NVDA,2027-03-19,P,60.0,0.1,21.0,0.29,36.0,0.7909,370.0,3.0,-0.0032,0.0001,0.0167,-0.0031,-0.0045,0.1436,-0.035,0.1,0.1,0.1,down,0.1,2026-09-04T09:30:01,-25.9259,0.179999995976686,229.4873,2026-09-07 20:11:28,2026-09-07 16:15:05
NVDA,NVDA270319P00065000,NVDA,2027-03-19,P,65.0,0.1,71.0,0.2,66.0,0.7227,363.0,0.0,-0.0039,0.0001,0.0199,-0.0035,-0.0055,0.1703,0.0,0.0,0.0,0.0,down,0.16,2026-09-02T09:30:00,0.0,0.150000002235174,229.4873,2026-09-07 20:11:28,2026-09-07 16:15:05
NVDA,NVDA270319P00070000,NVDA,2027-03-19,P,70.0,0.08,335.0,0.35,174.0,0.7134,472.0,0.0,-0.0048,0.0001,0.0236,-0.004,-0.0066,0.2012,0.0,0.0,0.0,0.0,up,0.22,2026-09-01T09:47:53,0.0,0.199999995529652,229.4873,2026-09-07 20:11:28,2026-09-07 16:15:05
NVDA,NVDA270319P00075000,NVDA,2027-03-19,P,75.0,0.15,97.0,0.25,1.0,0.6685,3477.0,5.0,-0.0057,0.0001,0.0278,-0.0046,-0.0079,0.2368,0.01,0.2,0.2,0.2,no_change,0.2,2026-09-04T10:20:29,5.26316,0.184999998658896,229.4873,2026-09-07 20:11:28,2026-09-07 16:15:05
NVDA,NVDA270319P00080000,NVDA,2027-03-19,P,80.0,0.2,225.0,0.39,449.0,0.6656,844.0,100.0,-0.0068,0.0002,0.0324,-0.0052,-0.0094,0.2777,0.015,0.27,0.27,0.27,down,0.27,2026-09-04T15:26:29,5.88235,0.290000006556511,229.4873,2026-09-07 20:11:28,2026-09-07 16:15:05
NVDA,NVDA270319P00085000,NVDA,2027-03-19,P,85.0,0.23,104.0,0.48,191.0,0.6468,313.0,0.0,-0.0081,0.0002,0.038,-0.0059,-0.0111,0.3248,0.0,0.0,0.0,0.0,no_change,0.32,2026-09-03T14:45:00,0.0,0.33500000089407,229.4873,2026-09-07 20:11:28,2026-09-07 16:15:05
NVDA,NVDA270319P00090000,NVDA,2027-03-19,P,90.0,0.3,83.0,0.4,1.0,0.6116,3363.0,0.0,-0.0096,0.0002,0.044,-0.0066,-0.0132,0.3791,0.0,0.0,0.0,0.0,no_change,0.4,2026-09-03T14:45:00,0.0,0.359999999403954,229.4873,2026-09-07 20:11:28,2026-09-07 16:15:05
NVDA,NVDA270319P00095000,NVDA,2027-03-19,P,95.0,0.39,97.0,0.47,39.0,0.5971,996.0,0.0,-0.0114,0.0003,0.0507,-0.0074,-0.0154,0.441,0.0,0.0,0.0,0.0,no_change,0.45,2026-09-03T11:14:39,0.0,0.429999992251396,229.4873,2026-09-07 20:11:28,2026-09-07 16:15:05
NVDA,NVDA270319P00100000,NVDA,2027-03-19,P,100.0,0.47,70.0,0.54,64.0,0.58,5335.0,28.0,-0.0134,0.0004,0.0587,-0.0084,-0.0182,0.5129,-0.01,0.51,0.52,0.5,down,0.51,2026-09-04T13:46:38,-1.92308,0.519999995827675,229.4873,2026-09-07 20:11:28,2026-09-07 16:15:05
NVDA,NVDA270319P00105000,NVDA,2027-03-19,P,105.0,0.55,70.0,0.63,64.0,0.5634,799.0,11.0,-0.0158,0.0004,0.0675,-0.0093,-0.0213,0.5964,0.0,0.62,0.62,0.6,down,0.6,2026-09-04T14:07:07,9.93411e-07,0.669999986886978,229.4873,2026-09-07 20:11:28,2026-09-07 16:15:05
NVDA,NVDA270319P00110000,NVDA,2027-03-19,P,110.0,0.62,90.0,0.75,22.0,0.5486,3332.0,4.0,-0.0185,0.0005,0.0772,-0.0104,-0.0249,0.6932,0.05,0.69,0.76,0.69,up,0.76,2026-09-04T15:06:46,7.04225,0.6700000166893,229.4873,2026-09-07 20:11:28,2026-09-07 16:15:05
NVDA,NVDA270319P00115000,NVDA,2027-03-19,P,115.0,0.76,101.0,0.85,89.0,0.5331,5846.0,22.0,-0.0217,0.0006,0.0886,-0.0116,-0.0291,0.8062,-0.005,0.76,0.79,0.76,up,0.79,2026-09-04T11:27:56,-0.628929,0.849999994039536,229.4873,2026-09-07 20:11:28,2026-09-07 16:15:05
NVDA,NVDA270319P00120000,NVDA,2027-03-19,P,120.0,0.87,141.0,0.99,87.0,0.5181,3197.0,154.0,-0.0254,0.0007,0.1012,-0.013,-0.0341,0.9393,-0.005,0.86,0.97,0.86,up,0.97,2026-09-04T15:57:45,-0.51282,0.915000021457672,229.4873,2026-09-07 20:11:28,2026-09-07 16:15:05
NVDA,NVDA270319P00125000,NVDA,2027-03-19,P,125.0,1.04,95.0,1.15,91.0,0.5057,11678.0,39.0,-0.0298,0.0008,0.1153,-0.0144,-0.0398,1.0966,-0.06,1.07,1.07,0.97,no_change,1.05,2026-09-04T10:36:16,-5.40541,1.08999997377396,229.4873,2026-09-07 20:11:28,2026-09-07 16:15:05
NVDA,NVDA270319P00130000,NVDA,2027-03-19,P,130.0,1.27,12.0,1.37,42.0,0.4965,16705.0,20.0,-0.0349,0.0009,0.1317,-0.0161,-0.0466,1.2834,0.025,1.24,1.3,1.2,no_change,1.3,2026-09-04T15:49:22,1.96078,1.30000001192093,229.4873,2026-09-07 20:11:28,2026-09-07 16:15:05
NVDA,NVDA270319P00135000,NVDA,2027-03-19,P,135.0,1.48,23.0,1.75,36.0,0.4837,9856.0,14.0,-0.0409,0.0011,0.1496,-0.018,-0.0544,1.5066,0.01,1.39,1.54,1.39,no_change,1.51,2026-09-04T15:30:45,0.666667,1.52999997138977,229.4873,2026-09-07 20:11:28,2026-09-07 16:15:05
NVDA,NVDA270319P00140000,NVDA,2027-03-19,P,140.0,1.7,170.0,1.84,8.0,0.4718,17953.0,20.0,-0.048,0.0013,0.17,-0.02,-0.0635,1.7725,0.025,1.79,1.83,1.61,up,1.83,2026-09-04T15:56:23,1.38504,1.82499998807907,229.4873,2026-09-07 20:11:28,2026-09-07 16:15:05
NVDA,NVDA270319P00145000,NVDA,2027-03-19,P,145.0,2.03,65.0,2.15,41.0,0.4625,14676.0,10.0,-0.0562,0.0014,0.1927,-0.0223,-0.0743,2.0917,-0.06,1.94,2.06,1.94,down,2.01,2026-09-04T15:59:13,-2.89855,2.09500002861023,229.4873,2026-09-07 20:11:28,2026-09-07 16:15:05
NVDA,NVDA270319P00150000,NVDA,2027-03-19,P,150.0,2.42,73.0,2.53,18.0,0.4548,29280.0,109.0,-0.0657,0.0017,0.2171,-0.0248,-0.0864,2.4692,-0.05,2.32,2.5,2.24,down,2.4,2026-09-04T15:59:13,-2.04082,2.47500002384186,229.4873,2026-09-07 20:11:28,2026-09-07 16:15:05
NVDA,NVDA270319P00155000,NVDA,2027-03-19,P,155.0,2.66,75.0,2.98,40.0,0.4474,8073.0,12.0,-0.0764,0.0019,0.2442,-0.0274,-0.1004,2.9103,-0.15,2.72,2.75,2.65,up,2.75,2026-09-04T11:31:18,-5.17241,2.94500005245209,229.4873,2026-09-07 20:11:28,2026-09-07 16:15:05
NVDA,NVDA270319P00160000,NVDA,2027-03-19,P,160.0,3.3,156.0,3.5,95.0,0.4387,21411.0,1262.0,-0.0889,0.0022,0.2729,-0.0304,-0.1162,3.4364,0.01,3.45,3.46,3.13,up,3.46,2026-09-04T15:35:32,0.289854,3.45000004768372,229.4873,2026-09-07 20:11:28,2026-09-07 16:15:05
NVDA,NVDA270319P00165000,NVDA,2027-03-19,P,165.0,3.9,58.0,4.1,4.0,0.4324,8609.0,184.0,-0.103,0.0025,0.304,-0.0334,-0.1345,4.0539,0.05,3.7,4.1,3.65,down,4.05,2026-09-04T15:31:28,1.25,4.04999995231628,229.4873,2026-09-07 20:11:28,2026-09-07 16:15:05
NVDA,NVDA270319P00170000,NVDA,2027-03-19,P,170.0,4.6,58.0,4.85,43.0,0.4274,16382.0,114.0,-0.1186,0.0028,0.3362,-0.0366,-0.1539,4.763,0.1,4.3,4.85,4.3,up,4.85,2026-09-04T15:11:04,2.10526,4.77499985694885,229.4873,2026-09-07 20:11:28,2026-09-07 16:15:05
NVDA,NVDA270319P00175000,NVDA,2027-03-19,P,175.0,5.45,37.0,5.65,28.0,0.4228,9061.0,40.0,-0.136,0.0031,0.3693,-0.0399,-0.1758,5.5775,-0.075,5.25,5.65,5.05,down,5.5,2026-09-04T14:54:03,-1.34529,5.59999990463257,229.4873,2026-09-07 20:11:28,2026-09-07 16:15:05
NVDA,NVDA270319P00180000,NVDA,2027-03-19,P,180.0,6.3,140.0,6.6,26.0,0.4174,21907.0,130.0,-0.155,0.0034,0.4029,-0.0432,-0.1997,6.5078,0.05,6.1,6.55,5.75,up,6.55,2026-09-04T15:02:38,0.769231,6.52499985694885,229.4873,2026-09-07 20:11:28,2026-09-07 16:15:05
NVDA,NVDA270319P00185000,NVDA,2027-03-19,P,185.0,7.4,10.0,7.8,10.0,0.4139,8131.0,359.0,-0.1758,0.0037,0.4367,-0.0465,-0.2249,7.5612,-0.07,7.5,7.6,6.8,up,7.53,2026-09-04T14:58:41,-0.921054,7.59999990463257,229.4873,2026-09-07 20:11:28,2026-09-07 16:15:05
NVDA,NVDA270319P00190000,NVDA,2027-03-19,P,190.0,8.5,48.0,8.85,51.0,0.4114,12218.0,598.0,-0.1982,0.0041,0.4698,-0.0498,-0.253,8.7472,-0.015,8.35,8.9,7.95,down,8.76,2026-09-04T15:56:51,-0.170936,8.77500009536743,229.4873,2026-09-07 20:11:28,2026-09-07 16:15:05
NVDA,NVDA270319P00195000,NVDA,2027-03-19,P,195.0,9.85,12.0,10.2,30.0,0.4064,8504.0,110.0,-0.2221,0.0044,0.5015,-0.0529,-0.2802,10.0732,0.1,9.7,10.2,9.0,no_change,10.2,2026-09-04T15:02:39,0.9901,10.125,229.4873,2026-09-07 20:11:28,2026-09-07 16:15:05
NVDA,NVDA270319P00200000,NVDA,2027-03-19,P,200.0,11.3,13.0,11.7,6.0,0.403,16275.0,301.0,-0.2478,0.0047,0.5324,-0.0559,-0.312,11.5475,0.0,11.0,11.68,10.48,no_change,11.6,2026-09-04T15:43:58,8.22133e-07,11.5999999046326,229.4873,2026-09-07 20:11:28,2026-09-07 16:15:05
NVDA,NVDA270319P00205000,NVDA,2027-03-19,P,205.0,12.95,28.0,13.3,5.0,0.4005,11412.0,372.0,-0.2743,0.005,0.5604,-0.0587,-0.3404,13.1716,0.0,12.1,13.3,12.1,up,13.3,2026-09-04T14:35:53,2.15115e-06,13.2000002861023,229.4873,2026-09-07 20:11:28,2026-09-07 16:15:05
NVDA,NVDA270319P00210000,NVDA,2027-03-19,P,210.0,14.75,10.0,15.1,16.0,0.398,10892.0,227.0,-0.3024,0.0053,0.586,-0.0613,-0.374,14.9472,-0.055,14.2,15.2,13.73,no_change,15.02,2026-09-04T15:48:29,-0.364841,15.0499997138977,229.4873,2026-09-07 20:11:28,2026-09-07 16:15:05
NVDA,NVDA270319P00215000,NVDA,2027-03-19,P,215.0,16.65,46.0,17.05,40.0,0.3954,3683.0,270.0,-0.3314,0.0056,0.6088,-0.0636,-0.4042,16.8946,0.15,16.0,17.15,15.42,up,17.15,2026-09-04T15:30:15,0.882353,16.9750003814697,229.4873,2026-09-07 20:11:28,2026-09-07 16:15:05
NVDA,NVDA270319P00220000,NVDA,2027-03-19,P,220.0,18.75,26.0,19.35,10.0,0.3931,6414.0,192.0,-0.3612,0.0058,0.628,-0.0656,-0.4359,19.006,-0.25,18.38,19.2,17.36,down,18.9,2026-09-04T15:51:24,-1.30548,19.0749998092651,229.4873,2026-09-07 20:11:28,2026-09-07 16:15:05
NVDA,NVDA270319P00225000,NVDA,2027-03-19,P,225.0,21.0,10.0,21.65,32.0,0.3908,2664.0,110.0,-0.3916,0.006,0.6434,-0.0673,-0.4648,21.2845,-0.35,19.85,21.34,19.6,down,21.15,2026-09-04T15:51:23,-1.62791,21.3250007629395,229.4873,2026-09-07 20:11:28,2026-09-07 16:15:05
NVDA,NVDA270319P00230000,NVDA,2027-03-19,P,230.0,23.35,94.0,23.85,121.0,0.3888,10825.0,463.0,-0.4222,0.0062,0.6551,-0.0686,-0.4964,23.7118,-0.12,23.23,23.95,21.83,up,23.83,2026-09-04T15:59:28,-0.501043,23.8000001907349,229.4873,2026-09-07 20:11:28,2026-09-07 16:15:05
NVDA,NVDA270319P00235000,NVDA,2027-03-19,P,235.0,26.0,56.0,26.45,32.0,0.3873,1458.0,62.0,-0.4536,0.0063,0.6623,-0.0697,-0.5238,26.3409,-0.375,24.33,26.4,24.3,down,26.25,2026-09-04T14:48:44,-1.40845,26.4000005722046,229.4873,2026-09-07 20:11:28,2026-09-07 16:15:05
NVDA,NVDA270319P00240000,NVDA,2027-03-19,P,240.0,28.7,91.0,29.2,58.0,0.3853,6977.0,105.0,-0.4847,0.0064,0.6655,-0.0704,-0.5495,29.1199,-0.45,27.8,29.3,27.1,up,28.9,2026-09-04T15:51:04,-1.53322,29.1749992370606,229.4873,2026-09-07 20:11:28,2026-09-07 16:15:05
NVDA,NVDA270319P00245000,NVDA,2027-03-19,P,245.0,31.65,16.0,32.1,27.0,0.3842,492.0,5.0,-0.5157,0.0065,0.6655,-0.0708,-0.5779,32.0545,-1.32,30.5,30.78,30.5,up,30.78,2026-09-04T11:25:05,-4.11215,32.0749998092651,229.4873,2026-09-07 20:11:28,2026-09-07 16:15:05
NVDA,NVDA270319P00250000,NVDA,2027-03-19,P,250.0,34.8,33.0,35.2,32.0,0.3838,652.0,6.0,-0.5462,0.0066,0.6592,-0.0709,-0.5929,35.1444,-0.33,33.45,35.17,32.95,up,35.17,2026-09-04T15:15:28,-0.929577,35.1749992370606,229.4873,2026-09-07 20:11:28,2026-09-07 16:15:05
NVDA,NVDA270319P00255000,NVDA,2027-03-19,P,255.0,38.0,35.0,38.45,35.0,0.3828,681.0,11.0,-0.5764,0.0066,0.6517,-0.0707,-0.6159,38.3891,-1.75,37.25,37.25,37.25,down,37.25,2026-09-04T09:32:04,-4.48718,38.3999996185303,229.4873,2026-09-07 20:11:28,2026-09-07 16:15:05
NVDA,NVDA270319P00260000,NVDA,2027-03-19,P,260.0,41.3,15.0,41.8,15.0,0.3813,988.0,79.0,-0.6058,0.0065,0.6386,-0.0703,-0.6255,41.7761,-0.64,39.3,41.66,39.3,no_change,41.66,2026-09-04T14:52:54,-1.51301,41.8000011444092,229.4873,2026-09-07 20:11:28,2026-09-07 16:15:05
NVDA,NVDA270319P00265000,NVDA,2027-03-19,P,265.0,44.3,90.0,45.35,31.0,0.3764,861.0,14.0,-0.6348,0.0065,0.6227,-0.0696,-0.6363,45.327,-3.325,43.0,43.0,42.7,down,42.7,2026-09-04T10:31:08,-7.22433,45.2250003814697,229.4873,2026-09-07 20:11:28,2026-09-07 16:15:05
NVDA,NVDA270319P00270000,NVDA,2027-03-19,P,270.0,47.85,50.0,49.25,32.0,0.3774,417.0,125.0,-0.6625,0.0064,0.6057,-0.0688,-0.6493,48.9661,-2.12,46.1,47.9,46.1,down,47.58,2026-09-04T12:51:02,-4.26559,49.125,229.4873,2026-09-07 20:11:28,2026-09-07 16:15:05
NVDA,NVDA270319P00275000,NVDA,2027-03-19,P,275.0,51.95,16.0,53.65,15.0,0.3851,341.0,0.0,-0.6894,0.0063,0.5817,-0.0678,-0.6377,52.7527,0.0,0.0,0.0,0.0,no_change,52.45,2026-09-03T14:12:58,0.0,52.8999996185303,229.4873,2026-09-07 20:11:28,2026-09-07 16:15:05
NVDA,NVDA270319P00280000,NVDA,2027-03-19,P,280.0,55.5,73.0,56.7,35.0,0.3741,2253.0,13.0,-0.7154,0.0062,0.5591,-0.0666,-0.638,56.6602,0.125,53.4,56.9,53.4,up,56.9,2026-09-04T15:16:41,0.220168,56.8500003814697,229.4873,2026-09-07 20:11:28,2026-09-07 16:15:05
NVDA,NVDA270319P00285000,NVDA,2027-03-19,P,285.0,59.25,172.0,61.1,156.0,0.3749,313.0,0.0,-0.7405,0.0061,0.5343,-0.0654,-0.6378,60.6732,0.0,0.0,0.0,0.0,no_change,61.24,2026-09-03T15:57:56,0.0,60.5249996185303,229.4873,2026-09-07 20:11:28,2026-09-07 16:15:05
NVDA,NVDA270319P00290000,NVDA,2027-03-19,P,290.0,60.8,2.0,66.05,5.0,0.3746,360.0,20.0,-0.7644,0.006,0.5015,-0.0641,-0.617,64.7956,-1.4,63.8,63.8,63.8,no_change,63.8,2026-09-04T11:56:30,-2.14724,64.8499984741211,229.4873,2026-09-07 20:11:28,2026-09-07 16:15:05
NVDA,NVDA270319P00295000,NVDA,2027-03-19,P,295.0,67.45,13.0,70.4,2.0,0.3699,357.0,25.0,-0.7873,0.0058,0.4743,-0.0626,-0.5981,69.0139,-1.86,67.89,67.89,67.89,down,67.89,2026-09-04T12:13:24,-2.66667,68.8249969482422,229.4873,2026-09-07 20:11:28,2026-09-07 16:15:05
NVDA,NVDA270319P00300000,NVDA,2027-03-19,P,300.0,71.75,157.0,73.6,45.0,0.3702,632.0,186.0,-0.8093,0.0057,0.444,-0.0612,-0.5826,73.3192,-1.925,72.15,72.15,72.15,no_change,72.15,2026-09-04T12:16:29,-2.59872,73.1000022888184,229.4873,2026-09-07 20:11:28,2026-09-07 16:15:05
NVDA,NVDA270319P00305000,NVDA,2027-03-19,P,305.0,72.35,1.0,81.4,1.0,0.3659,439.0,0.0,-0.8301,0.0056,0.4068,-0.0597,-0.5494,77.7131,0.0,0.0,0.0,0.0,no_change,78.25,2026-09-03T15:47:35,0.0,77.6750030517578,229.4873,2026-09-07 20:11:28,2026-09-07 16:15:05
NVDA,NVDA270319P00310000,NVDA,2027-03-19,P,310.0,78.05,1.0,85.9,1.0,0.3735,342.0,0.0,-0.8498,0.0054,0.3761,-0.0581,-0.522,82.1836,0.0,0.0,0.0,0.0,no_change,82.05,2026-09-03T14:34:24,0.0,82.125,229.4873,2026-09-07 20:11:28,2026-09-07 16:15:05
NVDA,NVDA270319P00315000,NVDA,2027-03-19,P,315.0,85.05,8.0,86.95,5.0,0.3628,359.0,246.0,-0.8687,0.0052,0.3399,-0.057,-0.4837,86.7264,-0.66,84.4,86.65,84.39,no_change,86.64,2026-09-04T14:43:42,-0.756017,86.3250007629394,229.4873,2026-09-07 20:11:28,2026-09-07 16:15:05
NVDA,NVDA270319P00320000,NVDA,2027-03-19,P,320.0,89.7,32.0,91.65,16.0,0.3624,61.0,10.0,-0.8866,0.005,0.3032,-0.056,-0.4384,91.337,-1.775,90.35,90.35,90.35,down,90.35,2026-09-04T13:01:39,-1.92673,91.5,229.4873,2026-09-07 20:11:28,2026-09-07 16:15:05
NVDA,NVDA270319P00325000,NVDA,2027-03-19,P,325.0,91.0,51.0,99.8,51.0,0.3782,0.0,0.0,-0.9028,0.0048,0.2687,-0.054,-0.412,96.0096,0.0,0.0,0.0,0.0,up,115.2,2026-05-26T12:17:44,0.0,96.0,229.4873,2026-09-07 20:11:28,2026-09-07 16:15:05
NVDA,NVDA270319P00330000,NVDA,2027-03-19,P,330.0,95.5,1.0,104.5,1.0,0.3675,14.0,0.0,-0.9177,0.0045,0.2379,-0.0514,-0.326,100.7311,0.0,0.0,0.0,0.0,no_change,110.44,2026-08-10T10:53:44,0.0,100.799999237061,229.4873,2026-09-07 20:11:28,2026-09-07 16:15:05
NVDA,NVDA270319P00335000,NVDA,2027-03-19,P,335.0,100.3,1.0,109.3,1.0,0.3646,0.0,0.0,-0.932,0.0041,0.1928,-0.048,-0.295,105.517,0.0,0.0,0.0,0.0,up,125.22,2026-07-15T11:02:11,0.0,105.450000762939,229.4873,2026-09-07 20:11:28,2026-09-07 16:15:05
NVDA,NVDA270319P00340000,NVDA,2027-03-19,P,340.0,107.95,2.0,112.2,2.0,0.3526,0.0,0.0,-0.9444,0.0037,0.1666,-0.044,-0.2589,110.3404,0.0,0.0,0.0,0.0,up,139.89,2026-06-09T12:21:50,0.0,110.25,229.4873,2026-09-07 20:11:28,2026-09-07 16:15:05
NVDA,NVDA270319P00345000,NVDA,2027-03-19,P,345.0,110.0,2.0,116.9,1.0,0.3748,0.0,0.0,-0.9552,0.0034,0.1427,-0.0396,-0.2434,115.1951,0.0,0.0,0.0,0.0,no_change,126.7,2026-05-21T13:04:08,0.0,115.199996948242,229.4873,2026-09-07 20:11:28,2026-09-07 16:15:05
NVDA,NVDA270319P00350000,NVDA,2027-03-19,P,350.0,115.0,2.0,123.9,1.0,0.0,0.0,0.0,-0.9646,0.0029,0.1114,-0.034,-0.1492,120.0864,0.0,0.0,0.0,0.0,up,130.73,2026-08-06T15:57:41,0.0,120.224998474121,229.4873,2026-09-07 20:11:28,2026-09-07 16:15:05
NVDA,NVDA270319P00355000,NVDA,2027-03-19,P,355.0,120.0,2.0,128.85,1.0,0.0,0.0,0.0,-0.9725,0.0024,0.0755,-0.0269,-0.1331,125.0158,0.0,0.0,0.0,0.0,no_change,0.0,,0.0,125.150001525879,229.4873,2026-09-07 20:11:28,2026-09-07 16:15:05
NVDA,NVDA270319P00360000,NVDA,2027-03-19,P,360.0,125.0,2.0,133.8,51.0,0.0,0.0,0.0,-0.9792,0.002,0.0639,-0.0208,-0.1149,129.9583,0.0,0.0,0.0,0.0,down,191.93,2026-03-27T13:35:53,0.0,130.200004577637,229.4873,2026-09-07 20:11:28,2026-09-07 16:15:05
NVDA,NVDA270319P00365000,NVDA,2027-03-19,P,365.0,130.95,5.0,138.45,5.0,0.0,0.0,0.0,-0.9847,0.0016,0.0531,-0.0156,-0.112,134.9124,0.0,0.0,0.0,0.0,no_change,0.0,,0.0,135.175003051758,229.4873,2026-09-07 20:11:28,2026-09-07 16:15:05
NVDA,NVDA270319P00370000,NVDA,2027-03-19,P,370.0,135.0,51.0,143.8,51.0,0.0,5.0,0.0,-0.9891,0.0013,0.0404,-0.0112,-0.0529,139.8791,0.0,0.0,0.0,0.0,down,137.85,2026-05-14T10:39:03,0.0,140.175003051758,229.4873,2026-09-07 20:11:28,2026-09-07 16:15:05
NVDA,NVDA270319P00375000,NVDA,2027-03-19,P,375.0,140.0,51.0,148.9,1.0,0.0,0.0,0.0,-0.992,0.001,0.017,-0.0076,-0.0501,144.866,0.0,0.0,0.0,0.0,no_change,0.0,,0.0,145.175003051758,229.4873,2026-09-07 20:11:28,2026-09-07 16:15:05
NVDA,NVDA270319P00380000,NVDA,2027-03-19,P,380.0,147.2,1.0,151.8,1.0,0.3947,0.0,0.0,-0.9943,0.0007,0.0125,-0.0047,-0.0485,149.8552,0.0,0.0,0.0,0.0,no_change,0.0,,0.0,150.175003051758,229.4873,2026-09-07 20:11:28,2026-09-07 16:15:05
NVDA,NVDA270319P00385000,NVDA,2027-03-19,P,385.0,150.9,5.0,158.8,5.0,0.405,0.0,0.0,-0.9962,0.0005,0.0103,-0.0025,-0.0465,154.8463,0.0,0.0,0.0,0.0,no_change,0.0,,0.0,155.175003051758,229.4873,2026-09-07 20:11:28,2026-09-07 16:15:05
NVDA,NVDA270319P00390000,NVDA,2027-03-19,P,390.0,155.0,51.0,164.15,1.0,0.0,0.0,0.0,-0.9978,0.0003,0.0085,-0.0006,-0.0425,159.8388,0.0,0.0,0.0,0.0,no_change,0.0,,0.0,160.150001525879,229.4873,2026-09-07 20:11:28,2026-09-07 16:15:05
NVDA,NVDA270319P00395000,NVDA,2027-03-19,P,395.0,160.0,2.0,168.75,1.0,0.0,0.0,0.0,-0.9987,0.0002,0.0044,0.0,-0.0325,164.835,0.0,0.0,0.0,0.0,no_change,0.0,,0.0,164.824996948242,229.4873,2026-09-07 20:11:28,2026-09-07 16:15:05
NVDA,NVDA270319P00400000,NVDA,2027-03-19,P,400.0,165.0,51.0,173.7,1.0,0.0,0.0,0.0,-0.9991,0.0001,0.0,0.0,-0.0329,169.8332,0.0,0.0,0.0,0.0,up,190.0,2026-05-27T11:43:23,0.0,169.824996948242,229.4873,2026-09-07 20:11:28,2026-09-07 16:15:05
NVDA,NVDA270319P00405000,NVDA,2027-03-19,P,405.0,170.0,55.0,178.75,51.0,0.0,0.0,0.0,-0.9994,0.0001,0.0,0.0,-0.0333,174.8314,0.0,0.0,0.0,0.0,no_change,0.0,,0.0,174.849998474121,229.4873,2026-09-07 20:11:28,2026-09-07 16:15:05
NVDA,NVDA270319P00410000,NVDA,2027-03-19,P,410.0,175.0,5.0,183.7,1.0,0.0,0.0,0.0,-0.9997,0.0,0.0,0.0,-0.0337,179.8296,0.0,0.0,0.0,0.0,no_change,0.0,,0.0,179.775001525879,229.4873,2026-09-07 20:11:28,2026-09-07 16:15:05
NVDA,NVDA270319P00415000,NVDA,2027-03-19,P,415.0,180.0,2.0,188.75,1.0,0.0,0.0,0.0,-0.9999,0.0,0.0,0.0,-0.0341,184.8278,0.0,0.0,0.0,0.0,no_change,0.0,,0.0,184.875,229.4873,2026-09-07 20:11:28,2026-09-07 16:15:05
NVDA,NVDA270319P00420000,NVDA,2027-03-19,P,420.0,185.0,51.0,194.15,52.0,0.4978,0.0,0.0,-1.0,0.0,0.0,0.0,-0.0345,189.826,0.0,0.0,0.0,0.0,no_change,0.0,,0.0,190.049995422363,229.4873,2026-09-07 20:11:28,2026-09-07 16:15:05
NVDA,NVDA270319P00430000,NVDA,2027-03-19,P,430.0,195.0,51.0,203.8,1.0,0.0,0.0,0.0,-1.0,0.0,0.0,0.0,-0.0353,199.8224,0.0,0.0,0.0,0.0,no_change,0.0,,0.0,199.875,229.4873,2026-09-07 20:11:28,2026-09-07 16:15:05
NVDA,NVDA270319P00440000,NVDA,2027-03-19,P,440.0,205.0,5.0,213.8,1.0,0.0,0.0,0.0,-1.0,0.0,0.0,0.0,-0.0362,209.8188,0.0,0.0,0.0,0.0,no_change,0.0,,0.0,209.875,229.4873,2026-09-07 20:11:28,2026-09-07 16:15:05
NVDA,NVDA270319P00450000,NVDA,2027-03-19,P,450.0,215.0,51.0,223.75,51.0,0.0,0.0,0.0,-1.0,0.0,0.0,0.0,-0.037,219.8153,0.0,0.0,0.0,0.0,no_change,0.0,,0.0,219.849998474121,229.4873,2026-09-07 20:11:28,2026-09-07 16:15:05
NVDA,NVDA270319P00455000,NVDA,2027-03-19,P,455.0,220.0,2.0,228.9,1.0,0.0,0.0,0.0,-1.0,0.0,0.0,0.0,-0.0374,224.8135,0.0,0.0,0.0,0.0,no_change,0.0,,0.0,224.924995422363,229.4873,2026-09-07 20:11:28,2026-09-07 16:15:05
NVDA,NVDA270319P00460000,NVDA,2027-03-19,P,460.0,225.0,2.0,233.8,1.0,0.0,0.0,0.0,-1.0,0.0,0.0,0.0,-0.0378,229.8117,0.0,0.0,0.0,0.0,down,240.53,2026-08-06T15:57:41,0.0,229.875,229.4873,2026-09-07 20:11:28,2026-09-07 16:15:05
NVDA,NVDA270617C00005000,NVDA,2027-06-17,C,5.0,221.4,2.0,230.0,2.0,0.0,2287.0,4.0,1.0,0.0,0.0007,0.0,0.0219,225.4108,2.875,225.3,225.3,225.3,up,225.3,2026-09-04T15:49:26,1.29257,223.774993896484,229.4873,2026-09-07 20:11:28,2026-09-07 16:15:05
NVDA,NVDA270617C00010000,NVDA,2027-06-17,C,10.0,216.4,51.0,225.0,2.0,0.0,247.0,0.0,1.0,0.0,0.0018,0.0,0.0558,220.506,0.0,0.0,0.0,0.0,up,210.3,2026-08-31T15:59:40,0.0,220.25,229.4873,2026-09-07 20:11:28,2026-09-07 16:15:05
NVDA,NVDA270617C00015000,NVDA,2027-06-17,C,15.0,211.4,2.0,220.0,2.0,0.0,358.0,0.0,1.0,0.0,0.0031,0.0,0.091,215.6429,0.0,0.0,0.0,0.0,down,196.43,2026-08-26T10:22:43,0.0,215.199996948242,229.4873,2026-09-07 20:11:28,2026-09-07 16:15:05
NVDA,NVDA270617C00020000,NVDA,2027-06-17,C,20.0,206.8,51.0,215.8,2.0,0.9372,1125.0,106.0,1.0,0.0,0.0049,0.0,0.1419,210.8065,3.24,211.0,212.64,211.0,up,212.64,2026-09-04T15:56:30,1.54728,210.474998474121,229.4873,2026-09-07 20:11:28,2026-09-07 16:15:05
NVDA,NVDA270617C00025000,NVDA,2027-06-17,C,25.0,201.95,1.0,210.95,2.0,0.759,395.0,10.0,1.0,0.0,0.0065,0.0,0.1768,205.9845,2.015,205.84,207.1,205.84,down,206.59,2026-09-04T15:55:31,0.984967,205.799995422363,229.4873,2026-09-07 20:11:28,2026-09-07 16:15:05
NVDA,NVDA270617C00030000,NVDA,2027-06-17,C,30.0,197.15,2.0,206.0,2.0,0.8441,293.0,0.0,1.0,0.0,0.0089,0.0,0.2114,201.1653,0.0,0.0,0.0,0.0,up,200.15,2026-09-03T14:54:04,0.0,201.0,229.4873,2026-09-07 20:11:28,2026-09-07 16:15:05
NVDA,NVDA270617C00035000,NVDA,2027-06-17,C,35.0,192.4,51.0,200.3,50.0,0.8568,828.0,6.0,1.0,0.0,0.011,0.0,0.246,196.3486,3.335,198.31,198.31,198.31,up,198.31,2026-09-04T15:55:45,1.71048,196.224998474121,229.4873,2026-09-07 20:11:28,2026-09-07 16:15:05
NVDA,NVDA270617C00040000,NVDA,2027-06-17,C,40.0,187.4,1.0,196.0,2.0,0.7849,304.0,0.0,1.0,0.0,0.0144,0.0,0.2805,191.5344,0.0,0.0,0.0,0.0,down,186.54,2026-09-03T09:35:15,0.0,191.324996948242,229.4873,2026-09-07 20:11:28,2026-09-07 16:15:05
NVDA,NVDA270617C00045000,NVDA,2027-06-17,C,45.0,182.8,51.0,191.75,55.0,0.7915,221.0,0.0,0.9998,0.0,0.0173,0.0,0.3148,186.7245,0.0,0.0,0.0,0.0,down,181.66,2026-09-03T09:35:15,0.0,186.450004577637,229.4873,2026-09-07 20:11:28,2026-09-07 16:15:05
NVDA,NVDA270617C00050000,NVDA,2027-06-17,C,50.0,178.0,1.0,186.95,55.0,0.7594,486.0,0.0,0.9992,0.0001,0.0205,0.0,0.349,181.9177,0.0,0.0,0.0,0.0,down,180.3,2026-09-03T15:53:21,0.0,180.150001525879,229.4873,2026-09-07 20:11:28,2026-09-07 16:15:05
NVDA,NVDA270617C00055000,NVDA,2027-06-17,C,55.0,173.2,51.0,182.0,55.0,0.7281,736.0,0.0,0.9984,0.0001,0.0255,0.0,0.383,177.1155,0.0,0.0,0.0,0.0,up,165.68,2026-08-06T13:23:44,0.0,175.625,229.4873,2026-09-07 20:11:28,2026-09-07 16:15:05
NVDA,NVDA270617C00060000,NVDA,2027-06-17,C,60.0,168.4,1.0,176.3,50.0,0.6983,314.0,0.0,0.9975,0.0001,0.0298,0.0,0.4167,172.3188,0.0,0.0,0.0,0.0,up,171.1,2026-08-27T13:30:27,0.0,172.049995422363,229.4873,2026-09-07 20:11:28,2026-09-07 16:15:05
NVDA,NVDA270617C00065000,NVDA,2027-06-17,C,65.0,163.6,3.0,172.0,51.0,0.6699,843.0,1.0,0.9965,0.0001,0.035,0.0,0.4502,167.5268,1.55,167.75,167.75,167.75,up,167.75,2026-09-04T15:03:00,0.932613,165.950004577637,229.4873,2026-09-07 20:11:28,2026-09-07 16:15:05
NVDA,NVDA270617C00070000,NVDA,2027-06-17,C,70.0,158.65,1.0,167.8,2.0,0.6424,379.0,2.0,0.9953,0.0001,0.0416,0.0,0.4836,162.7419,0.5,163.21,163.21,162.65,down,162.65,2026-09-04T15:05:54,0.30836,161.375,229.4873,2026-09-07 20:11:28,2026-09-07 16:15:05
NVDA,NVDA270617C00075000,NVDA,2027-06-17,C,75.0,154.05,1.0,163.0,5.0,0.6267,480.0,0.0,0.994,0.0002,0.0479,0.0,0.5163,157.9645,0.0,0.0,0.0,0.0,up,138.93,2026-08-04T12:23:49,0.0,157.724998474121,229.4873,2026-09-07 20:11:28,2026-09-07 16:15:05
NVDA,NVDA270617C00080000,NVDA,2027-06-17,C,80.0,149.05,57.0,158.0,55.0,0.6298,856.0,2.0,0.9924,0.0002,0.0557,0.0,0.5488,153.1947,3.3,155.6,155.6,155.6,up,155.6,2026-09-04T11:06:56,2.16677,151.800003051758,229.4873,2026-09-07 20:11:28,2026-09-07 16:15:05
NVDA,NVDA270617C00085000,NVDA,2027-06-17,C,85.0,145.25,282.0,152.45,72.0,0.6371,616.0,0.0,0.9906,0.0003,0.0644,0.0,0.5812,148.4354,0.0,0.0,0.0,0.0,down,144.0,2026-08-28T10:44:19,0.0,147.5,229.4873,2026-09-07 20:11:28,2026-09-07 16:15:05
NVDA,NVDA270617C00090000,NVDA,2027-06-17,C,90.0,139.8,58.0,147.75,51.0,0.5693,727.0,0.0,0.9885,0.0003,0.0735,0.0,0.6125,143.6876,0.0,0.0,0.0,0.0,up,131.0,2026-08-31T09:41:17,0.0,144.199996948242,229.4873,2026-09-07 20:11:28,2026-09-07 16:15:05
NVDA,NVDA270617C00095000,NVDA,2027-06-17,C,95.0,135.6,60.0,142.5,51.0,0.5596,518.0,5.0,0.9861,0.0004,0.0848,-0.0005,0.6444,138.9527,2.69,140.09,140.09,140.09,up,140.09,2026-09-04T11:41:24,1.95779,139.050003051758,229.4873,2026-09-07 20:11:28,2026-09-07 16:15:05
NVDA,NVDA270617C00100000,NVDA,2027-06-17,C,100.0,132.65,67.0,137.7,65.0,0.6136,5480.0,23.0,0.9833,0.0004,0.0965,-0.0017,0.6743,134.2357,1.655,138.1,138.1,134.48,no_change,134.48,2026-09-04T15:57:25,1.246,134.525001525879,229.4873,2026-09-07 20:11:28,2026-09-07 16:15:05
NVDA,NVDA270617C00105000,NVDA,2027-06-17,C,105.0,126.2,159.0,132.5,91.0,0.501,20181.0,2.0,0.9801,0.0005,0.1096,-0.0029,0.7034,129.538,4.38,132.0,132.63,132.0,up,132.63,2026-09-04T10:29:53,3.4152,129.400001525879,229.4873,2026-09-07 20:11:28,2026-09-07 16:15:05
NVDA,NVDA270617C00110000,NVDA,2027-06-17,C,110.0,121.5,140.0,125.8,28.0,0.0,7600.0,0.0,0.9764,0.0006,0.1253,-0.0042,0.7334,124.865,0.0,0.0,0.0,0.0,up,124.21,2026-09-03T15:05:28,0.0,124.650001525879,229.4873,2026-09-07 20:11:28,2026-09-07 16:15:05
NVDA,NVDA270617C00115000,NVDA,2027-06-17,C,115.0,116.85,184.0,124.2,125.0,0.5163,1076.0,0.0,0.972,0.0007,0.1418,-0.0057,0.7614,120.2213,0.0,0.0,0.0,0.0,up,117.6,2026-09-03T11:41:58,0.0,121.125,229.4873,2026-09-07 20:11:28,2026-09-07 16:15:05
NVDA,NVDA270617C00120000,NVDA,2027-06-17,C,120.0,112.25,467.0,116.85,58.0,0.3967,3297.0,8.0,0.967,0.0008,0.1613,-0.0072,0.7946,115.6127,1.805,115.6,118.9,115.6,up,115.98,2026-09-04T15:55:03,1.58091,115.549999237061,229.4873,2026-09-07 20:11:28,2026-09-07 16:15:05
NVDA,NVDA270617C00125000,NVDA,2027-06-17,C,125.0,109.5,181.0,112.75,113.0,0.4798,1560.0,1.0,0.9613,0.0009,0.182,-0.0089,0.841,111.0469,1.555,111.83,111.83,111.83,up,111.83,2026-09-04T09:32:42,1.41011,111.325000762939,229.4873,2026-09-07 20:11:28,2026-09-07 16:15:05
NVDA,NVDA270617C00130000,NVDA,2027-06-17,C,130.0,104.5,470.0,109.65,358.0,0.4924,2162.0,33.0,0.9547,0.001,0.2052,-0.0108,0.8839,106.5329,3.08,107.35,107.88,107.35,up,107.88,2026-09-04T12:47:15,2.93893,106.375,229.4873,2026-09-07 20:11:28,2026-09-07 16:15:05
NVDA,NVDA270617C00135000,NVDA,2027-06-17,C,135.0,101.5,56.0,103.4,339.0,0.4752,8711.0,56.0,0.9471,0.0012,0.2306,-0.0127,0.9051,102.0746,1.0,104.9,104.95,101.8,down,101.8,2026-09-04T15:25:14,0.992064,101.650001525879,229.4873,2026-09-07 20:11:28,2026-09-07 16:15:05
NVDA,NVDA270617C00140000,NVDA,2027-06-17,C,140.0,97.1,47.0,99.0,409.0,0.4666,3921.0,3.0,0.9385,0.0014,0.2575,-0.0149,0.9244,97.6764,1.875,101.5,101.65,98.3,down,98.3,2026-09-04T15:54:22,1.94452,97.5,229.4873,2026-09-07 20:11:28,2026-09-07 16:15:05
NVDA,NVDA270617C00145000,NVDA,2027-06-17,C,145.0,92.75,15.0,94.65,84.0,0.4582,985.0,3.0,0.9289,0.0015,0.2869,-0.0171,0.9409,93.3449,2.595,94.67,94.67,94.67,up,94.67,2026-09-04T12:47:15,2.81835,93.375,229.4873,2026-09-07 20:11:28,2026-09-07 16:15:05
NVDA,NVDA270617C00150000,NVDA,2027-06-17,C,150.0,88.25,233.0,89.8,44.0,0.4382,9933.0,20.0,0.9181,0.0017,0.3177,-0.0194,0.9548,89.0876,1.475,92.5,92.8,89.0,down,89.0,2026-09-04T15:49:45,1.68523,88.7750015258789,229.4873,2026-09-07 20:11:28,2026-09-07 16:15:05
NVDA,NVDA270617C00155000,NVDA,2027-06-17,C,155.0,84.05,163.0,85.4,32.0,0.4296,3522.0,3.0,0.9062,0.0019,0.35,-0.0218,0.9663,84.9103,2.675,88.0,88.0,86.35,down,86.35,2026-09-04T13:03:11,3.19689,84.75,229.4873,2026-09-07 20:11:28,2026-09-07 16:15:05
NVDA,NVDA270617C00160000,NVDA,2027-06-17,C,160.0,80.0,164.0,81.3,32.0,0.4258,7223.0,8.0,0.8931,0.0021,0.3839,-0.0243,0.9746,80.8203,1.0,84.01,84.01,80.4,down,80.4,2026-09-04T14:37:29,1.25944,80.75,229.4873,2026-09-07 20:11:28,2026-09-07 16:15:05
NVDA,NVDA270617C00165000,NVDA,2027-06-17,C,165.0,76.65,9.0,77.3,14.0,0.4297,2764.0,0.0,0.8789,0.0024,0.418,-0.0268,0.9804,76.8239,0.0,0.0,0.0,0.0,down,75.92,2026-09-03T15:32:27,0.0,76.8250007629394,229.4873,2026-09-07 20:11:28,2026-09-07 16:15:05
NVDA,NVDA270617C00170000,NVDA,2027-06-17,C,170.0,72.75,14.0,74.15,226.0,0.4337,7398.0,12.0,0.8635,0.0026,0.4532,-0.0294,0.9831,72.9265,0.85,74.25,76.55,72.1,down,72.1,2026-09-04T15:47:04,1.19298,72.9500007629394,229.4873,2026-09-07 20:11:28,2026-09-07 16:15:05
NVDA,NVDA270617C00175000,NVDA,2027-06-17,C,175.0,68.35,109.0,69.75,63.0,0.4169,7016.0,207.0,0.8469,0.0028,0.4882,-0.0319,0.9828,69.1351,0.575,70.0,72.5,68.4,down,68.4,2026-09-04T15:35:10,0.847769,68.9249992370606,229.4873,2026-09-07 20:11:28,2026-09-07 16:15:05
NVDA,NVDA270617C00180000,NVDA,2027-06-17,C,180.0,64.85,43.0,66.3,48.0,0.4177,12029.0,75.0,0.8293,0.003,0.5229,-0.0344,0.9802,65.4536,1.295,66.0,68.9,65.0,up,65.27,2026-09-04T15:43:41,2.02422,65.4499969482422,229.4873,2026-09-07 20:11:28,2026-09-07 16:15:05
NVDA,NVDA270617C00185000,NVDA,2027-06-17,C,185.0,61.2,87.0,62.35,36.0,0.4104,5017.0,23.0,0.8106,0.0033,0.5574,-0.0368,0.974,61.8876,1.27,63.35,65.4,61.92,down,61.92,2026-09-04T13:49:55,2.09398,61.8499984741211,229.4873,2026-09-07 20:11:28,2026-09-07 16:15:05
NVDA,NVDA270617C00190000,NVDA,2027-06-17,C,190.0,58.05,67.0,59.3,153.0,0.4137,10877.0,61.0,0.791,0.0035,0.5903,-0.0391,0.9658,58.4418,1.75,59.0,62.0,58.0,up,59.0,2026-09-04T15:52:48,3.05677,58.1749992370606,229.4873,2026-09-07 20:11:28,2026-09-07 16:15:05
NVDA,NVDA270617C00195000,NVDA,2027-06-17,C,195.0,54.5,113.0,55.55,38.0,0.4058,6326.0,90.0,0.7704,0.0037,0.622,-0.0414,0.9548,55.1181,1.74,57.3,58.55,54.75,up,55.69,2026-09-04T15:52:48,3.22521,55.0750007629394,229.4873,2026-09-07 20:11:28,2026-09-07 16:15:05
NVDA,NVDA270617C00200000,NVDA,2027-06-17,C,200.0,51.65,66.0,52.3,32.0,0.4058,21835.0,265.0,0.7491,0.0039,0.6522,-0.0435,0.9409,51.9214,1.555,51.55,55.26,51.0,down,52.33,2026-09-04T15:55:37,3.06253,51.7250003814697,229.4873,2026-09-07 20:11:28,2026-09-07 16:15:05
NVDA,NVDA270617C00205000,NVDA,2027-06-17,C,205.0,48.45,47.0,49.4,43.0,0.404,21954.0,31.0,0.7271,0.0041,0.68,-0.0454,0.9256,48.8525,1.66,48.79,52.0,48.79,up,49.21,2026-09-04T15:51:52,3.49106,48.75,229.4873,2026-09-07 20:11:28,2026-09-07 16:15:05
NVDA,NVDA270617C00210000,NVDA,2027-06-17,C,210.0,45.4,262.0,46.85,252.0,0.4044,8703.0,159.0,0.7043,0.0042,0.7058,-0.0472,0.9073,45.8902,0.82,45.92,48.95,45.6,no_change,45.62,2026-09-04T15:38:52,1.83036,45.8999996185303,229.4873,2026-09-07 20:11:28,2026-09-07 16:15:05
NVDA,NVDA270617C00215000,NVDA,2027-06-17,C,215.0,42.75,87.0,43.5,32.0,0.3997,10908.0,93.0,0.6814,0.0044,0.7289,-0.0488,0.8876,43.1045,1.35,43.3,46.01,43.13,down,43.4,2026-09-04T15:58:07,3.21047,42.9499988555908,229.4873,2026-09-07 20:11:28,2026-09-07 16:15:05
NVDA,NVDA270617C00220000,NVDA,2027-06-17,C,220.0,39.95,118.0,40.85,48.0,0.3976,15187.0,236.0,0.6579,0.0046,0.7493,-0.0502,0.8667,40.4252,1.45,40.6,43.35,40.28,up,40.75,2026-09-04T15:56:56,3.68957,40.2999992370606,229.4873,2026-09-07 20:11:28,2026-09-07 16:15:05
NVDA,NVDA270617C00225000,NVDA,2027-06-17,C,225.0,37.85,41.0,38.25,61.0,0.3991,5609.0,107.0,0.6341,0.0047,0.767,-0.0514,0.8431,37.8547,1.15,38.53,40.52,37.95,no_change,38.15,2026-09-04T15:58:06,3.10811,37.7749996185303,229.4873,2026-09-07 20:11:28,2026-09-07 16:15:05
NVDA,NVDA270617C00230000,NVDA,2027-06-17,C,230.0,35.2,193.0,35.85,68.0,0.3964,20414.0,753.0,0.6103,0.0048,0.7816,-0.0523,0.8191,35.4345,1.325,35.4,38.23,35.1,down,35.7,2026-09-04T15:58:25,3.85455,35.3999996185303,229.4873,2026-09-07 20:11:28,2026-09-07 16:15:05
NVDA,NVDA270617C00235000,NVDA,2027-06-17,C,235.0,33.05,39.0,33.55,43.0,0.396,3459.0,267.0,0.5866,0.0049,0.7934,-0.0531,0.7946,33.1564,0.755,34.0,35.49,32.93,down,32.93,2026-09-04T15:35:39,2.34654,33.0749988555908,229.4873,2026-09-07 20:11:28,2026-09-07 16:15:05
NVDA,NVDA270617C00240000,NVDA,2027-06-17,C,240.0,30.75,44.0,31.4,15.0,0.3943,9770.0,308.0,0.5628,0.0049,0.8022,-0.0537,0.7681,30.9843,1.065,31.94,33.45,31.04,down,31.04,2026-09-04T15:06:38,3.55296,30.9250001907349,229.4873,2026-09-07 20:11:28,2026-09-07 16:15:05
NVDA,NVDA270617C00245000,NVDA,2027-06-17,C,245.0,28.65,48.0,29.25,33.0,0.3925,4149.0,73.0,0.5393,0.005,0.8081,-0.0541,0.7417,28.9336,1.07,29.8,31.35,29.02,down,29.02,2026-09-04T15:59:46,3.82827,28.8500003814697,229.4873,2026-09-07 20:11:28,2026-09-07 16:15:05
NVDA,NVDA270617C00250000,NVDA,2027-06-17,C,250.0,27.0,2.0,27.3,2.0,0.3928,19887.0,1221.0,0.516,0.005,0.8113,-0.0543,0.7151,26.9992,1.1,27.0,29.3,26.8,down,27.1,2026-09-04T15:59:35,4.23077,26.8999996185303,229.4873,2026-09-07 20:11:28,2026-09-07 16:15:05
NVDA,NVDA270617C00255000,NVDA,2027-06-17,C,255.0,25.15,32.0,25.6,19.0,0.3933,3035.0,180.0,0.493,0.005,0.8116,-0.0543,0.6874,25.1785,0.75,26.27,27.1,25.05,down,25.05,2026-09-04T15:32:41,3.08642,25.1499996185303,229.4873,2026-09-07 20:11:28,2026-09-07 16:15:05
NVDA,NVDA270617C00260000,NVDA,2027-06-17,C,260.0,23.4,37.0,23.95,97.0,0.3929,28707.0,364.0,0.4705,0.005,0.8094,-0.0541,0.6601,23.4685,1.19,23.51,25.5,23.3,up,23.74,2026-09-04T15:52:55,5.27716,23.4499998092651,229.4873,2026-09-07 20:11:28,2026-09-07 16:15:05
NVDA,NVDA270617C00265000,NVDA,2027-06-17,C,265.0,21.8,39.0,22.35,19.0,0.3912,8516.0,218.0,0.4485,0.005,0.805,-0.0538,0.6333,21.863,0.475,21.17,23.8,21.17,down,21.5,2026-09-04T15:35:21,2.25921,21.75,229.4873,2026-09-07 20:11:28,2026-09-07 16:15:05
NVDA,NVDA270617C00270000,NVDA,2027-06-17,C,270.0,20.3,26.0,20.8,26.0,0.3919,8798.0,198.0,0.427,0.005,0.798,-0.0534,0.606,20.3585,1.105,20.26,22.09,20.26,down,20.58,2026-09-04T14:59:48,5.67394,20.2750005722046,229.4873,2026-09-07 20:11:28,2026-09-07 16:15:05
NVDA,NVDA270617C00275000,NVDA,2027-06-17,C,275.0,18.85,26.0,19.2,16.0,0.3904,3893.0,93.0,0.4062,0.0049,0.789,-0.0527,0.5791,18.9516,0.695,19.6,20.65,18.82,down,18.82,2026-09-04T15:38:31,3.83448,18.875,229.4873,2026-09-07 20:11:28,2026-09-07 16:15:05
NVDA,NVDA270617C00280000,NVDA,2027-06-17,C,280.0,17.35,23.0,17.75,1.0,0.3888,7585.0,53.0,0.386,0.0048,0.7785,-0.052,0.5534,17.6373,0.77,18.0,19.2,17.56,down,17.62,2026-09-04T15:20:18,4.56974,17.5,229.4873,2026-09-07 20:11:28,2026-09-07 16:15:05
NVDA,NVDA270617C00285000,NVDA,2027-06-17,C,285.0,16.3,26.0,16.6,29.0,0.3887,2568.0,149.0,0.3664,0.0048,0.7661,-0.0512,0.5278,16.408,1.05,17.35,17.9,16.35,up,16.7,2026-09-04T15:52:36,6.70926,16.2750005722046,229.4873,2026-09-07 20:11:28,2026-09-07 16:15:05
NVDA,NVDA270617C00290000,NVDA,2027-06-17,C,290.0,15.15,25.0,15.45,34.0,0.3887,9648.0,58.0,0.3475,0.0047,0.7518,-0.0502,0.5021,15.2532,1.075,16.29,16.65,15.1,up,15.6,2026-09-04T12:54:22,7.40103,15.1500000953674,229.4873,2026-09-07 20:11:28,2026-09-07 16:15:05
NVDA,NVDA270617C00295000,NVDA,2027-06-17,C,295.0,13.8,19.0,14.55,19.0,0.3881,3041.0,83.0,0.3296,0.0046,0.7369,-0.0492,0.4782,14.1981,1.13,15.4,15.5,14.5,up,14.63,2026-09-04T13:03:53,8.37037,14.0749998092651,229.4873,2026-09-07 20:11:28,2026-09-07 16:15:05
NVDA,NVDA270617C00300000,NVDA,2027-06-17,C,300.0,12.95,120.0,13.5,1.0,0.3885,31909.0,555.0,0.312,0.0045,0.7207,-0.0481,0.4548,13.1954,0.7,12.9,14.5,12.9,down,13.15,2026-09-04T15:59:57,5.62249,13.0999999046326,229.4873,2026-09-07 20:11:28,2026-09-07 16:15:05
NVDA,NVDA270617C00310000,NVDA,2027-06-17,C,310.0,11.3,27.0,11.85,19.0,0.3884,4563.0,80.0,0.2797,0.0042,0.6854,-0.0458,0.4099,11.424,0.605,12.28,12.35,11.38,down,11.38,2026-09-04T14:16:56,5.61485,11.3499999046326,229.4873,2026-09-07 20:11:28,2026-09-07 16:15:05
NVDA,NVDA270617C00320000,NVDA,2027-06-17,C,320.0,9.7,24.0,10.0,13.0,0.3888,9335.0,699.0,0.25,0.004,0.6482,-0.0433,0.3689,9.8806,0.68,10.28,10.8,9.78,up,9.88,2026-09-04T15:27:56,7.3913,9.7999997138977,229.4873,2026-09-07 20:11:28,2026-09-07 16:15:05
NVDA,NVDA270617C00330000,NVDA,2027-06-17,C,330.0,8.25,299.0,8.65,22.0,0.3881,3143.0,57.0,0.2234,0.0038,0.6093,-0.0407,0.3308,8.5642,0.64,9.25,9.35,8.55,up,8.64,2026-09-04T15:54:29,8.0,8.47500038146973,229.4873,2026-09-07 20:11:28,2026-09-07 16:15:05
NVDA,NVDA270617C00340000,NVDA,2027-06-17,C,340.0,7.1,36.0,7.55,41.0,0.3909,3656.0,8.0,0.1992,0.0035,0.5707,-0.0382,0.2968,7.425,0.475,8.1,8.1,7.44,down,7.45,2026-09-04T14:36:32,6.81004,7.40000009536743,229.4873,2026-09-07 20:11:28,2026-09-07 16:15:05
NVDA,NVDA270617C00350000,NVDA,2027-06-17,C,350.0,6.35,16.0,6.7,22.0,0.392,9887.0,349.0,0.1778,0.0032,0.5321,-0.0356,0.2655,6.4506,0.68,6.55,7.1,6.33,up,6.63,2026-09-04T15:54:33,11.4286,6.42499995231628,229.4873,2026-09-07 20:11:28,2026-09-07 16:15:05
NVDA,NVDA270617C00360000,NVDA,2027-06-17,C,360.0,5.5,192.0,5.9,431.0,0.3955,4404.0,136.0,0.1586,0.003,0.4949,-0.0332,0.2378,5.6154,0.415,6.05,6.1,5.63,down,5.64,2026-09-04T15:22:21,7.94259,5.57499980926514,229.4873,2026-09-07 20:11:28,2026-09-07 16:15:05
NVDA,NVDA270617C00370000,NVDA,2027-06-17,C,370.0,4.8,46.0,5.05,47.0,0.3958,5197.0,113.0,0.1415,0.0028,0.4594,-0.0308,0.2128,4.8983,0.51,5.3,5.3,5.0,up,5.06,2026-09-04T13:00:59,11.2088,4.90000009536743,229.4873,2026-09-07 20:11:28,2026-09-07 16:15:05
NVDA,NVDA270617C00380000,NVDA,2027-06-17,C,380.0,4.2,128.0,4.4,104.0,0.397,4182.0,191.0,0.1266,0.0026,0.4256,-0.0286,0.1907,4.2914,0.37,4.12,4.7,4.12,no_change,4.32,2026-09-04T15:57:29,9.36709,4.29999995231628,229.4873,2026-09-07 20:11:28,2026-09-07 16:15:05
NVDA,NVDA270617C00390000,NVDA,2027-06-17,C,390.0,3.65,56.0,3.9,95.0,0.3988,1088.0,128.0,0.1132,0.0024,0.3941,-0.0265,0.1711,3.7625,0.315,4.0,4.05,3.75,down,3.79,2026-09-04T14:35:33,9.06475,3.75,229.4873,2026-09-07 20:11:28,2026-09-07 16:15:05
NVDA,NVDA270617C00400000,NVDA,2027-06-17,C,400.0,3.25,160.0,3.45,103.0,0.4015,3486.0,392.0,0.1013,0.0022,0.364,-0.0246,0.1533,3.3078,0.24,3.05,3.55,3.05,down,3.3,2026-09-04T15:22:21,7.84313,3.27499997615814,229.4873,2026-09-07 20:11:28,2026-09-07 16:15:05
NVDA,NVDA270617C00410000,NVDA,2027-06-17,C,410.0,2.84,88.0,3.0,68.0,0.4023,740.0,30.0,0.0909,0.002,0.3362,-0.0228,0.1377,2.917,0.43,3.08,3.08,3.04,up,3.08,2026-09-04T10:30:04,16.2264,2.83000004291534,229.4873,2026-09-07 20:11:28,2026-09-07 16:15:05
NVDA,NVDA270617C00420000,NVDA,2027-06-17,C,420.0,2.54,22.0,2.79,96.0,0.4071,9654.0,114.0,0.0816,0.0018,0.3106,-0.0211,0.1239,2.5771,0.235,2.6,2.73,2.49,no_change,2.58,2026-09-04T14:43:38,10.0213,2.47499990463257,229.4873,2026-09-07 20:11:28,2026-09-07 16:15:05
NVDA,NVDA270617C00430000,NVDA,2027-06-17,C,430.0,2.21,90.0,2.4,96.0,0.407,691.0,21.0,0.0734,0.0017,0.2868,-0.0195,0.1115,2.2862,0.225,2.19,2.25,2.19,up,2.25,2026-09-04T15:44:11,11.1111,2.22000002861023,229.4873,2026-09-07 20:11:28,2026-09-07 16:15:05
NVDA,NVDA270617C00440000,NVDA,2027-06-17,C,440.0,1.97,5.0,2.09,5.0,0.4083,1177.0,0.0,0.0662,0.0015,0.265,-0.0181,0.1006,2.0346,0.0,0.0,0.0,0.0,down,1.69,2026-09-03T09:46:47,0.0,1.91999995708466,229.4873,2026-09-07 20:11:28,2026-09-07 16:15:05
NVDA,NVDA270617C00450000,NVDA,2027-06-17,C,450.0,1.58,116.0,1.99,134.0,0.4094,1738.0,28.0,0.0598,0.0014,0.2453,-0.0168,0.0911,1.8161,0.265,1.68,1.89,1.68,up,1.78,2026-09-04T12:38:48,17.4918,1.76999998092651,229.4873,2026-09-07 20:11:28,2026-09-07 16:15:05
NVDA,NVDA270617C00455000,NVDA,2027-06-17,C,455.0,1.5,108.0,1.92,113.0,0.4116,250.0,72.0,0.0569,0.0014,0.2361,-0.0162,0.0867,1.7177,0.195,1.7,1.7,1.65,up,1.69,2026-09-04T13:33:34,13.0435,1.7399999499321,229.4873,2026-09-07 20:11:28,2026-09-07 16:15:05
NVDA,NVDA270617C00460000,NVDA,2027-06-17,C,460.0,1.57,16.0,1.65,2.0,0.4121,4920.0,169.0,0.0542,0.0013,0.2271,-0.0156,0.0825,1.6256,0.17,1.51,1.67,1.51,no_change,1.59,2026-09-04T14:53:47,11.9718,1.56000000238419,229.4873,2026-09-07 20:11:28,2026-09-07 16:15:05
NVDA,NVDA270617P00005000,NVDA,2027-06-17,P,5.0,0.0,0.0,0.02,996.0,1.3479,5046.0,4.0,-0.0002,0.0,0.0012,-0.0003,-0.0004,0.0157,0.0,0.01,0.01,0.01,no_change,0.01,2026-09-04T09:30:00,2.23517e-06,0.00499999988824129,229.4873,2026-09-07 20:11:28,2026-09-07 16:15:05
NVDA,NVDA270617P00010000,NVDA,2027-06-17,P,10.0,0.0,0.0,0.04,1.0,1.2188,253.0,0.0,-0.0003,0.0,0.0024,-0.0005,-0.0008,0.0275,0.0,0.0,0.0,0.0,down,0.02,2026-07-13T12:06:03,0.0,0.0299999993294477,229.4873,2026-09-07 20:11:28,2026-09-07 16:15:05
NVDA,NVDA270617P00015000,NVDA,2027-06-17,P,15.0,0.0,0.0,0.22,26.0,1.2507,418.0,0.0,-0.0005,0.0,0.0038,-0.0007,-0.0012,0.0403,0.0,0.0,0.0,0.0,no_change,0.03,2026-09-01T13:55:14,0.0,0.109999999403954,229.4873,2026-09-07 20:11:28,2026-09-07 16:15:05
NVDA,NVDA270617P00020000,NVDA,2027-06-17,P,20.0,0.0,0.0,0.23,9.0,1.1241,533.0,0.0,-0.0008,0.0,0.0054,-0.0009,-0.0017,0.0546,0.0,0.0,0.0,0.0,down,0.04,2026-08-31T12:53:45,0.0,0.0999999986961484,229.4873,2026-09-07 20:11:28,2026-09-07 16:15:05
NVDA,NVDA270617P00025000,NVDA,2027-06-17,P,25.0,0.01,9.0,0.2,51.0,1.0035,855.0,0.0,-0.0011,0.0,0.0073,-0.0012,-0.0024,0.0709,0.0,0.0,0.0,0.0,no_change,0.07,2026-08-27T13:35:05,0.0,0.105000001378357,229.4873,2026-09-07 20:11:28,2026-09-07 16:15:05
NVDA,NVDA270617P00030000,NVDA,2027-06-17,P,30.0,0.07,3.0,0.47,55.0,0.8934,11278.0,20.0,-0.0014,0.0,0.0095,-0.0014,-0.0031,0.0893,-0.035,0.08,0.08,0.08,no_change,0.08,2026-09-04T15:36:48,-30.4348,0.17000000551343,229.4873,2026-09-07 20:11:28,2026-09-07 16:15:05
NVDA,NVDA270617P00035000,NVDA,2027-06-17,P,35.0,0.05,2.0,0.25,1.0,0.8203,535.0,0.0,-0.0018,0.0,0.012,-0.0017,-0.004,0.1104,0.0,0.0,0.0,0.0,down,0.1,2026-09-01T13:43:09,0.0,0.0849999990314245,229.4873,2026-09-07 20:11:28,2026-09-07 16:15:05
NVDA,NVDA270617P00040000,NVDA,2027-06-17,P,40.0,0.05,19.0,0.25,55.0,0.8242,1250.0,0.0,-0.0023,0.0,0.0148,-0.002,-0.005,0.1346,0.0,0.0,0.0,0.0,no_change,0.13,2026-09-01T13:55:15,0.0,0.150000000372529,229.4873,2026-09-07 20:11:28,2026-09-07 16:15:05
NVDA,NVDA270617P00045000,NVDA,2027-06-17,P,45.0,0.1,7.0,0.25,19.0,0.7845,1377.0,0.0,-0.0029,0.0001,0.0181,-0.0023,-0.0061,0.162,0.0,0.0,0.0,0.0,down,0.16,2026-09-03T10:29:29,0.0,0.175000000745058,229.4873,2026-09-07 20:11:28,2026-09-07 16:15:05
NVDA,NVDA270617P00050000,NVDA,2027-06-17,P,50.0,0.1,437.0,0.32,737.0,0.7519,4975.0,49.0,-0.0035,0.0001,0.0218,-0.0027,-0.0075,0.1934,-0.015,0.16,0.17,0.15,up,0.17,2026-09-04T15:36:09,-8.10811,0.184999994933605,229.4873,2026-09-07 20:11:28,2026-09-07 16:15:05
NVDA,NVDA270617P00055000,NVDA,2027-06-17,P,55.0,0.17,242.0,0.33,529.0,0.7227,2658.0,30.0,-0.0043,0.0001,0.0261,-0.0031,-0.0091,0.2293,-0.055,0.25,0.25,0.17,no_change,0.17,2026-09-04T11:28:09,-24.4444,0.244999997317791,229.4873,2026-09-07 20:11:28,2026-09-07 16:15:05
NVDA,NVDA270617P00060000,NVDA,2027-06-17,P,60.0,0.23,10.0,0.5,1.0,0.6825,1614.0,0.0,-0.0052,0.0001,0.0308,-0.0035,-0.0109,0.2701,0.0,0.0,0.0,0.0,up,0.28,2026-09-01T10:01:49,0.0,0.270000003278255,229.4873,2026-09-07 20:11:28,2026-09-07 16:15:05
NVDA,NVDA270617P00065000,NVDA,2027-06-17,P,65.0,0.15,228.0,0.34,22.0,0.6392,1186.0,0.0,-0.0062,0.0001,0.0362,-0.004,-0.013,0.3164,0.0,0.0,0.0,0.0,up,0.3,2026-09-01T10:03:33,0.0,0.254999995231628,229.4873,2026-09-07 20:11:28,2026-09-07 16:15:05
NVDA,NVDA270617P00070000,NVDA,2027-06-17,P,70.0,0.35,1.0,0.79,50.0,0.6406,3442.0,1.0,-0.0074,0.0002,0.0425,-0.0045,-0.0155,0.3693,0.0,0.36,0.36,0.36,down,0.36,2026-09-04T11:12:24,1.65568e-07,0.469999998807907,229.4873,2026-09-07 20:11:28,2026-09-07 16:15:05
NVDA,NVDA270617P00075000,NVDA,2027-06-17,P,75.0,0.39,163.0,0.54,472.0,0.6265,8827.0,202.0,-0.0088,0.0002,0.0491,-0.0051,-0.0182,0.4296,-0.01,0.44,0.44,0.38,no_change,0.43,2026-09-04T14:09:22,-2.27273,0.420000001788139,229.4873,2026-09-07 20:11:28,2026-09-07 16:15:05
NVDA,NVDA270617P00080000,NVDA,2027-06-17,P,80.0,0.47,23.0,0.53,32.0,0.6,8086.0,127.0,-0.0104,0.0002,0.0567,-0.0057,-0.0213,0.4981,-0.005,0.49,0.5,0.46,up,0.5,2026-09-04T15:21:02,-0.990098,0.589999988675118,229.4873,2026-09-07 20:11:28,2026-09-07 16:15:05
NVDA,NVDA270617P00085000,NVDA,2027-06-17,P,85.0,0.54,69.0,1.12,66.0,0.581,9034.0,15.0,-0.0122,0.0003,0.0656,-0.0064,-0.025,0.5764,-0.09,0.55,0.6,0.55,no_change,0.58,2026-09-04T12:15:58,-13.4328,0.58500000834465,229.4873,2026-09-07 20:11:28,2026-09-07 16:15:05
NVDA,NVDA270617P00090000,NVDA,2027-06-17,P,90.0,0.65,14.0,0.87,303.0,0.5766,3599.0,2.0,-0.0143,0.0003,0.0749,-0.0071,-0.0291,0.6665,-0.06,0.69,0.69,0.66,down,0.66,2026-09-04T14:59:21,-8.33333,0.759999990463257,229.4873,2026-09-07 20:11:28,2026-09-07 16:15:05
NVDA,NVDA270617P00095000,NVDA,2027-06-17,P,95.0,0.73,5.0,0.81,13.0,0.5476,4191.0,0.0,-0.0167,0.0004,0.0856,-0.0079,-0.0339,0.7702,0.0,0.0,0.0,0.0,no_change,0.79,2026-09-03T12:30:34,0.0,0.765000015497208,229.4873,2026-09-07 20:11:28,2026-09-07 16:15:05
NVDA,NVDA270617P00100000,NVDA,2027-06-17,P,100.0,0.85,76.0,0.97,32.0,0.5331,20129.0,45.0,-0.0195,0.0004,0.0978,-0.0088,-0.0394,0.8893,0.035,0.89,0.92,0.89,up,0.92,2026-09-04T14:59:26,3.9548,0.930000007152557,229.4873,2026-09-07 20:11:28,2026-09-07 16:15:05
NVDA,NVDA270617P00105000,NVDA,2027-06-17,P,105.0,1.02,15.0,1.11,34.0,0.523,6285.0,12.0,-0.0227,0.0005,0.1113,-0.0097,-0.0458,1.0302,0.03,1.01,1.04,1.01,no_change,1.04,2026-09-04T15:55:51,2.9703,1.09499999880791,229.4873,2026-09-07 20:11:28,2026-09-07 16:15:05
NVDA,NVDA270617P00110000,NVDA,2027-06-17,P,110.0,1.1,117.0,1.25,66.0,0.5053,11698.0,72.0,-0.0265,0.0006,0.1264,-0.0108,-0.0532,1.1962,-0.055,1.16,1.21,1.15,down,1.15,2026-09-04T15:37:19,-4.56431,1.16500002145767,229.4873,2026-09-07 20:11:28,2026-09-07 16:15:05
NVDA,NVDA270617P00115000,NVDA,2027-06-17,P,115.0,1.33,96.0,1.45,7.0,0.4948,9618.0,29.0,-0.0309,0.0007,0.1438,-0.012,-0.0617,1.3898,0.0,1.34,1.42,1.34,down,1.39,2026-09-04T15:31:13,1.02914e-06,1.29999995231628,229.4873,2026-09-07 20:11:28,2026-09-07 16:15:05
NVDA,NVDA270617P00120000,NVDA,2027-06-17,P,120.0,1.59,45.0,1.74,79.0,0.4881,21272.0,201.0,-0.0359,0.0008,0.1624,-0.0134,-0.0717,1.6181,0.0,1.54,1.66,1.54,no_change,1.62,2026-09-04T15:50:00,-2.94344e-07,1.625,229.4873,2026-09-07 20:11:28,2026-09-07 16:15:05
NVDA,NVDA270617P00125000,NVDA,2027-06-17,P,125.0,1.84,12.0,2.08,76.0,0.4755,19103.0,105.0,-0.0418,0.0009,0.1836,-0.0148,-0.0831,1.8897,0.06,1.71,1.94,1.71,up,1.94,2026-09-04T14:30:39,3.19149,1.8850000500679,229.4873,2026-09-07 20:11:28,2026-09-07 16:15:05
NVDA,NVDA270617P00130000,NVDA,2027-06-17,P,130.0,2.16,27.0,2.42,104.0,0.4709,17190.0,2119.0,-0.0486,0.0011,0.2078,-0.0165,-0.0964,2.2083,0.095,2.08,2.29,2.08,no_change,2.29,2026-09-04T15:59:26,4.32802,2.22000002861023,229.4873,2026-09-07 20:11:28,2026-09-07 16:15:05
NVDA,NVDA270617P00135000,NVDA,2027-06-17,P,135.0,2.41,114.0,2.72,104.0,0.4587,6401.0,744.0,-0.0562,0.0012,0.2321,-0.0182,-0.1109,2.5772,0.01,2.28,2.58,2.27,up,2.58,2026-09-04T13:40:57,0.389108,2.60000002384186,229.4873,2026-09-07 20:11:28,2026-09-07 16:15:05
NVDA,NVDA270617P00140000,NVDA,2027-06-17,P,140.0,2.97,42.0,3.15,71.0,0.454,144197.0,316.0,-0.065,0.0014,0.2597,-0.0201,-0.1282,3.0131,0.06,2.92,3.06,2.81,no_change,3.06,2026-09-04T15:59:26,2.0,3.04499995708466,229.4873,2026-09-07 20:11:28,2026-09-07 16:15:05
NVDA,NVDA270617P00145000,NVDA,2027-06-17,P,145.0,3.45,27.0,3.6,10.0,0.4462,8640.0,155.0,-0.0748,0.0016,0.2897,-0.0222,-0.1474,3.5155,-0.075,3.31,3.4,3.26,up,3.4,2026-09-04T12:30:25,-2.15827,3.52499997615814,229.4873,2026-09-07 20:11:28,2026-09-07 16:15:05
NVDA,NVDA270617P00150000,NVDA,2027-06-17,P,150.0,3.95,181.0,4.15,21.0,0.4391,49848.0,519.0,-0.0857,0.0018,0.3203,-0.0243,-0.1679,4.0871,0.0,3.93,4.1,3.75,no_change,4.1,2026-09-04T15:36:44,2.32603e-06,4.10000014305115,229.4873,2026-09-07 20:11:28,2026-09-07 16:15:05
NVDA,NVDA270617P00155000,NVDA,2027-06-17,P,155.0,4.25,81.0,4.85,83.0,0.4355,9151.0,162.0,-0.0981,0.002,0.3548,-0.0266,-0.1914,4.7577,0.06,4.55,4.77,4.36,no_change,4.76,2026-09-04T14:38:49,1.27659,4.77499985694885,229.4873,2026-09-07 20:11:28,2026-09-07 16:15:05
NVDA,NVDA270617P00160000,NVDA,2027-06-17,P,160.0,5.35,85.0,5.6,45.0,0.4299,24747.0,219.0,-0.1112,0.0022,0.3872,-0.0288,-0.2165,5.4939,-0.025,5.39,5.55,5.05,down,5.45,2026-09-04T15:52:14,-0.456624,5.54999995231628,229.4873,2026-09-07 20:11:28,2026-09-07 16:15:05
NVDA,NVDA270617P00165000,NVDA,2027-06-17,P,165.0,6.1,110.0,6.45,43.0,0.4241,8997.0,160.0,-0.1262,0.0024,0.4225,-0.0313,-0.2443,6.3536,-0.03,5.9,6.38,5.85,down,6.32,2026-09-04T14:35:36,-0.472439,6.32499980926514,229.4873,2026-09-07 20:11:28,2026-09-07 16:15:05
NVDA,NVDA270617P00170000,NVDA,2027-06-17,P,170.0,7.05,145.0,7.4,42.0,0.4204,17527.0,307.0,-0.1421,0.0026,0.4586,-0.0337,-0.2742,7.303,-0.02,6.9,7.32,6.71,down,7.28,2026-09-04T15:49:59,-0.273972,7.32499980926514,229.4873,2026-09-07 20:11:28,2026-09-07 16:15:05
NVDA,NVDA270617P00175000,NVDA,2027-06-17,P,175.0,8.15,71.0,8.45,40.0,0.4174,13548.0,258.0,-0.1591,0.0029,0.4935,-0.0361,-0.3055,8.3595,0.05,8.0,8.45,7.7,no_change,8.4,2026-09-04T15:40:02,0.598804,8.375,229.4873,2026-09-07 20:11:28,2026-09-07 16:15:05
NVDA,NVDA270617P00180000,NVDA,2027-06-17,P,180.0,9.3,50.0,9.65,45.0,0.4145,31027.0,2322.0,-0.1772,0.0031,0.5293,-0.0384,-0.3392,9.5212,-0.03,9.0,9.65,8.82,down,9.57,2026-09-04T15:39:50,-0.312499,9.5,229.4873,2026-09-07 20:11:28,2026-09-07 16:15:05
NVDA,NVDA270617P00185000,NVDA,2027-06-17,P,185.0,10.4,51.0,10.95,56.0,0.4126,8750.0,82.0,-0.1966,0.0034,0.5631,-0.0408,-0.3734,10.8142,-0.175,10.46,10.86,10.05,down,10.7,2026-09-04T15:56:27,-1.6092,10.875,229.4873,2026-09-07 20:11:28,2026-09-07 16:15:05
NVDA,NVDA270617P00190000,NVDA,2027-06-17,P,190.0,11.95,80.0,12.4,45.0,0.4087,23304.0,108.0,-0.2172,0.0036,0.5967,-0.0431,-0.4103,12.2366,-0.105,11.83,12.23,11.3,down,12.12,2026-09-04T15:53:37,-0.858899,12.2249999046326,229.4873,2026-09-07 20:11:28,2026-09-07 16:15:05
NVDA,NVDA270617P00195000,NVDA,2027-06-17,P,195.0,13.45,46.0,13.95,54.0,0.408,9772.0,149.0,-0.2385,0.0038,0.6292,-0.0452,-0.4475,13.7777,-0.13,12.93,13.67,12.82,up,13.67,2026-09-04T13:24:23,-0.942027,13.8499999046326,229.4873,2026-09-07 20:11:28,2026-09-07 16:15:05
NVDA,NVDA270617P00200000,NVDA,2027-06-17,P,200.0,15.2,33.0,15.55,5.0,0.4041,18866.0,394.0,-0.2605,0.004,0.6582,-0.0473,-0.4845,15.4353,-0.225,14.9,15.6,14.29,no_change,15.3,2026-09-04T15:54:20,-1.44928,15.4250001907349,229.4873,2026-09-07 20:11:28,2026-09-07 16:15:05
NVDA,NVDA270617P00205000,NVDA,2027-06-17,P,205.0,16.95,125.0,17.35,47.0,0.4015,9802.0,50.0,-0.2837,0.0043,0.6858,-0.0492,-0.5233,17.2494,-0.18,16.5,17.25,16.0,down,17.12,2026-09-04T15:54:02,-1.04046,17.3249998092651,229.4873,2026-09-07 20:11:28,2026-09-07 16:15:05
NVDA,NVDA270617P00210000,NVDA,2027-06-17,P,210.0,18.9,48.0,19.3,41.0,0.3999,12703.0,158.0,-0.3073,0.0045,0.7111,-0.051,-0.5623,19.1874,-0.12,18.59,19.2,17.86,down,19.18,2026-09-04T15:47:46,-0.621763,19.1750001907349,229.4873,2026-09-07 20:11:28,2026-09-07 16:15:05
NVDA,NVDA270617P00215000,NVDA,2027-06-17,P,215.0,20.95,49.0,21.4,42.0,0.398,3348.0,82.0,-0.3318,0.0046,0.7334,-0.0526,-0.6007,21.2784,-0.14,20.39,21.3,19.87,down,21.16,2026-09-04T14:56:58,-0.657278,21.2999992370605,229.4873,2026-09-07 20:11:28,2026-09-07 16:15:05
NVDA,NVDA270617P00220000,NVDA,2027-06-17,P,220.0,23.15,47.0,23.65,19.0,0.3966,10082.0,189.0,-0.3567,0.0048,0.7532,-0.054,-0.6403,23.4967,-0.075,22.2,23.63,21.95,down,23.5,2026-09-04T15:46:38,-0.318133,23.5,229.4873,2026-09-07 20:11:28,2026-09-07 16:15:05
NVDA,NVDA270617P00225000,NVDA,2027-06-17,P,225.0,25.75,1.0,26.0,37.0,0.3968,4968.0,178.0,-0.3818,0.005,0.7692,-0.0552,-0.6766,25.8532,-0.625,25.0,26.04,24.17,down,25.3,2026-09-04T15:55:29,-2.4108,25.8249998092651,229.4873,2026-09-07 20:11:28,2026-09-07 16:15:05
NVDA,NVDA270617P00230000,NVDA,2027-06-17,P,230.0,28.05,3.0,28.45,1.0,0.3944,5630.0,425.0,-0.4073,0.0051,0.782,-0.0563,-0.7111,28.3445,0.15,27.0,28.6,26.65,up,28.6,2026-09-04T15:42:52,0.527241,28.375,229.4873,2026-09-07 20:11:28,2026-09-07 16:15:05
NVDA,NVDA270617P00235000,NVDA,2027-06-17,P,235.0,30.75,5.0,31.1,14.0,0.3938,2676.0,494.0,-0.4327,0.0052,0.7916,-0.0571,-0.7464,30.9563,-0.275,30.3,31.1,29.0,down,30.9,2026-09-04T14:48:44,-0.882118,31.0749998092651,229.4873,2026-09-07 20:11:28,2026-09-07 16:15:05
NVDA,NVDA270617P00240000,NVDA,2027-06-17,P,240.0,33.45,2.0,33.85,10.0,0.3921,5809.0,95.0,-0.4586,0.0053,0.7977,-0.0578,-0.7793,33.7358,-0.175,32.85,33.7,31.65,down,33.65,2026-09-04T14:51:16,-0.517365,33.875,229.4873,2026-09-07 20:11:28,2026-09-07 16:15:05
NVDA,NVDA270617P00245000,NVDA,2027-06-17,P,245.0,36.1,82.0,36.75,36.0,0.3916,1005.0,183.0,-0.4839,0.0054,0.8004,-0.0583,-0.8067,36.6078,-0.125,34.6,36.71,34.55,down,36.6,2026-09-04T15:59:17,-0.340369,36.625,229.4873,2026-09-07 20:11:28,2026-09-07 16:15:05
NVDA,NVDA270617P00250000,NVDA,2027-06-17,P,250.0,39.15,248.0,39.75,159.0,0.3889,1767.0,68.0,-0.5098,0.0055,0.7993,-0.0586,-0.8351,39.6599,-0.21,37.45,39.59,37.45,up,39.59,2026-09-04T13:58:31,-0.527636,39.6749992370606,229.4873,2026-09-07 20:11:28,2026-09-07 16:15:05
NVDA,NVDA270617P00255000,NVDA,2027-06-17,P,255.0,42.3,41.0,42.85,16.0,0.3882,741.0,12.0,-0.5348,0.0055,0.7957,-0.0588,-0.8599,42.7912,-0.125,40.5,43.05,40.5,up,43.05,2026-09-04T15:32:17,-0.289518,42.8250007629394,229.4873,2026-09-07 20:11:28,2026-09-07 16:15:05
NVDA,NVDA270617P00260000,NVDA,2027-06-17,P,260.0,45.55,46.0,46.15,35.0,0.3877,2168.0,23.0,-0.5598,0.0055,0.7878,-0.0588,-0.877,46.0592,-2.5,43.6,43.7,43.45,up,43.7,2026-09-04T10:27:14,-5.41125,46.0750007629394,229.4873,2026-09-07 20:11:28,2026-09-07 16:15:05
NVDA,NVDA270617P00265000,NVDA,2027-06-17,P,265.0,48.65,96.0,49.5,16.0,0.3852,516.0,9.0,-0.5844,0.0056,0.7781,-0.0586,-0.8968,49.4354,0.06,46.9,49.31,46.9,no_change,49.31,2026-09-04T15:07:55,0.121827,49.3500003814697,229.4873,2026-09-07 20:11:28,2026-09-07 16:15:05
NVDA,NVDA270617P00270000,NVDA,2027-06-17,P,270.0,52.5,14.0,53.7,65.0,0.3914,2077.0,10.0,-0.6087,0.0056,0.7646,-0.0583,-0.9059,52.9499,-2.875,50.25,50.3,50.25,up,50.3,2026-09-04T09:51:23,-5.40668,52.7749996185303,229.4873,2026-09-07 20:11:28,2026-09-07 16:15:05
NVDA,NVDA270617P00275000,NVDA,2027-06-17,P,275.0,56.1,14.0,57.15,43.0,0.3904,422.0,43.0,-0.6322,0.0056,0.7487,-0.058,-0.9124,56.5325,-3.45,53.7,54.19,53.55,down,53.55,2026-09-04T10:29:56,-6.05263,56.875,229.4873,2026-09-07 20:11:28,2026-09-07 16:15:05
NVDA,NVDA270617P00280000,NVDA,2027-06-17,P,280.0,59.35,88.0,60.65,34.0,0.3856,2958.0,2.0,-0.6554,0.0055,0.7302,-0.0575,-0.9245,60.241,-2.75,57.3,57.4,57.3,up,57.4,2026-09-04T09:51:23,-4.5719,59.9250011444092,229.4873,2026-09-07 20:11:28,2026-09-07 16:15:05
NVDA,NVDA270617P00285000,NVDA,2027-06-17,P,285.0,62.7,50.0,64.95,75.0,0.3853,509.0,0.0,-0.6782,0.0055,0.707,-0.0569,-0.9192,64.0711,0.0,0.0,0.0,0.0,down,70.02,2026-09-02T09:51:37,0.0,64.1750011444092,229.4873,2026-09-07 20:11:28,2026-09-07 16:15:05
NVDA,NVDA270617P00290000,NVDA,2027-06-17,P,290.0,67.45,5.0,68.7,7.0,0.3905,1146.0,0.0,-0.7001,0.0055,0.6859,-0.0563,-0.9248,67.9526,0.0,0.0,0.0,0.0,up,68.35,2026-09-03T15:51:50,0.0,68.2249984741211,229.4873,2026-09-07 20:11:28,2026-09-07 16:15:05
NVDA,NVDA270617P00295000,NVDA,2027-06-17,P,295.0,71.1,19.0,72.95,64.0,0.3899,263.0,51.0,-0.7216,0.0054,0.6577,-0.0556,-0.8996,71.9486,-3.675,69.02,69.05,68.35,up,69.05,2026-09-04T09:52:28,-5.05328,72.3250007629394,229.4873,2026-09-07 20:11:28,2026-09-07 16:15:05
NVDA,NVDA270617P00300000,NVDA,2027-06-17,P,300.0,75.45,5.0,76.3,39.0,0.3863,1572.0,174.0,-0.7425,0.0054,0.6322,-0.0548,-0.8946,76.0304,-2.19,73.07,74.45,72.4,no_change,74.41,2026-09-04T11:32:19,-2.85901,76.1499977111816,229.4873,2026-09-07 20:11:28,2026-09-07 16:15:05
NVDA,NVDA270617P00310000,NVDA,2027-06-17,P,310.0,83.65,108.0,85.55,191.0,0.3919,705.0,8.0,-0.7825,0.0053,0.5735,-0.0531,-0.8422,84.4389,-1.0,82.45,84.15,82.05,up,84.15,2026-09-04T14:38:42,-1.1744,84.75,229.4873,2026-09-07 20:11:28,2026-09-07 16:15:05
NVDA,NVDA270617P00320000,NVDA,2027-06-17,P,320.0,88.0,57.0,96.85,52.0,0.3932,478.0,0.0,-0.8198,0.0051,0.504,-0.0514,-0.7887,93.1497,0.0,0.0,0.0,0.0,no_change,101.3,2026-08-31T10:28:33,0.0,93.0250015258789,229.4873,2026-09-07 20:11:28,2026-09-07 16:15:05
NVDA,NVDA270617P00330000,NVDA,2027-06-17,P,330.0,100.25,174.0,103.2,63.0,0.3804,183.0,63.0,-0.8545,0.0049,0.4334,-0.0499,-0.6962,102.1266,-0.425,100.45,102.4,100.35,up,102.4,2026-09-04T15:32:38,-0.413324,102.149997711182,229.4873,2026-09-07 20:11:28,2026-09-07 16:15:05
NVDA,NVDA270617P00340000,NVDA,2027-06-17,P,340.0,106.0,5.0,115.05,6.0,0.3757,47.0,0.0,-0.8858,0.0046,0.3546,-0.0472,-0.5992,111.3422,0.0,0.0,0.0,0.0,up,146.55,2026-07-30T13:10:42,0.0,111.0,229.4873,2026-09-07 20:11:28,2026-09-07 16:15:05
NVDA,NVDA270617P00350000,NVDA,2027-06-17,P,350.0,115.5,1.0,124.55,51.0,0.3724,17.0,5.0,-0.9133,0.0042,0.2792,-0.0424,-0.4775,120.762,-4.23,116.92,116.92,116.92,down,116.92,2026-09-04T10:01:38,-3.49154,120.950000762939,229.4873,2026-09-07 20:11:28,2026-09-07 16:15:05
NVDA,NVDA270617P00360000,NVDA,2027-06-17,P,360.0,125.0,5.0,134.2,1.0,0.372,0.0,0.0,-0.9369,0.0036,0.2156,-0.036,-0.3662,130.3494,0.0,0.0,0.0,0.0,no_change,152.85,2026-07-16T11:34:22,0.0,130.275001525879,229.4873,2026-09-07 20:11:28,2026-09-07 16:15:05
NVDA,NVDA270617P00370000,NVDA,2027-06-17,P,370.0,135.0,55.0,143.95,1.0,0.0,0.0,0.0,-0.9562,0.003,0.1626,-0.0274,-0.2871,140.0646,0.0,0.0,0.0,0.0,up,162.24,2026-07-27T09:30:05,0.0,140.049995422363,229.4873,2026-09-07 20:11:28,2026-09-07 16:15:05
NVDA,NVDA270617P00380000,NVDA,2027-06-17,P,380.0,145.0,5.0,153.8,1.0,0.0,0.0,0.0,-0.9711,0.0023,0.1002,-0.0165,-0.1742,149.8972,0.0,0.0,0.0,0.0,down,170.5,2026-07-24T14:14:06,0.0,150.199996948242,229.4873,2026-09-07 20:11:28,2026-09-07 16:15:05
NVDA,NVDA270617P00390000,NVDA,2027-06-17,P,390.0,155.0,51.0,163.8,51.0,0.0,0.0,0.0,-0.9825,0.0017,0.056,-0.0113,-0.1194,159.8059,0.0,0.0,0.0,0.0,up,171.9,2026-05-21T15:07:52,0.0,160.174995422363,229.4873,2026-09-07 20:11:28,2026-09-07 16:15:05
NVDA,NVDA270617P00400000,NVDA,2027-06-17,P,400.0,165.0,55.0,174.1,52.0,0.0,0.0,0.0,-0.9905,0.0011,0.0368,-0.0068,-0.0647,169.7497,0.0,0.0,0.0,0.0,no_change,179.94,2026-08-31T10:42:56,0.0,169.975006103516,229.4873,2026-09-07 20:11:28,2026-09-07 16:15:05
NVDA,NVDA270617P00410000,NVDA,2027-06-17,P,410.0,178.65,37.0,180.7,32.0,0.0,0.0,0.0,-0.9951,0.0006,0.0069,-0.0046,0.0,179.735,0.0,0.0,0.0,0.0,no_change,196.7,2026-05-07T10:22:38,0.0,180.174995422363,229.4873,2026-09-07 20:11:28,2026-09-07 16:15:05
NVDA,NVDA270617P00420000,NVDA,2027-06-17,P,420.0,185.0,5.0,193.75,1.0,0.0,0.0,0.0,-0.9978,0.0003,0.0,-0.0057,0.0,189.735,0.0,0.0,0.0,0.0,down,210.0,2026-06-18T14:58:58,0.0,190.174995422363,229.4873,2026-09-07 20:11:28,2026-09-07 16:15:05
NVDA,NVDA270617P00430000,NVDA,2027-06-17,P,430.0,198.6,35.0,201.1,42.0,0.4667,0.0,0.0,-0.9997,0.0,0.0,-0.0067,0.0,199.735,0.0,0.0,0.0,0.0,no_change,0.0,,0.0,199.974998474121,229.4873,2026-09-07 20:11:28,2026-09-07 16:15:05
NVDA,NVDA270617P00440000,NVDA,2027-06-17,P,440.0,205.0,51.0,213.75,51.0,0.0,0.0,0.0,-1.0,0.0,0.0,-0.0078,0.0,209.735,0.0,0.0,0.0,0.0,up,222.0,2026-05-22T11:30:42,0.0,210.049995422363,229.4873,2026-09-07 20:11:28,2026-09-07 16:15:05
NVDA,NVDA270617P00450000,NVDA,2027-06-17,P,450.0,215.0,51.0,223.7,51.0,0.0,0.0,0.0,-1.0,0.0,0.0,-0.0088,0.0,219.735,0.0,0.0,0.0,0.0,up,237.78,2026-08-25T15:14:38,0.0,220.149993896484,229.4873,2026-09-07 20:11:28,2026-09-07 16:15:05
NVDA,NVDA270617P00455000,NVDA,2027-06-17,P,455.0,220.0,2.0,229.05,1.0,0.4966,0.0,0.0,-1.0,0.0,0.0,-0.0093,0.0,224.735,0.0,0.0,0.0,0.0,no_change,0.0,,0.0,225.125,229.4873,2026-09-07 20:11:28,2026-09-07 16:15:05
NVDA,NVDA270617P00460000,NVDA,2027-06-17,P,460.0,225.0,51.0,234.05,1.0,0.5118,0.0,0.0,-1.0,0.0,0.0,-0.0098,0.0,229.735,0.0,0.0,0.0,0.0,no_change,242.94,2026-08-31T09:39:17,0.0,229.974998474121,229.4873,2026-09-07 20:11:28,2026-09-07 16:15:05
NVDA,NVDA270917C00055000,NVDA,2027-09-17,C,55.0,173.7,1.0,182.75,1.0,0.6374,272.0,0.0,0.9979,0.0001,0.0389,0.0,0.5147,177.8167,0.0,0.0,0.0,0.0,up,173.74,2026-08-17T09:33:08,0.0,177.424995422363,229.4873,2026-09-07 20:11:28,2026-09-07 16:15:05
NVDA,NVDA270917C00060000,NVDA,2027-09-17,C,60.0,169.0,1.0,178.0,5.0,0.7122,54.0,15.0,0.9967,0.0001,0.0463,0.0,0.5586,173.103,0.43,172.76,172.76,172.13,down,172.13,2026-09-04T15:55:45,0.250439,172.724998474121,229.4873,2026-09-07 20:11:28,2026-09-07 16:15:05
NVDA,NVDA270917C00065000,NVDA,2027-09-17,C,65.0,164.0,1.0,173.0,2.0,0.6383,81.0,0.0,0.9953,0.0002,0.0532,0.0,0.6029,168.3974,0.0,0.0,0.0,0.0,up,160.0,2026-08-05T14:39:02,0.0,168.075004577637,229.4873,2026-09-07 20:11:28,2026-09-07 16:15:05
NVDA,NVDA270917C00070000,NVDA,2027-09-17,C,70.0,159.45,1.0,168.65,1.0,0.5864,119.0,0.0,0.9938,0.0002,0.0617,0.0,0.647,163.6995,0.0,0.0,0.0,0.0,up,145.25,2026-08-25T14:03:24,0.0,162.474998474121,229.4873,2026-09-07 20:11:28,2026-09-07 16:15:05
NVDA,NVDA270917C00075000,NVDA,2027-09-17,C,75.0,155.05,5.0,163.0,10.0,0.5792,139.0,1.0,0.992,0.0002,0.0726,0.0,0.6893,159.0131,3.72,161.47,161.47,161.47,up,161.47,2026-09-04T11:04:22,2.35816,158.649993896484,229.4873,2026-09-07 20:11:28,2026-09-07 16:15:05
NVDA,NVDA270917C00080000,NVDA,2027-09-17,C,80.0,150.35,71.0,158.35,51.0,0.5557,130.0,0.0,0.99,0.0003,0.0825,0.0,0.7317,154.3399,0.0,0.0,0.0,0.0,no_change,151.65,2026-09-02T12:17:50,0.0,154.724998474121,229.4873,2026-09-07 20:11:28,2026-09-07 16:15:05
NVDA,NVDA270917C00085000,NVDA,2027-09-17,C,85.0,145.5,51.0,154.75,52.0,0.5449,179.0,0.0,0.9877,0.0003,0.0932,0.0,0.7738,149.6792,0.0,0.0,0.0,0.0,up,144.93,2026-08-14T12:48:35,0.0,150.375,229.4873,2026-09-07 20:11:28,2026-09-07 16:15:05
NVDA,NVDA270917C00090000,NVDA,2027-09-17,C,90.0,141.0,57.0,150.0,55.0,0.5527,223.0,0.0,0.9851,0.0004,0.1086,0.0,0.8138,145.0356,0.0,0.0,0.0,0.0,up,124.54,2026-08-26T15:40:49,0.0,145.0,229.4873,2026-09-07 20:11:28,2026-09-07 16:15:05
NVDA,NVDA270917C00095000,NVDA,2027-09-17,C,95.0,136.75,135.0,145.0,51.0,0.5309,116.0,1.0,0.982,0.0004,0.1225,0.0,0.8533,140.4143,3.225,142.9,142.9,142.9,up,142.9,2026-09-04T09:37:08,2.30893,140.725006103516,229.4873,2026-09-07 20:11:28,2026-09-07 16:15:05
NVDA,NVDA270917C00100000,NVDA,2027-09-17,C,100.0,132.35,175.0,139.7,116.0,0.5224,309.0,10.0,0.9786,0.0005,0.1369,-0.001,0.8922,135.8155,1.25,140.5,140.5,136.0,down,136.0,2026-09-04T15:50:00,0.927644,135.650001525879,229.4873,2026-09-07 20:11:28,2026-09-07 16:15:05
NVDA,NVDA270917C00105000,NVDA,2027-09-17,C,105.0,127.8,186.0,135.1,152.0,0.509,175.0,0.0,0.9746,0.0006,0.1577,-0.0022,0.9285,131.2452,0.0,0.0,0.0,0.0,up,128.5,2026-09-03T13:01:06,0.0,132.25,229.4873,2026-09-07 20:11:28,2026-09-07 16:15:05
NVDA,NVDA270917C00110000,NVDA,2027-09-17,C,110.0,125.0,149.0,130.6,93.0,0.5413,396.0,5.0,0.97,0.0007,0.1769,-0.0036,0.9635,126.7116,1.99,128.5,128.5,126.8,no_change,127.59,2026-09-04T15:50:34,1.5844,127.324996948242,229.4873,2026-09-07 20:11:28,2026-09-07 16:15:05
NVDA,NVDA270917C00115000,NVDA,2027-09-17,C,115.0,118.75,241.0,126.1,101.0,0.4871,386.0,0.0,0.9648,0.0008,0.1976,-0.005,0.9978,122.2153,0.0,0.0,0.0,0.0,up,112.18,2026-08-31T11:42:15,0.0,122.849998474121,229.4873,2026-09-07 20:11:28,2026-09-07 16:15:05
NVDA,NVDA270917C00120000,NVDA,2027-09-17,C,120.0,114.3,211.0,120.25,114.0,0.4443,483.0,1.0,0.9589,0.0009,0.2238,-0.0065,1.0281,117.7653,4.18,120.73,120.73,120.73,up,120.73,2026-09-04T10:29:53,3.58644,117.5,229.4873,2026-09-07 20:11:28,2026-09-07 16:15:05
NVDA,NVDA270917C00125000,NVDA,2027-09-17,C,125.0,112.5,311.0,114.75,289.0,0.4708,321.0,1.0,0.9521,0.001,0.2488,-0.0081,1.0569,113.3684,1.875,114.45,114.45,114.45,up,114.45,2026-09-04T15:14:24,1.66556,113.349998474121,229.4873,2026-09-07 20:11:28,2026-09-07 16:15:05
NVDA,NVDA270917C00130000,NVDA,2027-09-17,C,130.0,108.2,302.0,110.4,342.0,0.4636,599.0,1.0,0.9446,0.0011,0.2783,-0.0099,1.0849,109.0252,5.35,113.0,113.0,113.0,up,113.0,2026-09-04T10:21:45,4.96981,109.024997711182,229.4873,2026-09-07 20:11:28,2026-09-07 16:15:05
NVDA,NVDA270917C00135000,NVDA,2027-09-17,C,135.0,103.65,187.0,105.45,37.0,0.441,738.0,1.0,0.9362,0.0012,0.3081,-0.0117,1.1072,104.7502,2.325,105.7,105.7,105.7,up,105.7,2026-09-04T11:48:44,2.24909,104.200000762939,229.4873,2026-09-07 20:11:28,2026-09-07 16:15:05
NVDA,NVDA270917C00140000,NVDA,2027-09-17,C,140.0,99.45,195.0,101.9,267.0,0.4461,1113.0,2.0,0.9269,0.0014,0.3381,-0.0136,1.1284,100.5434,3.7,100.05,103.2,100.05,up,103.2,2026-09-04T10:17:00,3.71859,100.549999237061,229.4873,2026-09-07 20:11:28,2026-09-07 16:15:05
NVDA,NVDA270917C00145000,NVDA,2027-09-17,C,145.0,95.6,15.0,97.75,103.0,0.4444,474.0,1.0,0.9166,0.0016,0.3734,-0.0156,1.147,96.4097,1.625,96.7,96.7,96.7,up,96.7,2026-09-04T14:45:45,1.70918,96.4249992370606,229.4873,2026-09-07 20:11:28,2026-09-07 16:15:05
NVDA,NVDA270917C00150000,NVDA,2027-09-17,C,150.0,90.95,241.0,93.3,100.0,0.4269,1619.0,19.0,0.9054,0.0017,0.4075,-0.0176,1.1615,92.3598,3.175,95.0,95.0,91.75,up,94.0,2026-09-04T12:51:09,3.49573,91.7999992370606,229.4873,2026-09-07 20:11:28,2026-09-07 16:15:05
NVDA,NVDA270917C00155000,NVDA,2027-09-17,C,155.0,87.65,15.0,89.2,15.0,0.4295,559.0,0.0,0.8933,0.0019,0.4423,-0.0196,1.1745,88.3932,0.0,0.0,0.0,0.0,up,87.45,2026-09-03T15:50:15,0.0,88.25,229.4873,2026-09-07 20:11:28,2026-09-07 16:15:05
NVDA,NVDA270917C00160000,NVDA,2027-09-17,C,160.0,83.8,74.0,85.85,200.0,0.4315,1456.0,18.0,0.8802,0.0021,0.4794,-0.0217,1.1834,84.5194,1.375,88.0,88.15,84.3,no_change,84.65,2026-09-04T14:46:59,1.65115,84.2999992370606,229.4873,2026-09-07 20:11:28,2026-09-07 16:15:05
NVDA,NVDA270917C00165000,NVDA,2027-09-17,C,165.0,79.95,69.0,81.45,36.0,0.421,456.0,15.0,0.8663,0.0022,0.5153,-0.0238,1.1887,80.7412,1.875,84.0,84.4,81.2,no_change,81.2,2026-09-04T13:22:30,2.36369,80.9000015258789,229.4873,2026-09-07 20:11:28,2026-09-07 16:15:05
NVDA,NVDA270917C00170000,NVDA,2027-09-17,C,170.0,76.85,11.0,77.85,88.0,0.4241,706.0,15.0,0.8515,0.0024,0.5526,-0.0259,1.1931,77.0606,3.15,80.78,80.9,78.0,up,78.7,2026-09-04T13:45:17,4.16943,77.125,229.4873,2026-09-07 20:11:28,2026-09-07 16:15:05
NVDA,NVDA270917C00175000,NVDA,2027-09-17,C,175.0,72.6,94.0,74.0,9.0,0.413,793.0,9.0,0.8358,0.0026,0.5884,-0.0279,1.1924,73.4858,1.135,74.65,77.0,73.31,down,73.31,2026-09-04T15:25:57,1.57257,73.5249977111816,229.4873,2026-09-07 20:11:28,2026-09-07 16:15:05
NVDA,NVDA270917C00180000,NVDA,2027-09-17,C,180.0,69.15,86.0,70.65,33.0,0.4118,955.0,22.0,0.8194,0.0028,0.6232,-0.0299,1.189,70.016,1.475,73.0,73.15,69.9,down,69.9,2026-09-04T15:07:21,2.15565,69.7749977111816,229.4873,2026-09-07 20:11:28,2026-09-07 16:15:05
NVDA,NVDA270917C00185000,NVDA,2027-09-17,C,185.0,65.75,221.0,67.9,93.0,0.414,855.0,12.0,0.8022,0.0029,0.6586,-0.0318,1.1848,66.6555,2.8,68.83,70.1,67.94,up,68.2,2026-09-04T11:07:19,4.28135,66.5999984741211,229.4873,2026-09-07 20:11:28,2026-09-07 16:15:05
NVDA,NVDA270917C00190000,NVDA,2027-09-17,C,190.0,63.0,38.0,64.0,38.0,0.4108,1541.0,38.0,0.7844,0.0031,0.6916,-0.0337,1.1758,63.4062,1.96,64.73,66.2,64.11,down,64.11,2026-09-04T13:18:55,3.15366,63.6499977111816,229.4873,2026-09-07 20:11:28,2026-09-07 16:15:05
NVDA,NVDA270917C00195000,NVDA,2027-09-17,C,195.0,59.95,38.0,60.85,32.0,0.409,1156.0,4.0,0.7661,0.0032,0.7235,-0.0354,1.1656,60.2931,2.925,61.9,62.78,61.9,down,62.1,2026-09-04T11:09:40,4.94296,60.3999996185303,229.4873,2026-09-07 20:11:28,2026-09-07 16:15:05
NVDA,NVDA270917C00200000,NVDA,2027-09-17,C,200.0,56.25,119.0,58.05,177.0,0.4106,3108.0,133.0,0.7471,0.0034,0.7535,-0.0371,1.1532,57.2449,1.515,57.4,60.5,56.96,up,57.49,2026-09-04T15:57:44,2.70656,56.8500003814697,229.4873,2026-09-07 20:11:28,2026-09-07 16:15:05
NVDA,NVDA270917C00205000,NVDA,2027-09-17,C,205.0,54.0,81.0,55.45,104.0,0.4093,2156.0,27.0,0.7278,0.0035,0.7812,-0.0386,1.138,54.3341,1.575,53.75,57.41,53.75,down,54.7,2026-09-04T12:57:55,2.96471,54.0499992370606,229.4873,2026-09-07 20:11:28,2026-09-07 16:15:05
NVDA,NVDA270917C00210000,NVDA,2027-09-17,C,210.0,50.8,100.0,52.2,50.0,0.4024,3286.0,107.0,0.7081,0.0037,0.8074,-0.0401,1.1254,51.5365,0.855,53.64,54.75,51.38,down,51.38,2026-09-04T15:29:59,1.69223,51.4249992370606,229.4873,2026-09-07 20:11:28,2026-09-07 16:15:05
NVDA,NVDA270917C00215000,NVDA,2027-09-17,C,215.0,48.65,26.0,49.9,70.0,0.4066,1503.0,44.0,0.6881,0.0038,0.8309,-0.0414,1.1137,48.8536,1.295,49.36,51.4,48.75,up,48.92,2026-09-04T14:16:59,2.71916,48.9249992370606,229.4873,2026-09-07 20:11:28,2026-09-07 16:15:05
NVDA,NVDA270917C00220000,NVDA,2027-09-17,C,220.0,45.75,230.0,47.0,198.0,0.4018,4468.0,615.0,0.668,0.0039,0.852,-0.0425,1.1042,46.2821,1.025,46.23,49.35,46.05,down,46.15,2026-09-04T15:32:20,2.27147,46.1999988555908,229.4873,2026-09-07 20:11:28,2026-09-07 16:15:05
NVDA,NVDA270917C00225000,NVDA,2027-09-17,C,225.0,43.25,129.0,44.25,35.0,0.3982,6427.0,256.0,0.6477,0.004,0.8708,-0.0436,1.0808,43.8221,1.45,43.62,46.66,43.62,up,44.05,2026-09-04T15:21:44,3.40376,43.7749996185303,229.4873,2026-09-07 20:11:28,2026-09-07 16:15:05
NVDA,NVDA270917C00230000,NVDA,2027-09-17,C,230.0,41.4,33.0,41.85,33.0,0.3998,2756.0,185.0,0.6275,0.0041,0.8871,-0.0445,1.0567,41.4925,1.63,41.0,44.3,41.0,down,41.83,2026-09-04T15:53:20,4.05473,41.4750003814697,229.4873,2026-09-07 20:11:28,2026-09-07 16:15:05
NVDA,NVDA270917C00235000,NVDA,2027-09-17,C,235.0,39.15,30.0,39.8,17.0,0.4,1703.0,197.0,0.6071,0.0042,0.9008,-0.0452,1.0321,39.2474,1.1,40.17,42.32,39.15,up,39.3,2026-09-04T15:46:19,2.87958,39.1499996185303,229.4873,2026-09-07 20:11:28,2026-09-07 16:15:05
NVDA,NVDA270917C00240000,NVDA,2027-09-17,C,240.0,36.65,121.0,37.55,97.0,0.3966,4443.0,963.0,0.5869,0.0042,0.912,-0.0458,1.0057,37.1064,1.35,36.95,39.5,36.9,up,37.4,2026-09-04T15:57:04,3.7448,36.9500007629394,229.4873,2026-09-07 20:11:28,2026-09-07 16:15:05
NVDA,NVDA270917C00245000,NVDA,2027-09-17,C,245.0,34.65,32.0,35.7,95.0,0.3971,1312.0,624.0,0.5667,0.0043,0.9207,-0.0463,0.9783,35.0684,1.095,36.25,37.27,35.06,up,35.17,2026-09-04T14:18:00,3.2135,34.9500007629394,229.4873,2026-09-07 20:11:28,2026-09-07 16:15:05
NVDA,NVDA270917C00250000,NVDA,2027-09-17,C,250.0,32.9,93.0,33.6,152.0,0.3966,4313.0,832.0,0.5468,0.0043,0.9271,-0.0467,0.9512,33.1301,1.425,33.05,35.3,32.67,down,33.55,2026-09-04T13:44:15,4.4358,33.0249996185303,229.4873,2026-09-07 20:11:28,2026-09-07 16:15:05
NVDA,NVDA270917C00255000,NVDA,2027-09-17,C,255.0,31.2,30.0,31.85,16.0,0.3973,1424.0,714.0,0.5271,0.0043,0.9312,-0.0469,0.9237,31.2874,1.17,32.26,33.5,31.3,up,31.32,2026-09-04T14:42:32,3.8806,31.1750001907349,229.4873,2026-09-07 20:11:28,2026-09-07 16:15:05
NVDA,NVDA270917C00260000,NVDA,2027-09-17,C,260.0,29.45,29.0,30.1,16.0,0.3968,2880.0,260.0,0.5077,0.0043,0.9328,-0.047,0.895,29.5386,1.025,30.05,31.65,29.65,down,29.65,2026-09-04T13:34:04,3.58079,29.4250001907349,229.4873,2026-09-07 20:11:28,2026-09-07 16:15:05
NVDA,NVDA270917C00265000,NVDA,2027-09-17,C,265.0,27.8,28.0,28.45,40.0,0.3964,2270.0,310.0,0.4886,0.0043,0.9324,-0.0471,0.8664,27.8814,1.325,29.66,30.0,28.2,down,28.2,2026-09-04T15:55:08,4.93023,27.7249994277954,229.4873,2026-09-07 20:11:28,2026-09-07 16:15:05
NVDA,NVDA270917C00270000,NVDA,2027-09-17,C,270.0,25.75,36.0,27.05,27.0,0.3944,2805.0,276.0,0.4699,0.0043,0.9302,-0.047,0.8387,26.311,1.15,27.5,28.01,26.4,no_change,26.5,2026-09-04T14:48:22,4.53649,26.2249994277954,229.4873,2026-09-07 20:11:28,2026-09-07 16:15:05
NVDA,NVDA270917C00275000,NVDA,2027-09-17,C,275.0,24.75,28.0,25.3,17.0,0.3953,1851.0,13.0,0.4516,0.0043,0.926,-0.0468,0.8106,24.8238,0.575,24.05,26.53,24.05,down,24.5,2026-09-04T15:35:02,2.40334,24.8499994277954,229.4873,2026-09-07 20:11:28,2026-09-07 16:15:05
NVDA,NVDA270917C00280000,NVDA,2027-09-17,C,280.0,23.0,61.0,23.75,41.0,0.3924,3185.0,175.0,0.4338,0.0043,0.9197,-0.0465,0.7821,23.4177,0.9,23.75,25.2,23.35,down,23.35,2026-09-04T15:43:23,4.00891,23.3249998092651,229.4873,2026-09-07 20:11:28,2026-09-07 16:15:05
NVDA,NVDA270917C00285000,NVDA,2027-09-17,C,285.0,21.65,51.0,22.6,58.0,0.3933,1814.0,54.0,0.4164,0.0042,0.9118,-0.0462,0.7539,22.112,1.125,21.89,23.6,21.89,up,22.25,2026-09-04T13:41:31,5.32544,22.0249996185303,229.4873,2026-09-07 20:11:28,2026-09-07 16:15:05
NVDA,NVDA270917C00290000,NVDA,2027-09-17,C,290.0,20.65,3.0,21.1,16.0,0.3934,2118.0,8.0,0.3993,0.0042,0.9028,-0.0457,0.7271,20.8221,1.15,22.02,22.02,20.56,up,21.0,2026-09-04T15:57:40,5.79345,20.75,229.4873,2026-09-07 20:11:28,2026-09-07 16:15:05
NVDA,NVDA270917C00295000,NVDA,2027-09-17,C,295.0,19.25,19.0,20.2,47.0,0.3934,1524.0,5.0,0.3829,0.0042,0.8923,-0.0451,0.7004,19.6377,0.9,20.5,20.5,19.7,down,19.7,2026-09-04T13:58:45,4.78723,19.5249996185303,229.4873,2026-09-07 20:11:28,2026-09-07 16:15:05
NVDA,NVDA270917C00300000,NVDA,2027-09-17,C,300.0,18.1,78.0,19.0,131.0,0.3928,5222.0,709.0,0.3671,0.0041,0.8804,-0.0446,0.6737,18.5478,0.8,18.4,20.0,18.3,up,18.4,2026-09-04T15:46:46,4.54546,18.5,229.4873,2026-09-07 20:11:28,2026-09-07 16:15:05
NVDA,NVDA270917C00310000,NVDA,2027-09-17,C,310.0,15.8,10.0,16.85,16.0,0.3936,2263.0,61.0,0.3366,0.004,0.8535,-0.0432,0.6227,16.4763,0.96,17.0,17.8,16.37,down,16.61,2026-09-04T15:01:52,6.13419,16.3499994277954,229.4873,2026-09-07 20:11:28,2026-09-07 16:15:05
NVDA,NVDA270917C00320000,NVDA,2027-09-17,C,320.0,14.45,10.0,14.85,6.0,0.3925,2780.0,28.0,0.3084,0.0038,0.8236,-0.0417,0.5745,14.6603,1.15,15.2,15.69,15.05,down,15.05,2026-09-04T11:00:10,8.27338,14.5500001907349,229.4873,2026-09-07 20:11:28,2026-09-07 16:15:05
NVDA,NVDA270917C00330000,NVDA,2027-09-17,C,330.0,12.85,12.0,13.25,14.0,0.3928,1720.0,46.0,0.2824,0.0037,0.791,-0.0401,0.529,13.0714,0.775,12.8,14.0,12.8,up,13.15,2026-09-04T15:52:14,6.26263,12.9249997138977,229.4873,2026-09-07 20:11:28,2026-09-07 16:15:05
NVDA,NVDA270917C00340000,NVDA,2027-09-17,C,340.0,11.45,40.0,11.8,74.0,0.3933,2488.0,67.0,0.2581,0.0035,0.7571,-0.0384,0.4868,11.6386,0.55,12.23,12.23,11.5,down,11.5,2026-09-04T15:35:51,5.02283,11.5999999046326,229.4873,2026-09-07 20:11:28,2026-09-07 16:15:05
NVDA,NVDA270917C00350000,NVDA,2027-09-17,C,350.0,10.2,5.0,10.8,45.0,0.3959,1177.0,101.0,0.2356,0.0033,0.7209,-0.0366,0.446,10.3603,0.525,10.3,11.15,10.3,no_change,10.3,2026-09-04T15:29:30,5.37084,10.3999996185303,229.4873,2026-09-07 20:11:28,2026-09-07 16:15:05
NVDA,NVDA270917C00360000,NVDA,2027-09-17,C,360.0,8.85,283.0,9.4,34.0,0.3927,621.0,28.0,0.2154,0.0032,0.6859,-0.0348,0.4099,9.2592,0.925,9.4,9.85,9.4,down,9.5,2026-09-04T13:00:59,10.7872,9.17500019073486,229.4873,2026-09-07 20:11:28,2026-09-07 16:15:05
NVDA,NVDA270917C00370000,NVDA,2027-09-17,C,370.0,8.1,54.0,8.4,24.0,0.3951,6620.0,1.0,0.1965,0.003,0.6502,-0.033,0.3756,8.2577,1.1,8.75,8.75,8.75,up,8.75,2026-09-04T10:07:54,14.3791,8.2000002861023,229.4873,2026-09-07 20:11:28,2026-09-07 16:15:05
NVDA,NVDA270917C00380000,NVDA,2027-09-17,C,380.0,7.2,62.0,7.6,102.0,0.3963,632.0,37.0,0.1797,0.0028,0.6152,-0.0313,0.3442,7.4022,0.5,7.45,7.77,7.4,up,7.45,2026-09-04T15:51:31,7.19424,7.29999995231628,229.4873,2026-09-07 20:11:28,2026-09-07 16:15:05
NVDA,NVDA270917C00390000,NVDA,2027-09-17,C,390.0,6.3,58.0,7.05,103.0,0.398,864.0,25.0,0.1642,0.0027,0.5815,-0.0296,0.3159,6.6327,0.78,6.65,7.1,6.65,down,6.98,2026-09-04T10:07:36,12.5806,6.67499995231628,229.4873,2026-09-07 20:11:28,2026-09-07 16:15:05
NVDA,NVDA270917C00400000,NVDA,2027-09-17,C,400.0,5.8,40.0,6.15,60.0,0.3987,1309.0,106.0,0.1501,0.0025,0.5487,-0.028,0.2895,5.9519,0.33,6.0,6.07,5.6,no_change,5.93,2026-09-04T15:28:38,5.89286,5.97499990463257,229.4873,2026-09-07 20:11:28,2026-09-07 16:15:05
NVDA,NVDA270917C00410000,NVDA,2027-09-17,C,410.0,5.0,258.0,5.5,117.0,0.3974,125.0,0.0,0.1373,0.0023,0.5165,-0.0264,0.2652,5.3507,0.0,0.0,0.0,0.0,up,5.1,2026-09-03T13:45:33,0.0,5.29999995231628,229.4873,2026-09-07 20:11:28,2026-09-07 16:15:05
NVDA,NVDA270917C00420000,NVDA,2027-09-17,C,420.0,4.65,22.0,5.1,49.0,0.4018,842.0,0.0,0.1257,0.0022,0.4865,-0.0249,0.2436,4.8188,0.0,0.0,0.0,0.0,up,4.6,2026-09-03T14:05:19,0.0,4.77500009536743,229.4873,2026-09-07 20:11:28,2026-09-07 16:15:05
NVDA,NVDA270917C00430000,NVDA,2027-09-17,C,430.0,4.05,71.0,4.7,62.0,0.4024,244.0,69.0,0.1152,0.0021,0.458,-0.0234,0.2237,4.3474,0.425,4.65,4.65,4.35,no_change,4.35,2026-09-04T14:39:07,10.828,4.34999990463257,229.4873,2026-09-07 20:11:28,2026-09-07 16:15:05
NVDA,NVDA270917C00440000,NVDA,2027-09-17,C,440.0,3.8,52.0,4.35,104.0,0.4066,270.0,15.0,0.1056,0.0019,0.4305,-0.0221,0.2053,3.93,0.4,4.1,4.15,4.05,down,4.05,2026-09-04T10:12:06,10.9589,3.875,229.4873,2026-09-07 20:11:28,2026-09-07 16:15:05
NVDA,NVDA270917C00450000,NVDA,2027-09-17,C,450.0,3.5,13.0,3.9,93.0,0.4043,1580.0,115.0,0.097,0.0018,0.4046,-0.0208,0.1888,3.5601,0.225,3.71,3.8,3.45,down,3.55,2026-09-04T15:59:15,6.76692,3.55000007152557,229.4873,2026-09-07 20:11:28,2026-09-07 16:15:05
NVDA,NVDA270917C00455000,NVDA,2027-09-17,C,455.0,3.2,105.0,3.8,265.0,0.4081,366.0,121.0,0.093,0.0018,0.3925,-0.0202,0.1813,3.3908,0.265,3.39,3.39,3.38,no_change,3.39,2026-09-04T14:29:06,8.48,3.30000007152557,229.4873,2026-09-07 20:11:28,2026-09-07 16:15:05
NVDA,NVDA270917C00460000,NVDA,2027-09-17,C,460.0,3.1,95.0,3.45,94.0,0.4072,1656.0,184.0,0.0891,0.0017,0.3808,-0.0196,0.1741,3.2311,0.165,3.4,3.4,3.0,up,3.23,2026-09-04T15:06:05,5.38336,3.22500002384186,229.4873,2026-09-07 20:11:28,2026-09-07 16:15:05
NVDA,NVDA270917P00055000,NVDA,2027-09-17,P,55.0,0.15,251.0,0.39,20.0,0.6398,2956.0,53.0,-0.006,0.0001,0.0402,-0.0034,-0.0172,0.3593,-0.005,0.34,0.35,0.34,up,0.35,2026-09-04T14:03:31,-1.40845,0.269999995827675,229.4873,2026-09-07 20:11:28,2026-09-07 16:15:05
NVDA,NVDA270917P00060000,NVDA,2027-09-17,P,60.0,0.2,84.0,0.68,55.0,0.6454,345.0,0.0,-0.0072,0.0001,0.0471,-0.0038,-0.0204,0.4204,0.0,0.0,0.0,0.0,no_change,0.42,2026-09-03T12:42:33,0.0,0.424999989569187,229.4873,2026-09-07 20:11:28,2026-09-07 16:15:05
NVDA,NVDA270917P00065000,NVDA,2027-09-17,P,65.0,0.12,70.0,0.75,51.0,0.6388,244.0,0.0,-0.0085,0.0002,0.0548,-0.0043,-0.0241,0.4913,0.0,0.0,0.0,0.0,up,0.55,2026-08-27T10:25:09,0.0,0.579999998211861,229.4873,2026-09-07 20:11:28,2026-09-07 16:15:05
NVDA,NVDA270917P00070000,NVDA,2027-09-17,P,70.0,0.0,0.0,1.15,51.0,0.6081,483.0,0.0,-0.0101,0.0002,0.0636,-0.0048,-0.0284,0.5715,0.0,0.0,0.0,0.0,down,0.58,2026-08-31T10:17:53,0.0,0.550000011920929,229.4873,2026-09-07 20:11:28,2026-09-07 16:15:05
NVDA,NVDA270917P00075000,NVDA,2027-09-17,P,75.0,0.54,3.0,0.99,10.0,0.5743,170.0,0.0,-0.0119,0.0002,0.0736,-0.0054,-0.0334,0.6626,0.0,0.0,0.0,0.0,down,0.65,2026-09-02T14:10:20,0.0,0.640000000596046,229.4873,2026-09-07 20:11:28,2026-09-07 16:15:05
NVDA,NVDA270917P00080000,NVDA,2027-09-17,P,80.0,0.71,5.0,0.8,1.0,0.5626,337.0,2.0,-0.014,0.0003,0.0842,-0.006,-0.0387,0.7662,-0.005,0.75,0.75,0.75,down,0.75,2026-09-04T10:48:30,-0.662251,0.754999995231628,229.4873,2026-09-07 20:11:28,2026-09-07 16:15:05
NVDA,NVDA270917P00085000,NVDA,2027-09-17,P,85.0,0.5,45.0,1.66,55.0,0.5592,394.0,0.0,-0.0163,0.0003,0.096,-0.0067,-0.045,0.8838,0.0,0.0,0.0,0.0,down,0.89,2026-09-02T09:30:00,0.0,0.925000011920929,229.4873,2026-09-07 20:11:28,2026-09-07 16:15:05
NVDA,NVDA270917P00090000,NVDA,2027-09-17,P,90.0,0.7,26.0,1.07,21.0,0.5331,759.0,180.0,-0.019,0.0004,0.1101,-0.0074,-0.0522,1.0188,0.11,1.0,1.02,0.97,no_change,1.02,2026-09-04T15:09:03,12.0879,1.0349999666214,229.4873,2026-09-07 20:11:28,2026-09-07 16:15:05
NVDA,NVDA270917P00095000,NVDA,2027-09-17,P,95.0,0.83,114.0,1.35,29.0,0.5256,884.0,80.0,-0.0221,0.0004,0.1244,-0.0082,-0.0604,1.1752,-0.03,1.12,1.12,1.12,down,1.12,2026-09-04T10:25:50,-2.6087,1.18999999761581,229.4873,2026-09-07 20:11:28,2026-09-07 16:15:05
NVDA,NVDA270917P00100000,NVDA,2027-09-17,P,100.0,1.32,12.0,1.59,81.0,0.5146,2333.0,43.0,-0.0256,0.0005,0.1407,-0.0091,-0.0697,1.3556,-0.01,1.24,1.4,1.24,down,1.34,2026-09-04T15:47:06,-0.740738,1.31999999284744,229.4873,2026-09-07 20:11:28,2026-09-07 16:15:05
NVDA,NVDA270917P00105000,NVDA,2027-09-17,P,105.0,1.52,12.0,1.82,54.0,0.5027,594.0,0.0,-0.0296,0.0006,0.1599,-0.0101,-0.0806,1.5654,0.0,0.0,0.0,0.0,up,1.76,2026-08-28T14:30:18,0.0,1.58000004291534,229.4873,2026-09-07 20:11:28,2026-09-07 16:15:05
NVDA,NVDA270917P00110000,NVDA,2027-09-17,P,110.0,1.5,248.0,1.96,45.0,0.4785,1220.0,30.0,-0.0343,0.0007,0.1795,-0.0112,-0.0928,1.8111,-0.1,1.67,1.67,1.67,no_change,1.67,2026-09-04T10:22:46,-5.64972,1.79499995708466,229.4873,2026-09-07 20:11:28,2026-09-07 16:15:05
NVDA,NVDA270917P00115000,NVDA,2027-09-17,P,115.0,2.05,5.0,2.29,26.0,0.4802,962.0,164.0,-0.0396,0.0008,0.2017,-0.0124,-0.1066,2.0961,-0.01,2.01,2.07,1.98,up,2.07,2026-09-04T13:10:07,-0.480766,2.07499992847443,229.4873,2026-09-07 20:11:28,2026-09-07 16:15:05
NVDA,NVDA270917P00120000,NVDA,2027-09-17,P,120.0,2.07,87.0,2.55,101.0,0.4696,3449.0,128.0,-0.0457,0.0009,0.2272,-0.0136,-0.1226,2.4277,0.025,2.24,2.42,2.24,up,2.42,2026-09-04T15:55:20,1.04384,2.40499997138977,229.4873,2026-09-07 20:11:28,2026-09-07 16:15:05
NVDA,NVDA270917P00125000,NVDA,2027-09-17,P,125.0,2.46,242.0,3.05,192.0,0.4642,3841.0,20.0,-0.0526,0.001,0.2528,-0.015,-0.1409,2.8133,0.06,2.64,2.79,2.64,up,2.79,2026-09-04T13:20:32,2.1978,2.86000001430512,229.4873,2026-09-07 20:11:28,2026-09-07 16:15:05
NVDA,NVDA270917P00130000,NVDA,2027-09-17,P,130.0,3.15,18.0,3.3,3.0,0.4526,3744.0,35.0,-0.0603,0.0011,0.2811,-0.0165,-0.1603,3.2563,0.02,3.05,3.22,3.03,up,3.22,2026-09-04T14:56:14,0.625002,3.14999997615814,229.4873,2026-09-07 20:11:28,2026-09-07 16:15:05
NVDA,NVDA270917P00135000,NVDA,2027-09-17,P,135.0,3.55,82.0,3.95,104.0,0.4472,2480.0,15.0,-0.0689,0.0013,0.3128,-0.0181,-0.1836,3.7651,-0.155,3.34,3.52,3.34,up,3.52,2026-09-04T11:50:19,-4.21769,3.67499995231628,229.4873,2026-09-07 20:11:28,2026-09-07 16:15:05
NVDA,NVDA270917P00140000,NVDA,2027-09-17,P,140.0,4.25,89.0,4.4,21.0,0.4416,5590.0,234.0,-0.0784,0.0014,0.3442,-0.0198,-0.2075,4.3453,-0.05,4.05,4.25,3.9,up,4.25,2026-09-04T13:01:06,-1.16279,4.32500004768372,229.4873,2026-09-07 20:11:28,2026-09-07 16:15:05
NVDA,NVDA270917P00145000,NVDA,2027-09-17,P,145.0,4.8,113.0,5.1,14.0,0.4352,4448.0,5.0,-0.089,0.0016,0.3781,-0.0216,-0.2338,5.0016,0.15,4.8,5.05,4.8,up,5.05,2026-09-04T15:22:00,3.06122,4.97499990463257,229.4873,2026-09-07 20:11:28,2026-09-07 16:15:05
NVDA,NVDA270917P00150000,NVDA,2027-09-17,P,150.0,5.5,213.0,6.5,20.0,0.4305,7448.0,304.0,-0.1005,0.0018,0.4132,-0.0234,-0.2651,5.743,0.05,5.27,5.8,5.27,no_change,5.75,2026-09-04T14:48:50,0.877192,5.70000004768372,229.4873,2026-09-07 20:11:28,2026-09-07 16:15:05
NVDA,NVDA270917P00155000,NVDA,2027-09-17,P,155.0,5.75,117.0,7.0,71.0,0.4328,2283.0,10.0,-0.113,0.0019,0.4493,-0.0252,-0.2958,6.5712,0.15,6.65,6.65,6.65,down,6.65,2026-09-04T15:46:52,2.30769,6.59999990463257,229.4873,2026-09-07 20:11:28,2026-09-07 16:15:05
NVDA,NVDA270917P00160000,NVDA,2027-09-17,P,160.0,7.4,1.0,7.6,24.0,0.4253,4524.0,5.0,-0.1265,0.0021,0.4868,-0.0272,-0.3291,7.4928,0.075,7.01,7.51,6.85,down,7.5,2026-09-04T15:57:33,1.0101,7.5,229.4873,2026-09-07 20:11:28,2026-09-07 16:15:05
NVDA,NVDA270917P00165000,NVDA,2027-09-17,P,165.0,8.2,56.0,8.65,55.0,0.4201,1716.0,2.0,-0.141,0.0023,0.5233,-0.0291,-0.3668,8.5154,-0.3,8.0,8.15,8.0,up,8.15,2026-09-04T11:27:51,-3.5503,8.52499961853027,229.4873,2026-09-07 20:11:28,2026-09-07 16:15:05
NVDA,NVDA270917P00170000,NVDA,2027-09-17,P,170.0,9.4,43.0,9.8,39.0,0.4182,3987.0,60.0,-0.1564,0.0025,0.56,-0.031,-0.4032,9.6402,0.02,9.1,9.64,9.0,down,9.62,2026-09-04T15:08:33,0.208334,9.625,229.4873,2026-09-07 20:11:28,2026-09-07 16:15:05
NVDA,NVDA270917P00175000,NVDA,2027-09-17,P,175.0,10.35,42.0,11.0,22.0,0.4166,3349.0,16.0,-0.1727,0.0027,0.5974,-0.0329,-0.4451,10.8716,-0.025,10.15,10.83,10.15,down,10.8,2026-09-04T14:55:31,-0.230945,10.9250001907349,229.4873,2026-09-07 20:11:28,2026-09-07 16:15:05
NVDA,NVDA270917P00180000,NVDA,2027-09-17,P,180.0,12.05,22.0,12.4,44.0,0.4138,8246.0,275.0,-0.1898,0.0029,0.6328,-0.0348,-0.4861,12.2153,0.085,11.75,12.26,11.4,up,12.26,2026-09-04T14:56:29,0.69815,12.25,229.4873,2026-09-07 20:11:28,2026-09-07 16:15:05
NVDA,NVDA270917P00185000,NVDA,2027-09-17,P,185.0,13.45,11.0,14.2,28.0,0.4107,3154.0,67.0,-0.2078,0.0031,0.6671,-0.0366,-0.5271,13.6725,0.075,12.95,13.7,12.9,no_change,13.7,2026-09-04T15:31:00,0.550459,13.625,229.4873,2026-09-07 20:11:28,2026-09-07 16:15:05
NVDA,NVDA270917P00190000,NVDA,2027-09-17,P,190.0,14.8,157.0,15.4,49.0,0.4073,6320.0,172.0,-0.2265,0.0032,0.7015,-0.0384,-0.5727,15.2449,-0.05,14.55,15.3,14.35,down,15.25,2026-09-04T15:49:51,-0.326799,15.2750000953674,229.4873,2026-09-07 20:11:28,2026-09-07 16:15:05
NVDA,NVDA270917P00195000,NVDA,2027-09-17,P,195.0,16.1,49.0,17.15,22.0,0.4081,1866.0,71.0,-0.2459,0.0034,0.7327,-0.04,-0.6166,16.9368,0.05,16.05,17.05,15.9,up,17.05,2026-09-04T14:42:35,0.294118,16.9499998092651,229.4873,2026-09-07 20:11:28,2026-09-07 16:15:05
NVDA,NVDA270917P00200000,NVDA,2027-09-17,P,200.0,18.5,10.0,18.95,43.0,0.4055,5874.0,1135.0,-0.2659,0.0036,0.762,-0.0416,-0.6607,18.7484,0.2,18.3,18.9,17.5,no_change,18.9,2026-09-04T15:37:51,1.06952,18.8000001907349,229.4873,2026-09-07 20:11:28,2026-09-07 16:15:05
NVDA,NVDA270917P00205000,NVDA,2027-09-17,P,205.0,20.2,51.0,20.85,19.0,0.4049,3827.0,19.0,-0.2864,0.0038,0.7901,-0.0431,-0.708,20.6787,-0.275,19.65,20.35,19.32,up,20.35,2026-09-04T12:35:40,-1.33333,20.6500005722046,229.4873,2026-09-07 20:11:28,2026-09-07 16:15:05
NVDA,NVDA270917P00210000,NVDA,2027-09-17,P,210.0,22.25,75.0,22.95,52.0,0.4013,2571.0,41.0,-0.3074,0.0039,0.8152,-0.0445,-0.7514,22.731,-0.15,22.4,22.79,21.8,down,22.65,2026-09-04T14:45:20,-0.657896,22.8249998092651,229.4873,2026-09-07 20:11:28,2026-09-07 16:15:05
NVDA,NVDA270917P00215000,NVDA,2027-09-17,P,215.0,24.5,150.0,25.05,47.0,0.4,2606.0,109.0,-0.3288,0.0041,0.8374,-0.0458,-0.7956,24.9048,0.155,24.3,25.05,23.61,down,25.03,2026-09-04T15:37:16,0.623116,24.9250001907349,229.4873,2026-09-07 20:11:28,2026-09-07 16:15:05
NVDA,NVDA270917P00220000,NVDA,2027-09-17,P,220.0,26.75,203.0,27.3,47.0,0.3984,2736.0,74.0,-0.3505,0.0042,0.8575,-0.047,-0.8417,27.1959,-0.355,26.3,27.2,25.25,down,26.82,2026-09-04T14:48:24,-1.30635,27.1999998092651,229.4873,2026-09-07 20:11:28,2026-09-07 16:15:05
NVDA,NVDA270917P00225000,NVDA,2027-09-17,P,225.0,29.15,99.0,29.75,44.0,0.3975,1361.0,73.0,-0.3725,0.0043,0.8745,-0.048,-0.8828,29.6077,0.125,28.14,29.8,27.79,up,29.8,2026-09-04T15:30:12,0.421229,29.5999994277954,229.4873,2026-09-07 20:11:28,2026-09-07 16:15:05
NVDA,NVDA270917P00230000,NVDA,2027-09-17,P,230.0,31.65,44.0,32.25,36.0,0.3962,1929.0,127.0,-0.3946,0.0044,0.8885,-0.0489,-0.9255,32.1402,-0.05,31.0,32.38,30.3,no_change,32.1,2026-09-04T15:49:41,-0.155523,32.0750007629394,229.4873,2026-09-07 20:11:28,2026-09-07 16:15:05
NVDA,NVDA270917P00235000,NVDA,2027-09-17,P,235.0,34.2,43.0,34.9,58.0,0.3946,1134.0,20.0,-0.4169,0.0045,0.8993,-0.0497,-0.9631,34.785,-0.78,32.82,34.22,32.82,up,34.22,2026-09-04T11:53:10,-2.22857,34.7749996185303,229.4873,2026-09-07 20:11:28,2026-09-07 16:15:05
NVDA,NVDA270917P00240000,NVDA,2027-09-17,P,240.0,37.15,12.0,37.7,40.0,0.3953,1221.0,18.0,-0.4392,0.0046,0.9082,-0.0504,-1.0058,37.5462,-2.17,35.63,35.63,35.63,down,35.63,2026-09-04T09:57:08,-5.74074,37.4750003814697,229.4873,2026-09-07 20:11:28,2026-09-07 16:15:05
NVDA,NVDA270917P00245000,NVDA,2027-09-17,P,245.0,39.75,43.0,40.6,33.0,0.3932,763.0,0.0,-0.4615,0.0047,0.9125,-0.051,-1.0336,40.4224,0.0,0.0,0.0,0.0,up,40.37,2026-09-03T15:22:33,0.0,40.5249996185303,229.4873,2026-09-07 20:11:28,2026-09-07 16:15:05
NVDA,NVDA270917P00250000,NVDA,2027-09-17,P,250.0,43.05,2.0,43.5,12.0,0.3939,1746.0,34.0,-0.4837,0.0048,0.9146,-0.0514,-1.0656,43.4068,-0.7,42.5,42.75,41.6,down,42.7,2026-09-04T13:00:59,-1.6129,43.5,229.4873,2026-09-07 20:11:28,2026-09-07 16:15:05
NVDA,NVDA270917P00255000,NVDA,2027-09-17,P,255.0,46.1,1.0,46.7,16.0,0.3936,260.0,33.0,-0.5058,0.0048,0.9137,-0.0517,-1.0969,46.4987,-0.95,44.6,45.8,44.5,up,45.8,2026-09-04T13:01:07,-2.03209,46.5249996185303,229.4873,2026-09-07 20:11:28,2026-09-07 16:15:05
NVDA,NVDA270917P00260000,NVDA,2027-09-17,P,260.0,49.25,16.0,50.65,35.0,0.397,230.0,0.0,-0.5277,0.0049,0.9099,-0.052,-1.1185,49.696,0.0,0.0,0.0,0.0,up,50.3,2026-09-03T10:06:47,0.0,49.4500007629394,229.4873,2026-09-07 20:11:28,2026-09-07 16:15:05
NVDA,NVDA270917P00265000,NVDA,2027-09-17,P,265.0,51.9,89.0,53.15,16.0,0.3885,59.0,6.0,-0.5495,0.0049,0.9039,-0.0521,-1.146,52.9992,-2.19,50.46,50.46,50.46,down,50.46,2026-09-04T09:59:02,-4.15954,53.0750007629394,229.4873,2026-09-07 20:11:28,2026-09-07 16:15:05
NVDA,NVDA270917P00270000,NVDA,2027-09-17,P,270.0,55.9,16.0,56.65,46.0,0.392,121.0,1.0,-0.5709,0.005,0.8937,-0.0521,-1.1577,56.3991,-1.615,55.01,55.01,55.01,down,55.01,2026-09-04T12:10:13,-2.8521,56.2000007629394,229.4873,2026-09-07 20:11:28,2026-09-07 16:15:05
NVDA,NVDA270917P00275000,NVDA,2027-09-17,P,275.0,59.4,7.0,60.9,38.0,0.396,148.0,0.0,-0.5921,0.005,0.883,-0.0521,-1.1837,59.8946,0.0,0.0,0.0,0.0,up,62.37,2026-09-02T14:41:54,0.0,60.25,229.4873,2026-09-07 20:11:28,2026-09-07 16:15:05
NVDA,NVDA270917P00280000,NVDA,2027-09-17,P,280.0,62.0,40.0,64.55,16.0,0.3904,600.0,0.0,-0.6131,0.005,0.8654,-0.052,-1.1806,63.4858,0.0,0.0,0.0,0.0,up,70.05,2026-09-01T10:20:48,0.0,63.4499988555908,229.4873,2026-09-07 20:11:28,2026-09-07 16:15:05
NVDA,NVDA270917P00285000,NVDA,2027-09-17,P,285.0,65.55,111.0,68.3,58.0,0.3896,120.0,1.0,-0.6338,0.005,0.8513,-0.0519,-1.1991,67.1877,-2.66,64.64,64.64,64.64,down,64.64,2026-09-04T10:39:14,-3.95245,67.4749984741211,229.4873,2026-09-07 20:11:28,2026-09-07 16:15:05
NVDA,NVDA270917P00290000,NVDA,2027-09-17,P,290.0,70.25,15.0,71.75,29.0,0.3931,205.0,0.0,-0.654,0.005,0.8305,-0.0516,-1.1905,70.9561,0.0,0.0,0.0,0.0,up,78.0,2026-08-31T14:58:52,0.0,71.1750030517578,229.4873,2026-09-07 20:11:28,2026-09-07 16:15:05
NVDA,NVDA270917P00295000,NVDA,2027-09-17,P,295.0,73.75,14.0,75.9,14.0,0.3927,935.0,0.0,-0.6739,0.005,0.8113,-0.0513,-1.196,74.8059,0.0,0.0,0.0,0.0,down,77.4,2026-09-02T11:09:52,0.0,74.8250007629394,229.4873,2026-09-07 20:11:28,2026-09-07 16:15:05
NVDA,NVDA270917P00300000,NVDA,2027-09-17,P,300.0,77.9,16.0,79.95,38.0,0.3948,872.0,0.0,-0.6934,0.005,0.7839,-0.051,-1.1693,78.7402,0.0,0.0,0.0,0.0,down,82.7,2026-08-17T13:20:12,0.0,78.6749992370606,229.4873,2026-09-07 20:11:28,2026-09-07 16:15:05
NVDA,NVDA270917P00310000,NVDA,2027-09-17,P,310.0,84.8,107.0,87.4,14.0,0.3821,904.0,0.0,-0.731,0.005,0.7333,-0.0502,-1.1354,86.8368,0.0,0.0,0.0,0.0,down,103.21,2026-08-24T12:06:33,0.0,86.4000015258789,229.4873,2026-09-07 20:11:28,2026-09-07 16:15:05
NVDA,NVDA270917P00320000,NVDA,2027-09-17,P,320.0,90.0,2.0,96.55,9.0,0.3878,2742.0,0.0,-0.7675,0.005,0.6746,-0.0495,-1.0812,95.2167,0.0,0.0,0.0,0.0,up,104.33,2026-09-01T14:01:01,0.0,94.7249984741211,229.4873,2026-09-07 20:11:28,2026-09-07 16:15:05
NVDA,NVDA270917P00330000,NVDA,2027-09-17,P,330.0,99.0,61.0,107.75,1.0,0.3936,1304.0,0.0,-0.802,0.0049,0.6107,-0.0483,-1.0283,103.8652,0.0,0.0,0.0,0.0,down,111.75,2026-08-06T09:56:08,0.0,103.924999237061,229.4873,2026-09-07 20:11:28,2026-09-07 16:15:05
NVDA,NVDA270917P00340000,NVDA,2027-09-17,P,340.0,107.3,1.0,116.5,1.0,0.3937,3.0,0.0,-0.8356,0.0049,0.5311,-0.0478,-0.9258,112.7585,0.0,0.0,0.0,0.0,up,123.6,2026-09-01T15:31:44,0.0,112.525001525879,229.4873,2026-09-07 20:11:28,2026-09-07 16:15:05
NVDA,NVDA270917P00350000,NVDA,2027-09-17,P,350.0,116.45,1.0,125.6,1.0,0.3827,11.0,0.0,-0.8665,0.0048,0.453,-0.0466,-0.7974,121.8714,0.0,0.0,0.0,0.0,down,130.36,2026-08-31T15:58:33,0.0,121.825000762939,229.4873,2026-09-07 20:11:28,2026-09-07 16:15:05
NVDA,NVDA270917P00360000,NVDA,2027-09-17,P,360.0,126.0,2.0,135.15,1.0,0.3779,0.0,0.0,-0.8948,0.0045,0.3748,-0.0455,-0.6324,131.1805,0.0,0.0,0.0,0.0,up,157.45,2026-06-23T09:50:34,0.0,131.025001525879,229.4873,2026-09-07 20:11:28,2026-09-07 16:15:05
NVDA,NVDA270917P00370000,NVDA,2027-09-17,P,370.0,135.35,1.0,144.45,1.0,0.3684,0.0,0.0,-0.9211,0.0041,0.2875,-0.0445,-0.5233,140.6934,0.0,0.0,0.0,0.0,down,163.25,2026-06-05T12:31:42,0.0,140.5,229.4873,2026-09-07 20:11:28,2026-09-07 16:15:05
NVDA,NVDA270917P00380000,NVDA,2027-09-17,P,380.0,145.1,51.0,154.4,1.0,0.3477,0.0,0.0,-0.9429,0.0035,0.2158,-0.0388,-0.4143,150.3399,0.0,0.0,0.0,0.0,down,153.2,2026-05-14T09:33:08,0.0,150.175003051758,229.4873,2026-09-07 20:11:28,2026-09-07 16:15:05
NVDA,NVDA270917P00390000,NVDA,2027-09-17,P,390.0,155.0,2.0,163.95,1.0,0.0,0.0,0.0,-0.9605,0.0029,0.1559,-0.0291,-0.1886,160.0969,0.0,0.0,0.0,0.0,up,187.25,2026-07-20T15:14:30,0.0,160.25,229.4873,2026-09-07 20:11:28,2026-09-07 16:15:05
NVDA,NVDA270917P00400000,NVDA,2027-09-17,P,400.0,165.0,51.0,173.8,51.0,0.3836,0.0,0.0,-0.9741,0.0021,0.0807,-0.0105,-0.1705,169.9844,0.0,0.0,0.0,0.0,down,178.0,2026-08-27T09:35:10,0.0,170.175003051758,229.4873,2026-09-07 20:11:28,2026-09-07 16:15:05
NVDA,NVDA270917P00410000,NVDA,2027-09-17,P,410.0,175.0,2.0,184.15,1.0,0.392,0.0,0.0,-0.9843,0.0015,0.0551,0.0,-0.1232,179.9074,0.0,0.0,0.0,0.0,up,191.37,2026-05-21T15:05:11,0.0,180.175003051758,229.4873,2026-09-07 20:11:28,2026-09-07 16:15:05
NVDA,NVDA270917P00420000,NVDA,2027-09-17,P,420.0,185.0,51.0,194.0,1.0,0.0,0.0,0.0,-0.9916,0.001,0.0374,0.0,-0.0826,189.8578,0.0,0.0,0.0,0.0,no_change,0.0,,0.0,190.150001525879,229.4873,2026-09-07 20:11:28,2026-09-07 16:15:05
NVDA,NVDA270917P00430000,NVDA,2027-09-17,P,430.0,195.0,2.0,203.75,1.0,0.0,0.0,0.0,-0.9951,0.0006,0.0014,0.0,-0.0353,199.8494,0.0,0.0,0.0,0.0,no_change,0.0,,0.0,200.0,229.4873,2026-09-07 20:11:28,2026-09-07 16:15:05
NVDA,NVDA270917P00440000,NVDA,2027-09-17,P,440.0,205.0,51.0,213.75,51.0,0.4326,0.0,0.0,-0.9976,0.0003,0.0,0.0,-0.0362,209.8458,0.0,0.0,0.0,0.0,no_change,0.0,,0.0,210.0,229.4873,2026-09-07 20:11:28,2026-09-07 16:15:05
NVDA,NVDA270917P00450000,NVDA,2027-09-17,P,450.0,215.0,55.0,224.0,1.0,0.0,0.0,0.0,-0.9992,0.0001,0.0,0.0,-0.037,219.8422,0.0,0.0,0.0,0.0,no_change,0.0,,0.0,219.974998474121,229.4873,2026-09-07 20:11:28,2026-09-07 16:15:05
NVDA,NVDA270917P00455000,NVDA,2027-09-17,P,455.0,220.0,2.0,228.75,1.0,0.0,0.0,0.0,-0.9998,0.0,0.0,0.0,-0.0374,224.8404,0.0,0.0,0.0,0.0,no_change,0.0,,0.0,224.974998474121,229.4873,2026-09-07 20:11:28,2026-09-07 16:15:05
NVDA,NVDA270917P00460000,NVDA,2027-09-17,P,460.0,225.0,2.0,233.9,1.0,0.0,1.0,1.0,-1.0,0.0,0.0,0.0,-0.0378,229.8386,-2.4,228.35,228.35,228.35,down,228.35,2026-09-04T12:54:29,-1.04009,229.974998474121,229.4873,2026-09-07 20:11:28,2026-09-07 16:15:05
NVDA,NVDA271217C00005000,NVDA,2027-12-17,C,5.0,220.0,2.0,230.0,2.0,0.0,15890.0,1.0,1.0,0.0,0.0017,0.0,0.0304,225.6097,5.56,228.96,228.96,228.96,up,228.96,2026-09-04T10:32:28,2.48881,224.900001525879,229.4873,2026-09-07 20:11:28,2026-09-07 16:15:05
NVDA,NVDA271217C00010000,NVDA,2027-12-17,C,10.0,215.0,2.0,225.0,2.0,0.0,343.0,0.0,1.0,0.0,0.0027,0.0,0.071,220.7305,0.0,0.0,0.0,0.0,down,199.87,2026-08-24T11:29:24,0.0,220.150001525879,229.4873,2026-09-07 20:11:28,2026-09-07 16:15:05
NVDA,NVDA271217C00015000,NVDA,2027-12-17,C,15.0,211.0,2.0,221.0,2.0,0.0,439.0,100.0,1.0,0.0,0.0057,0.0,0.1384,215.9171,1.555,215.93,215.93,215.93,up,215.93,2026-09-04T13:44:45,0.725364,215.025001525879,229.4873,2026-09-07 20:11:28,2026-09-07 16:15:05
NVDA,NVDA271217C00020000,NVDA,2027-12-17,C,20.0,206.0,51.0,216.0,2.0,0.1351,977.0,100.0,1.0,0.0,0.0103,0.0,0.215,211.1643,1.14,210.84,210.84,210.84,up,210.84,2026-09-04T13:55:11,0.543635,210.724998474121,229.4873,2026-09-07 20:11:28,2026-09-07 16:15:05
NVDA,NVDA271217C00025000,NVDA,2027-12-17,C,25.0,201.0,2.0,211.0,2.0,0.7706,728.0,0.0,1.0,0.0,0.0136,0.0,0.2862,206.4525,0.0,0.0,0.0,0.0,up,204.08,2026-09-03T10:08:50,0.0,206.049995422363,229.4873,2026-09-07 20:11:28,2026-09-07 16:15:05
NVDA,NVDA271217C00030000,NVDA,2027-12-17,C,30.0,196.0,2.0,206.0,2.0,0.7301,713.0,0.0,1.0,0.0,0.0188,0.0,0.347,201.7635,0.0,0.0,0.0,0.0,down,200.85,2026-09-03T15:09:06,0.0,201.449996948242,229.4873,2026-09-07 20:11:28,2026-09-07 16:15:05
NVDA,NVDA271217C00035000,NVDA,2027-12-17,C,35.0,192.0,2.0,201.05,50.0,0.7198,1086.0,1.0,1.0,0.0,0.0234,0.0,0.4027,197.0819,4.325,200.0,200.0,200.0,up,200.0,2026-09-04T09:39:18,2.2103,196.675003051758,229.4873,2026-09-07 20:11:28,2026-09-07 16:15:05
NVDA,NVDA271217C00040000,NVDA,2027-12-17,C,40.0,187.0,2.0,197.0,55.0,0.6906,799.0,2.0,1.0,0.0001,0.0293,0.0,0.4581,192.4051,5.575,195.5,195.5,195.5,up,195.5,2026-09-04T10:05:35,2.93537,190.875,229.4873,2026-09-07 20:11:28,2026-09-07 16:15:05
NVDA,NVDA271217C00045000,NVDA,2027-12-17,C,45.0,183.0,2.0,193.0,55.0,0.6624,601.0,1.0,1.0,0.0001,0.0359,0.0,0.5127,187.7363,0.44,186.74,186.74,186.74,down,186.74,2026-09-04T12:09:47,0.236181,187.375,229.4873,2026-09-07 20:11:28,2026-09-07 16:15:05
NVDA,NVDA271217C00050000,NVDA,2027-12-17,C,50.0,178.0,2.0,188.0,5.0,0.6415,1164.0,0.0,0.9989,0.0001,0.0426,0.0,0.5671,183.0749,0.0,0.0,0.0,0.0,up,175.5,2026-09-02T10:08:45,0.0,181.724998474121,229.4873,2026-09-07 20:11:28,2026-09-07 16:15:05
NVDA,NVDA271217C00055000,NVDA,2027-12-17,C,55.0,173.0,2.0,183.0,55.0,0.6203,1418.0,0.0,0.9976,0.0001,0.0518,0.0,0.6208,178.4213,0.0,0.0,0.0,0.0,down,177.6,2026-09-03T14:31:19,0.0,177.974998474121,229.4873,2026-09-07 20:11:28,2026-09-07 16:15:05
NVDA,NVDA271217C00060000,NVDA,2027-12-17,C,60.0,169.0,2.0,177.85,51.0,0.603,1531.0,0.0,0.9962,0.0001,0.0604,0.0,0.674,173.779,0.0,0.0,0.0,0.0,up,170.9,2026-09-02T11:58:14,0.0,172.224998474121,229.4873,2026-09-07 20:11:28,2026-09-07 16:15:05
NVDA,NVDA271217C00065000,NVDA,2027-12-17,C,65.0,164.0,2.0,174.0,2.0,0.5851,816.0,0.0,0.9946,0.0002,0.0696,0.0,0.7266,169.1464,0.0,0.0,0.0,0.0,up,156.84,2026-08-10T12:40:42,0.0,168.724998474121,229.4873,2026-09-07 20:11:28,2026-09-07 16:15:05
NVDA,NVDA271217C00070000,NVDA,2027-12-17,C,70.0,159.0,61.0,169.0,51.0,0.57,4051.0,0.0,0.9927,0.0002,0.0823,0.0,0.7785,164.526,0.0,0.0,0.0,0.0,up,164.0,2026-09-03T13:42:45,0.0,164.224998474121,229.4873,2026-09-07 20:11:28,2026-09-07 16:15:05
NVDA,NVDA271217C00075000,NVDA,2027-12-17,C,75.0,155.0,57.0,165.0,51.0,0.5512,1708.0,0.0,0.9906,0.0002,0.094,0.0,0.8292,159.9212,0.0,0.0,0.0,0.0,down,148.26,2026-08-19T10:03:21,0.0,159.600006103516,229.4873,2026-09-07 20:11:28,2026-09-07 16:15:05
NVDA,NVDA271217C00080000,NVDA,2027-12-17,C,80.0,151.95,106.0,160.0,12.0,0.5618,2117.0,11.0,0.9882,0.0003,0.1072,0.0,0.8794,155.3316,3.165,158.5,158.5,157.69,down,157.69,2026-09-04T11:04:22,2.04821,156.099998474121,229.4873,2026-09-07 20:11:28,2026-09-07 16:15:05
NVDA,NVDA271217C00085000,NVDA,2027-12-17,C,85.0,146.0,2.0,154.8,10.0,0.541,995.0,0.0,0.9855,0.0003,0.1235,0.0,0.9287,150.7621,0.0,0.0,0.0,0.0,up,138.29,2026-08-28T15:59:35,0.0,150.974998474121,229.4873,2026-09-07 20:11:28,2026-09-07 16:15:05
NVDA,NVDA271217C00090000,NVDA,2027-12-17,C,90.0,142.45,122.0,150.25,55.0,0.5191,3439.0,0.0,0.9824,0.0004,0.1396,0.0,0.9762,146.2169,0.0,0.0,0.0,0.0,up,142.4,2026-09-03T11:11:31,0.0,147.25,229.4873,2026-09-07 20:11:28,2026-09-07 16:15:05
NVDA,NVDA271217C00095000,NVDA,2027-12-17,C,95.0,138.35,185.0,145.7,134.0,0.5182,4303.0,2.0,0.9788,0.0005,0.1586,0.0,1.0242,141.6981,5.425,146.0,146.0,146.0,up,146.0,2026-09-04T10:06:42,3.85915,142.375,229.4873,2026-09-07 20:11:28,2026-09-07 16:15:05
NVDA,NVDA271217C00100000,NVDA,2027-12-17,C,100.0,133.85,189.0,141.2,137.0,0.5048,15829.0,22.0,0.9747,0.0005,0.1791,0.0,1.0713,137.2143,0.875,139.3,140.95,137.0,down,137.0,2026-09-04T15:41:35,0.642792,136.949996948242,229.4873,2026-09-07 20:11:28,2026-09-07 16:15:05
NVDA,NVDA271217C00105000,NVDA,2027-12-17,C,105.0,129.55,145.0,136.75,123.0,0.497,7389.0,5.0,0.9701,0.0006,0.2011,0.0,1.1206,132.7694,2.19,134.8,134.8,134.24,down,134.24,2026-09-04T11:38:31,1.65846,132.974998474121,229.4873,2026-09-07 20:11:28,2026-09-07 16:15:05
NVDA,NVDA271217C00110000,NVDA,2027-12-17,C,110.0,125.0,125.0,132.35,71.0,0.4835,9622.0,3.0,0.9649,0.0007,0.2259,0.0,1.1806,128.3709,-0.85,130.0,130.0,127.2,down,127.2,2026-09-04T12:58:01,-0.663806,128.249996185303,229.4873,2026-09-07 20:11:28,2026-09-07 16:15:05
NVDA,NVDA271217C00115000,NVDA,2027-12-17,C,115.0,120.65,184.0,128.0,135.0,0.4744,3667.0,2.0,0.959,0.0008,0.2527,-0.0003,1.2335,124.0269,4.425,125.0,127.0,125.0,up,127.0,2026-09-04T09:34:53,3.61003,124.825000762939,229.4873,2026-09-07 20:11:28,2026-09-07 16:15:05
NVDA,NVDA271217C00120000,NVDA,2027-12-17,C,120.0,119.15,10.0,121.2,103.0,0.4714,7948.0,23.0,0.9524,0.0009,0.2811,-0.0019,1.2691,119.7404,2.525,119.93,122.0,119.93,down,121.15,2026-09-04T11:02:35,2.12856,119.400001525879,229.4873,2026-09-07 20:11:28,2026-09-07 16:15:05
NVDA,NVDA271217C00125000,NVDA,2027-12-17,C,125.0,114.2,270.0,116.6,29.0,0.4464,3971.0,3.0,0.945,0.001,0.3115,-0.0036,1.3019,115.5145,1.62,118.95,118.95,116.32,down,116.32,2026-09-04T12:11:06,1.41238,115.375,229.4873,2026-09-07 20:11:28,2026-09-07 16:15:05
NVDA,NVDA271217C00130000,NVDA,2027-12-17,C,130.0,110.35,239.0,112.6,197.0,0.4484,7436.0,22.0,0.9369,0.0011,0.3441,-0.0054,1.3312,111.3548,0.6,114.95,115.0,111.15,no_change,111.15,2026-09-04T15:40:27,0.542742,111.174999237061,229.4873,2026-09-07 20:11:28,2026-09-07 16:15:05
NVDA,NVDA271217C00135000,NVDA,2027-12-17,C,135.0,106.3,146.0,108.7,219.0,0.4464,4216.0,156.0,0.928,0.0013,0.3778,-0.0072,1.3574,107.2669,1.85,109.4,109.4,108.3,down,108.3,2026-09-04T11:52:42,1.7379,107.100002288818,229.4873,2026-09-07 20:11:28,2026-09-07 16:15:05
NVDA,NVDA271217C00140000,NVDA,2027-12-17,C,140.0,102.05,197.0,104.5,110.0,0.4365,5066.0,6.0,0.9183,0.0014,0.4128,-0.0091,1.3806,103.2543,4.485,105.25,106.51,105.25,up,106.51,2026-09-04T10:18:44,4.39598,102.850002288818,229.4873,2026-09-07 20:11:28,2026-09-07 16:15:05
NVDA,NVDA271217C00145000,NVDA,2027-12-17,C,145.0,99.0,19.0,100.0,110.0,0.4362,4967.0,22.0,0.9078,0.0015,0.4494,-0.011,1.3998,99.3222,2.19,100.0,103.2,99.74,down,99.74,2026-09-04T13:25:48,2.245,99.4500007629394,229.4873,2026-09-07 20:11:28,2026-09-07 16:15:05
NVDA,NVDA271217C00150000,NVDA,2027-12-17,C,150.0,95.0,46.0,96.9,302.0,0.4387,12915.0,48.0,0.8965,0.0017,0.4863,-0.0129,1.416,95.4748,1.95,96.18,99.5,95.3,up,96.2,2026-09-04T15:54:10,2.06897,95.0249977111816,229.4873,2026-09-07 20:11:28,2026-09-07 16:15:05
NVDA,NVDA271217C00155000,NVDA,2027-12-17,C,155.0,91.05,107.0,93.15,260.0,0.4332,9185.0,8.0,0.8844,0.0018,0.5237,-0.0148,1.4291,91.7145,0.35,92.15,92.15,91.1,down,91.1,2026-09-04T15:37:45,0.385675,91.8999977111816,229.4873,2026-09-07 20:11:28,2026-09-07 16:15:05
NVDA,NVDA271217C00160000,NVDA,2027-12-17,C,160.0,86.85,141.0,89.45,143.0,0.425,4375.0,17.0,0.8717,0.002,0.5618,-0.0167,1.4381,88.0454,1.375,89.0,91.69,87.95,down,87.95,2026-09-04T15:13:05,1.58822,87.875,229.4873,2026-09-07 20:11:28,2026-09-07 16:15:05
NVDA,NVDA271217C00165000,NVDA,2027-12-17,C,165.0,83.0,345.0,85.4,64.0,0.416,1843.0,3.0,0.8582,0.0021,0.5992,-0.0186,1.4444,84.4703,1.8,85.0,85.0,84.85,down,84.85,2026-09-04T15:58:54,2.16737,84.5250015258789,229.4873,2026-09-07 20:11:28,2026-09-07 16:15:05
NVDA,NVDA271217C00170000,NVDA,2027-12-17,C,170.0,80.25,67.0,82.4,185.0,0.4236,4362.0,18.0,0.8442,0.0022,0.6363,-0.0205,1.4478,80.9899,1.3,82.75,84.0,80.35,up,81.05,2026-09-04T15:07:25,1.63009,80.7750015258789,229.4873,2026-09-07 20:11:28,2026-09-07 16:15:05
NVDA,NVDA271217C00175000,NVDA,2027-12-17,C,175.0,76.5,225.0,78.95,180.0,0.418,5768.0,14.0,0.8294,0.0024,0.6732,-0.0223,1.4473,77.6069,3.1,80.25,80.9,79.45,down,79.45,2026-09-04T13:17:05,4.06025,77.8250007629394,229.4873,2026-09-07 20:11:28,2026-09-07 16:15:05
NVDA,NVDA271217C00180000,NVDA,2027-12-17,C,180.0,73.25,116.0,75.2,35.0,0.4129,7210.0,22.0,0.8142,0.0025,0.7088,-0.0241,1.4443,74.323,1.35,77.15,77.55,73.95,down,73.95,2026-09-04T15:32:52,1.8595,74.0999984741211,229.4873,2026-09-07 20:11:28,2026-09-07 16:15:05
NVDA,NVDA271217C00185000,NVDA,2027-12-17,C,185.0,70.1,357.0,72.35,277.0,0.4137,4902.0,7.0,0.7984,0.0027,0.7431,-0.0258,1.4391,71.1374,1.7,73.2,73.2,71.6,no_change,71.6,2026-09-04T12:28:51,2.43204,70.8499984741211,229.4873,2026-09-07 20:11:28,2026-09-07 16:15:05
NVDA,NVDA271217C00190000,NVDA,2027-12-17,C,190.0,67.05,121.0,69.25,104.0,0.4121,6807.0,7.0,0.7822,0.0028,0.7765,-0.0275,1.4304,68.0513,1.275,70.79,71.0,67.9,up,68.2,2026-09-04T14:01:10,1.90512,67.625,229.4873,2026-09-07 20:11:28,2026-09-07 16:15:05
NVDA,NVDA271217C00195000,NVDA,2027-12-17,C,195.0,64.6,65.0,66.15,166.0,0.4132,4575.0,58.0,0.7656,0.0029,0.8081,-0.0291,1.4192,65.0659,1.475,65.24,68.05,65.15,down,65.15,2026-09-04T12:25:16,2.31645,64.6750011444092,229.4873,2026-09-07 20:11:28,2026-09-07 16:15:05
NVDA,NVDA271217C00200000,NVDA,2027-12-17,C,200.0,62.0,5.0,63.0,42.0,0.4117,37111.0,343.0,0.7486,0.003,0.8378,-0.0305,1.4067,62.1796,1.8,62.0,65.3,61.7,up,62.8,2026-09-04T15:54:10,2.95082,61.9250011444092,229.4873,2026-09-07 20:11:28,2026-09-07 16:15:05
NVDA,NVDA271217C00205000,NVDA,2027-12-17,C,205.0,58.65,54.0,60.6,111.0,0.4093,858.0,61.0,0.7314,0.0032,0.8659,-0.0319,1.3914,59.392,1.425,59.95,62.21,59.65,down,59.65,2026-09-04T12:27:24,2.4474,59.3000011444092,229.4873,2026-09-07 20:11:28,2026-09-07 16:15:05
NVDA,NVDA271217C00210000,NVDA,2027-12-17,C,210.0,55.85,281.0,57.4,142.0,0.4044,23389.0,33.0,0.7139,0.0033,0.8921,-0.0332,1.3735,56.7041,1.09,58.85,59.55,56.54,down,56.54,2026-09-04T15:27:34,1.96573,56.375,229.4873,2026-09-07 20:11:28,2026-09-07 16:15:05
NVDA,NVDA271217C00215000,NVDA,2027-12-17,C,215.0,53.05,302.0,55.25,242.0,0.4044,6077.0,72.0,0.6963,0.0034,0.916,-0.0344,1.3549,54.1319,0.925,54.75,57.0,53.7,up,54.0,2026-09-04T15:49:51,1.74282,54.3249988555908,229.4873,2026-09-07 20:11:28,2026-09-07 16:15:05
NVDA,NVDA271217C00220000,NVDA,2027-12-17,C,220.0,51.35,106.0,52.6,232.0,0.4031,9998.0,47.0,0.6784,0.0034,0.9379,-0.0355,1.3345,51.6214,1.325,52.0,54.35,51.29,up,51.9,2026-09-04T15:58:56,2.61987,51.4749984741211,229.4873,2026-09-07 20:11:28,2026-09-07 16:15:05
NVDA,NVDA271217C00225000,NVDA,2027-12-17,C,225.0,49.1,16.0,50.1,44.0,0.406,4606.0,88.0,0.6605,0.0035,0.9577,-0.0365,1.3117,49.2245,1.15,50.0,52.05,49.0,down,49.0,2026-09-04T15:30:12,2.40335,49.1000003814697,229.4873,2026-09-07 20:11:28,2026-09-07 16:15:05
NVDA,NVDA271217C00230000,NVDA,2027-12-17,C,230.0,46.35,230.0,47.55,408.0,0.4014,17762.0,51.0,0.6426,0.0036,0.9753,-0.0374,1.2877,46.9236,1.45,48.15,49.5,47.05,down,47.05,2026-09-04T15:58:33,3.17982,46.9000015258789,229.4873,2026-09-07 20:11:28,2026-09-07 16:15:05
NVDA,NVDA271217C00235000,NVDA,2027-12-17,C,235.0,44.6,35.0,45.45,78.0,0.4034,842.0,32.0,0.6246,0.0037,0.9906,-0.0382,1.2636,44.7161,1.625,46.52,47.2,44.77,up,45.0,2026-09-04T14:48:05,3.7464,44.6000003814697,229.4873,2026-09-07 20:11:28,2026-09-07 16:15:05
NVDA,NVDA271217C00240000,NVDA,2027-12-17,C,240.0,42.3,46.0,43.45,71.0,0.4022,9085.0,155.0,0.6068,0.0037,1.0037,-0.0388,1.2381,42.5996,0.905,42.43,44.99,42.43,down,42.48,2026-09-04T15:24:00,2.17679,42.4250011444092,229.4873,2026-09-07 20:11:28,2026-09-07 16:15:05
NVDA,NVDA271217C00245000,NVDA,2027-12-17,C,245.0,40.2,38.0,41.4,29.0,0.401,398.0,3.0,0.589,0.0038,1.0147,-0.0394,1.2108,40.5736,0.97,41.98,41.98,40.52,down,40.52,2026-09-04T15:12:56,2.45259,40.3250007629394,229.4873,2026-09-07 20:11:28,2026-09-07 16:15:05
NVDA,NVDA271217C00250000,NVDA,2027-12-17,C,250.0,38.2,124.0,39.35,139.0,0.3995,8968.0,411.0,0.5714,0.0038,1.0236,-0.0399,1.1832,38.6368,0.775,40.02,41.05,38.4,down,38.4,2026-09-04T15:38:23,2.0598,38.5499992370606,229.4873,2026-09-07 20:11:28,2026-09-07 16:15:05
NVDA,NVDA271217C00255000,NVDA,2027-12-17,C,255.0,36.45,39.0,37.5,86.0,0.3994,1526.0,8.0,0.5539,0.0038,1.0304,-0.0403,1.1559,36.7855,1.2,38.75,38.75,36.8,down,36.8,2026-09-04T15:46:19,3.37079,36.5750007629394,229.4873,2026-09-07 20:11:28,2026-09-07 16:15:05
NVDA,NVDA271217C00260000,NVDA,2027-12-17,C,260.0,34.9,34.0,35.7,203.0,0.3998,6120.0,31.0,0.5366,0.0039,1.0352,-0.0406,1.1279,35.0169,1.85,34.72,37.1,34.72,down,35.85,2026-09-04T11:19:29,5.44118,34.8500003814697,229.4873,2026-09-07 20:11:28,2026-09-07 16:15:05
NVDA,NVDA271217C00265000,NVDA,2027-12-17,C,265.0,32.8,41.0,34.0,39.0,0.3971,1393.0,20.0,0.5198,0.0039,1.0381,-0.0409,1.0992,33.3515,0.725,33.95,35.09,33.0,down,33.0,2026-09-04T15:38:22,2.24632,33.2250003814697,229.4873,2026-09-07 20:11:28,2026-09-07 16:15:05
NVDA,NVDA271217C00270000,NVDA,2027-12-17,C,270.0,31.5,74.0,32.3,169.0,0.3978,10523.0,522.0,0.5031,0.0039,1.039,-0.041,1.0699,31.743,0.795,32.41,33.6,31.52,down,31.52,2026-09-04T15:11:19,2.58747,31.5999994277954,229.4873,2026-09-07 20:11:28,2026-09-07 16:15:05
NVDA,NVDA271217C00275000,NVDA,2027-12-17,C,275.0,29.3,19.0,30.85,35.0,0.3985,1318.0,64.0,0.4867,0.0039,1.0384,-0.0411,1.0414,30.2101,0.975,31.78,32.0,30.25,down,30.25,2026-09-04T13:57:33,3.33049,30.1999998092651,229.4873,2026-09-07 20:11:28,2026-09-07 16:15:05
NVDA,NVDA271217C00280000,NVDA,2027-12-17,C,280.0,28.4,64.0,29.3,37.0,0.3966,7099.0,67.0,0.4706,0.0039,1.0361,-0.0411,1.013,28.7494,1.0,30.02,30.75,28.7,up,28.85,2026-09-04T13:45:53,3.59066,28.6750001907349,229.4873,2026-09-07 20:11:28,2026-09-07 16:15:05
NVDA,NVDA271217C00285000,NVDA,2027-12-17,C,285.0,27.15,55.0,27.95,162.0,0.3975,2314.0,7.0,0.4548,0.0039,1.0318,-0.041,0.9835,27.3641,1.1,29.0,29.1,27.35,down,27.35,2026-09-04T15:41:19,4.19048,27.3000001907349,229.4873,2026-09-07 20:11:28,2026-09-07 16:15:05
NVDA,NVDA271217C00290000,NVDA,2027-12-17,C,290.0,25.65,51.0,26.6,61.0,0.3964,5632.0,215.0,0.4394,0.0038,1.0262,-0.0409,0.9543,26.04,1.225,27.25,27.25,25.95,up,26.4,2026-09-04T15:54:10,4.86594,25.8500003814697,229.4873,2026-09-07 20:11:28,2026-09-07 16:15:05
NVDA,NVDA271217C00295000,NVDA,2027-12-17,C,295.0,24.05,29.0,25.1,34.0,0.3968,2225.0,720.0,0.4242,0.0038,1.0194,-0.0406,0.9259,24.7607,0.9,25.73,26.3,24.75,no_change,24.75,2026-09-04T15:41:19,3.77359,24.5749998092651,229.4873,2026-09-07 20:11:28,2026-09-07 16:15:05
NVDA,NVDA271217C00300000,NVDA,2027-12-17,C,300.0,23.2,75.0,24.05,109.0,0.3957,12601.0,84.0,0.4096,0.0038,1.0116,-0.0404,0.8985,23.583,0.925,23.3,25.1,23.2,up,23.6,2026-09-04T14:23:38,4.07938,23.5500001907349,229.4873,2026-09-07 20:11:28,2026-09-07 16:15:05
NVDA,NVDA271217C00310000,NVDA,2027-12-17,C,310.0,20.6,32.0,21.85,47.0,0.3941,3402.0,1.0,0.3815,0.0037,0.9925,-0.0397,0.844,21.3625,1.29,21.64,21.64,21.64,up,21.64,2026-09-04T11:15:50,6.33907,21.0500001907349,229.4873,2026-09-07 20:11:28,2026-09-07 16:15:05
NVDA,NVDA271217C00320000,NVDA,2027-12-17,C,320.0,19.0,49.0,20.5,1.0,0.3946,4955.0,27.0,0.3548,0.0036,0.9687,-0.0389,0.7902,19.3452,0.625,20.79,20.79,19.1,down,19.1,2026-09-04T15:27:04,3.38295,19.0500001907349,229.4873,2026-09-07 20:11:28,2026-09-07 16:15:05
NVDA,NVDA271217C00330000,NVDA,2027-12-17,C,330.0,17.05,126.0,18.05,209.0,0.3952,4409.0,16.0,0.3299,0.0035,0.9432,-0.0379,0.7407,17.5515,1.175,17.4,18.02,17.4,up,17.7,2026-09-04T11:43:51,7.11044,17.375,229.4873,2026-09-07 20:11:28,2026-09-07 16:15:05
NVDA,NVDA271217C00340000,NVDA,2027-12-17,C,340.0,15.7,36.0,16.25,109.0,0.396,4913.0,98.0,0.3064,0.0034,0.9142,-0.0369,0.6916,15.9205,1.0,15.75,16.5,15.75,up,16.0,2026-09-04T15:55:00,6.66667,15.9499998092651,229.4873,2026-09-07 20:11:28,2026-09-07 16:15:05
NVDA,NVDA271217C00350000,NVDA,2027-12-17,C,350.0,14.15,32.0,14.9,48.0,0.3966,9801.0,385.0,0.2845,0.0033,0.8837,-0.0357,0.6458,14.4514,0.925,14.2,15.35,14.08,no_change,14.55,2026-09-04T15:52:52,6.78899,14.3499999046326,229.4873,2026-09-07 20:11:28,2026-09-07 16:15:05
NVDA,NVDA271217C00360000,NVDA,2027-12-17,C,360.0,12.8,11.0,13.65,35.0,0.3976,9948.0,31.0,0.264,0.0032,0.8524,-0.0345,0.6029,13.1264,0.77,13.85,14.0,13.37,down,13.37,2026-09-04T11:10:30,6.11111,12.9249997138977,229.4873,2026-09-07 20:11:28,2026-09-07 16:15:05
NVDA,NVDA271217C00380000,NVDA,2027-12-17,C,380.0,10.35,78.0,11.35,62.0,0.3971,1573.0,12.0,0.2273,0.0029,0.7867,-0.0319,0.5233,10.8605,1.025,11.2,11.5,11.2,down,11.25,2026-09-04T10:49:45,10.0244,10.5999999046326,229.4873,2026-09-07 20:11:28,2026-09-07 16:15:05
NVDA,NVDA271217C00390000,NVDA,2027-12-17,C,390.0,9.6,63.0,10.45,133.0,0.3997,4504.0,14.0,0.2109,0.0028,0.7544,-0.0307,0.488,9.8938,0.875,10.1,10.15,10.1,up,10.15,2026-09-04T13:02:46,9.43396,9.84999990463257,229.4873,2026-09-07 20:11:28,2026-09-07 16:15:05
NVDA,NVDA271217C00400000,NVDA,2027-12-17,C,400.0,8.8,34.0,9.45,40.0,0.4,3265.0,7.0,0.1957,0.0027,0.7217,-0.0294,0.4541,9.024,0.78,8.93,9.55,8.9,up,9.18,2026-09-04T13:12:03,9.28571,9.0,229.4873,2026-09-07 20:11:28,2026-09-07 16:15:05
NVDA,NVDA271217C00410000,NVDA,2027-12-17,C,410.0,7.75,94.0,8.8,89.0,0.3999,864.0,4.0,0.1818,0.0025,0.6895,-0.0281,0.4229,8.2422,0.425,8.2,8.2,8.2,up,8.2,2026-09-04T12:38:27,5.46624,8.14999985694885,229.4873,2026-09-07 20:11:28,2026-09-07 16:15:05
NVDA,NVDA271217C00420000,NVDA,2027-12-17,C,420.0,7.1,62.0,7.9,43.0,0.3997,4550.0,11.0,0.1689,0.0024,0.6588,-0.0269,0.3945,7.5382,0.55,7.8,7.8,7.45,up,7.65,2026-09-04T13:27:59,7.74648,7.5,229.4873,2026-09-07 20:11:28,2026-09-07 16:15:05
NVDA,NVDA271217C00430000,NVDA,2027-12-17,C,430.0,6.45,54.0,7.45,76.0,0.402,586.0,3.0,0.157,0.0023,0.6288,-0.0257,0.3676,6.904,0.295,6.77,6.77,6.77,up,6.77,2026-09-04T15:41:45,4.55599,6.77500009536743,229.4873,2026-09-07 20:11:28,2026-09-07 16:15:05
NVDA,NVDA271217C00440000,NVDA,2027-12-17,C,440.0,5.3,52.0,6.9,141.0,0.4059,461.0,24.0,0.146,0.0022,0.5992,-0.0246,0.3424,6.3333,0.32,6.22,6.45,6.22,down,6.27,2026-09-04T15:41:45,5.37815,6.29999995231628,229.4873,2026-09-07 20:11:28,2026-09-07 16:15:05
NVDA,NVDA271217C00450000,NVDA,2027-12-17,C,450.0,5.35,69.0,6.25,59.0,0.4029,439.0,102.0,0.136,0.0021,0.571,-0.0235,0.3196,5.8192,0.25,6.0,6.0,5.7,down,5.7,2026-09-04T15:41:45,4.58715,5.72499990463257,229.4873,2026-09-07 20:11:28,2026-09-07 16:15:05
NVDA,NVDA271217C00455000,NVDA,2027-12-17,C,455.0,5.1,152.0,6.1,188.0,0.4042,493.0,119.0,0.1312,0.002,0.5576,-0.0229,0.309,5.5811,0.45,5.57,5.6,5.5,up,5.6,2026-09-04T15:29:50,8.73786,5.5,229.4873,2026-09-07 20:11:28,2026-09-07 16:15:05
NVDA,NVDA271217C00460000,NVDA,2027-12-17,C,460.0,5.15,73.0,5.55,78.0,0.4043,2030.0,110.0,0.1267,0.002,0.5446,-0.0224,0.2988,5.3549,0.35,5.6,5.7,5.2,down,5.3,2026-09-04T15:41:45,7.07071,5.29999995231628,229.4873,2026-09-07 20:11:28,2026-09-07 16:15:05
NVDA,NVDA271217P00005000,NVDA,2027-12-17,P,5.0,0.01,404.0,0.02,76.0,1.1594,30598.0,1.0,-0.0002,0.0,0.0023,-0.0003,-0.001,0.0261,0.005,0.02,0.02,0.02,up,0.02,2026-09-04T09:30:00,33.3333,0.0149999996647239,229.4873,2026-09-07 20:11:28,2026-09-07 16:15:05
NVDA,NVDA271217P00010000,NVDA,2027-12-17,P,10.0,0.02,470.0,0.04,11.0,0.9956,1174.0,30.0,-0.0005,0.0,0.0047,-0.0005,-0.0021,0.0492,-0.02,0.02,0.02,0.02,down,0.02,2026-09-04T09:30:04,-50.0,0.0299999993294477,229.4873,2026-09-07 20:11:28,2026-09-07 16:15:05
NVDA,NVDA271217P00015000,NVDA,2027-12-17,P,15.0,0.03,50.0,0.1,45.0,0.9296,24046.0,0.0,-0.0008,0.0,0.0076,-0.0007,-0.0034,0.0751,0.0,0.0,0.0,0.0,up,0.06,2026-09-03T15:55:49,0.0,0.0650000004097819,229.4873,2026-09-07 20:11:28,2026-09-07 16:15:05
NVDA,NVDA271217P00020000,NVDA,2027-12-17,P,20.0,0.01,33.0,0.12,2.0,0.8286,2793.0,0.0,-0.0013,0.0,0.011,-0.001,-0.0049,0.1046,0.0,0.0,0.0,0.0,no_change,0.1,2026-08-31T13:39:56,0.0,0.0649999985471368,229.4873,2026-09-07 20:11:28,2026-09-07 16:15:05
NVDA,NVDA271217P00025000,NVDA,2027-12-17,P,25.0,0.06,147.0,0.2,115.0,0.8113,1315.0,5.0,-0.0018,0.0,0.0149,-0.0012,-0.0068,0.1384,-0.005,0.12,0.12,0.12,up,0.12,2026-09-04T15:59:30,-4.0,0.125000001862645,229.4873,2026-09-07 20:11:28,2026-09-07 16:15:05
NVDA,NVDA271217P00030000,NVDA,2027-12-17,P,30.0,0.1,10.0,0.55,10.0,0.825,977.0,0.0,-0.0024,0.0,0.0194,-0.0015,-0.0089,0.1771,0.0,0.0,0.0,0.0,down,0.16,2026-08-31T14:43:23,0.0,0.259999994188547,229.4873,2026-09-07 20:11:28,2026-09-07 16:15:05
NVDA,NVDA271217P00035000,NVDA,2027-12-17,P,35.0,0.1,237.0,0.47,252.0,0.7593,2228.0,0.0,-0.0031,0.0,0.0246,-0.0018,-0.0114,0.2212,0.0,0.0,0.0,0.0,down,0.21,2026-08-31T12:30:23,0.0,0.285000000149012,229.4873,2026-09-07 20:11:28,2026-09-07 16:15:05
NVDA,NVDA271217P00040000,NVDA,2027-12-17,P,40.0,0.26,5.0,0.61,19.0,0.7494,4718.0,0.0,-0.0039,0.0001,0.0303,-0.0021,-0.0143,0.2715,0.0,0.0,0.0,0.0,no_change,0.31,2026-08-31T15:44:48,0.0,0.324999988079071,229.4873,2026-09-07 20:11:28,2026-09-07 16:15:05
NVDA,NVDA271217P00045000,NVDA,2027-12-17,P,45.0,0.35,1.0,0.51,50.0,0.6993,5057.0,1.0,-0.0048,0.0001,0.0368,-0.0025,-0.0176,0.3286,0.035,0.4,0.4,0.4,up,0.4,2026-09-04T10:46:44,9.58904,0.390000000596046,229.4873,2026-09-07 20:11:28,2026-09-07 16:15:05
NVDA,NVDA271217P00050000,NVDA,2027-12-17,P,50.0,0.42,1.0,0.67,82.0,0.6795,10142.0,110.0,-0.0059,0.0001,0.0443,-0.0029,-0.0215,0.3935,-0.035,0.49,0.49,0.44,down,0.44,2026-09-04T13:59:54,-7.36842,0.444999992847443,229.4873,2026-09-07 20:11:28,2026-09-07 16:15:05
NVDA,NVDA271217P00055000,NVDA,2027-12-17,P,55.0,0.26,103.0,0.77,138.0,0.634,4171.0,100.0,-0.0072,0.0001,0.0526,-0.0033,-0.0259,0.4687,0.08,0.49,0.49,0.49,up,0.49,2026-09-04T11:19:56,19.5122,0.480000019073486,229.4873,2026-09-07 20:11:28,2026-09-07 16:15:05
NVDA,NVDA271217P00060000,NVDA,2027-12-17,P,60.0,0.47,10.0,0.89,71.0,0.6242,17946.0,1.0,-0.0086,0.0001,0.0618,-0.0038,-0.0309,0.5519,-0.08,0.56,0.56,0.56,down,0.56,2026-09-04T09:34:58,-12.5,0.590000003576279,229.4873,2026-09-07 20:11:28,2026-09-07 16:15:05
NVDA,NVDA271217P00065000,NVDA,2027-12-17,P,65.0,0.38,132.0,1.0,47.0,0.5911,906.0,0.0,-0.0103,0.0002,0.0721,-0.0043,-0.0365,0.646,0.0,0.0,0.0,0.0,down,0.58,2026-08-27T15:35:17,0.0,0.609999984502792,229.4873,2026-09-07 20:11:28,2026-09-07 16:15:05
NVDA,NVDA271217P00070000,NVDA,2027-12-17,P,70.0,0.53,10.0,5.0,1.0,0.5755,7963.0,0.0,-0.0122,0.0002,0.0832,-0.0048,-0.0429,0.7527,0.0,0.0,0.0,0.0,down,0.8,2026-08-31T15:30:28,0.0,0.804999977350235,229.4873,2026-09-07 20:11:28,2026-09-07 16:15:05
NVDA,NVDA271217P00075000,NVDA,2027-12-17,P,75.0,0.78,10.0,1.68,1.0,0.5509,10975.0,0.0,-0.0143,0.0002,0.0958,-0.0054,-0.05,0.8731,0.0,0.0,0.0,0.0,down,0.9,2026-09-03T09:31:14,0.0,0.875,229.4873,2026-09-07 20:11:28,2026-09-07 16:15:05
NVDA,NVDA271217P00080000,NVDA,2027-12-17,P,80.0,0.92,30.0,1.11,7.0,0.5365,9031.0,13.0,-0.0167,0.0003,0.1096,-0.006,-0.0583,1.0112,0.0,1.01,1.06,1.01,no_change,1.06,2026-09-04T15:47:29,-2.24923e-07,1.08499997854233,229.4873,2026-09-07 20:11:28,2026-09-07 16:15:05
NVDA,NVDA271217P00085000,NVDA,2027-12-17,P,85.0,0.67,2.0,1.72,4.0,0.5242,9535.0,478.0,-0.0195,0.0004,0.1248,-0.0066,-0.0677,1.1689,0.01,1.1,1.22,1.1,up,1.22,2026-09-04T13:48:11,0.826448,1.14000001549721,229.4873,2026-09-07 20:11:28,2026-09-07 16:15:05
NVDA,NVDA271217P00090000,NVDA,2027-12-17,P,90.0,1.3,64.0,1.44,4.0,0.5106,25586.0,34.0,-0.0227,0.0004,0.1419,-0.0074,-0.0783,1.3502,0.015,1.35,1.37,1.33,up,1.37,2026-09-04T13:31:53,1.10701,1.35499995946884,229.4873,2026-09-07 20:11:28,2026-09-07 16:15:05
NVDA,NVDA271217P00095000,NVDA,2027-12-17,P,95.0,1.46,71.0,1.91,102.0,0.5063,4319.0,21.0,-0.0263,0.0005,0.1603,-0.0082,-0.0905,1.5599,-0.065,1.51,1.51,1.51,down,1.51,2026-09-04T10:39:56,-4.12698,1.66999995708466,229.4873,2026-09-07 20:11:28,2026-09-07 16:15:05
NVDA,NVDA271217P00100000,NVDA,2027-12-17,P,100.0,1.61,3.0,1.85,1.0,0.4879,23740.0,105.0,-0.0304,0.0006,0.1813,-0.0091,-0.1042,1.8032,0.01,1.75,1.83,1.72,up,1.81,2026-09-04T15:50:38,0.555555,1.82499998807907,229.4873,2026-09-07 20:11:28,2026-09-07 16:15:05
NVDA,NVDA271217P00105000,NVDA,2027-12-17,P,105.0,1.89,128.0,2.24,95.0,0.4778,2897.0,23.0,-0.0351,0.0006,0.204,-0.01,-0.1201,2.0856,-0.2,2.0,2.05,1.98,down,1.98,2026-09-04T10:41:05,-9.17431,2.0450000166893,229.4873,2026-09-07 20:11:28,2026-09-07 16:15:05
NVDA,NVDA271217P00110000,NVDA,2027-12-17,P,110.0,2.3,92.0,2.52,42.0,0.4703,12119.0,43.0,-0.0405,0.0007,0.2285,-0.0111,-0.1375,2.413,-0.045,2.33,2.43,2.3,up,2.4,2026-09-04T15:52:58,-1.84049,2.35500001907349,229.4873,2026-09-07 20:11:28,2026-09-07 16:15:05
NVDA,NVDA271217P00115000,NVDA,2027-12-17,P,115.0,2.67,68.0,3.1,178.0,0.4667,6357.0,43.0,-0.0466,0.0008,0.2558,-0.0122,-0.1579,2.7917,0.03,2.62,2.83,2.62,up,2.82,2026-09-04T15:52:58,1.07527,2.75,229.4873,2026-09-07 20:11:28,2026-09-07 16:15:05
NVDA,NVDA271217P00120000,NVDA,2027-12-17,P,120.0,3.0,120.0,3.3,84.0,0.4537,18039.0,13.0,-0.0533,0.0009,0.2849,-0.0134,-0.1804,3.2271,0.0,3.1,3.2,3.1,up,3.2,2026-09-04T13:21:23,2.23517e-06,3.39999997615814,229.4873,2026-09-07 20:11:28,2026-09-07 16:15:05
NVDA,NVDA271217P00125000,NVDA,2027-12-17,P,125.0,3.5,90.0,3.85,89.0,0.4489,9481.0,9.0,-0.0609,0.001,0.3157,-0.0147,-0.2047,3.7252,0.18,3.65,3.73,3.42,up,3.73,2026-09-04T13:50:38,5.07042,3.64999997615814,229.4873,2026-09-07 20:11:28,2026-09-07 16:15:05
NVDA,NVDA271217P00130000,NVDA,2027-12-17,P,130.0,4.05,89.0,4.4,87.0,0.4433,5304.0,241.0,-0.0693,0.0012,0.3486,-0.0161,-0.2323,4.2923,-0.15,4.0,4.1,4.0,no_change,4.1,2026-09-04T11:12:12,-3.52941,4.22499990463257,229.4873,2026-09-07 20:11:28,2026-09-07 16:15:05
NVDA,NVDA271217P00135000,NVDA,2027-12-17,P,135.0,4.75,102.0,5.4,260.0,0.4444,4540.0,30.0,-0.0785,0.0013,0.3837,-0.0175,-0.2627,4.932,0.025,4.6,4.9,4.6,up,4.9,2026-09-04T14:17:32,0.512821,5.02500009536743,229.4873,2026-09-07 20:11:28,2026-09-07 16:15:05
NVDA,NVDA271217P00140000,NVDA,2027-12-17,P,140.0,5.45,102.0,5.8,96.0,0.4357,16141.0,38.0,-0.0885,0.0014,0.4192,-0.019,-0.2946,5.6404,0.005,5.3,5.68,5.26,down,5.63,2026-09-04T15:32:40,0.0888889,5.625,229.4873,2026-09-07 20:11:28,2026-09-07 16:15:05
NVDA,NVDA271217P00145000,NVDA,2027-12-17,P,145.0,5.9,373.0,6.95,323.0,0.4319,1851.0,16.0,-0.0994,0.0016,0.4554,-0.0205,-0.3301,6.4422,-0.325,6.1,6.1,6.05,down,6.05,2026-09-04T10:19:16,-5.09804,6.54999995231628,229.4873,2026-09-07 20:11:28,2026-09-07 16:15:05
NVDA,NVDA271217P00150000,NVDA,2027-12-17,P,150.0,6.9,144.0,7.5,5.0,0.4257,16909.0,39.0,-0.1111,0.0017,0.4944,-0.0221,-0.3674,7.3303,0.2,7.0,7.45,6.9,up,7.45,2026-09-04T15:49:42,2.75862,7.29999995231628,229.4873,2026-09-07 20:11:28,2026-09-07 16:15:05
NVDA,NVDA271217P00155000,NVDA,2027-12-17,P,155.0,8.15,19.0,8.45,10.0,0.4257,4502.0,32.0,-0.1237,0.0019,0.5328,-0.0237,-0.4066,8.3103,-0.45,7.82,7.85,7.75,no_change,7.85,2026-09-04T10:45:15,-5.42169,8.375,229.4873,2026-09-07 20:11:28,2026-09-07 16:15:05
NVDA,NVDA271217P00160000,NVDA,2027-12-17,P,160.0,8.95,121.0,9.6,82.0,0.4211,5111.0,17.0,-0.137,0.002,0.5701,-0.0253,-0.4502,9.3865,-0.3,9.11,9.11,8.86,down,9.0,2026-09-04T11:01:53,-3.22581,9.40000009536743,229.4873,2026-09-07 20:11:28,2026-09-07 16:15:05
NVDA,NVDA271217P00165000,NVDA,2027-12-17,P,165.0,10.25,136.0,10.7,40.0,0.4192,3982.0,30.0,-0.1511,0.0022,0.6096,-0.0269,-0.4942,10.5595,0.0,10.1,10.6,9.9,up,10.6,2026-09-04T15:55:00,8.99693e-07,10.625,229.4873,2026-09-07 20:11:28,2026-09-07 16:15:05
NVDA,NVDA271217P00170000,NVDA,2027-12-17,P,170.0,11.4,64.0,12.1,89.0,0.4201,7769.0,107.0,-0.1659,0.0024,0.6472,-0.0285,-0.5383,11.8332,0.05,11.52,11.95,11.2,no_change,11.85,2026-09-04T15:51:02,0.423731,11.9250001907349,229.4873,2026-09-07 20:11:28,2026-09-07 16:15:05
NVDA,NVDA271217P00175000,NVDA,2027-12-17,P,175.0,12.75,286.0,13.45,69.0,0.4146,3801.0,30.0,-0.1814,0.0025,0.6837,-0.03,-0.5864,13.2106,0.0,12.57,13.3,12.45,up,13.25,2026-09-04T15:08:20,0.0,13.375,229.4873,2026-09-07 20:11:28,2026-09-07 16:15:05
NVDA,NVDA271217P00180000,NVDA,2027-12-17,P,180.0,14.45,16.0,15.0,32.0,0.4148,4416.0,35.0,-0.1976,0.0027,0.7204,-0.0315,-0.6371,14.6911,0.055,14.0,14.71,13.95,down,14.68,2026-09-04T14:52:36,0.376068,14.7249999046326,229.4873,2026-09-07 20:11:28,2026-09-07 16:15:05
NVDA,NVDA271217P00185000,NVDA,2027-12-17,P,185.0,15.75,376.0,16.55,80.0,0.4108,2867.0,20.0,-0.2143,0.0028,0.7548,-0.033,-0.6834,16.2775,0.02,15.44,16.32,15.34,down,16.22,2026-09-04T15:58:32,0.123455,16.2249999046326,229.4873,2026-09-07 20:11:28,2026-09-07 16:15:05
NVDA,NVDA271217P00190000,NVDA,2027-12-17,P,190.0,17.4,77.0,18.4,51.0,0.41,4457.0,226.0,-0.2316,0.003,0.788,-0.0344,-0.7356,17.9708,0.1,17.2,18.0,17.05,no_change,18.0,2026-09-04T15:03:31,0.558661,18.0,229.4873,2026-09-07 20:11:28,2026-09-07 16:15:05
NVDA,NVDA271217P00195000,NVDA,2027-12-17,P,195.0,19.3,239.0,20.2,144.0,0.4091,3173.0,114.0,-0.2494,0.0031,0.8198,-0.0357,-0.7884,19.77,-0.015,19.05,19.81,18.7,up,19.81,2026-09-04T13:56:32,-0.0756659,19.7999992370605,229.4873,2026-09-07 20:11:28,2026-09-07 16:15:05
NVDA,NVDA271217P00200000,NVDA,2027-12-17,P,200.0,21.35,1.0,21.95,48.0,0.4082,6858.0,277.0,-0.2676,0.0032,0.8494,-0.037,-0.836,21.6772,0.01,20.7,21.66,20.45,up,21.66,2026-09-04T15:50:38,0.0461867,21.7749996185303,229.4873,2026-09-07 20:11:28,2026-09-07 16:15:05
NVDA,NVDA271217P00205000,NVDA,2027-12-17,P,205.0,23.25,383.0,23.9,124.0,0.4053,1598.0,13.0,-0.2862,0.0034,0.8774,-0.0382,-0.8909,23.6912,0.0,22.95,23.85,22.95,down,23.65,2026-09-04T15:50:00,1.61298e-06,23.7750005722046,229.4873,2026-09-07 20:11:28,2026-09-07 16:15:05
NVDA,NVDA271217P00210000,NVDA,2027-12-17,P,210.0,25.25,188.0,25.95,29.0,0.403,3257.0,54.0,-0.3052,0.0035,0.9021,-0.0392,-0.937,25.8124,-0.025,24.5,25.86,24.35,no_change,25.75,2026-09-04T15:50:02,-0.0969954,25.7750005722046,229.4873,2026-09-07 20:11:28,2026-09-07 16:15:05
NVDA,NVDA271217P00215000,NVDA,2027-12-17,P,215.0,27.75,32.0,28.2,5.0,0.4034,3259.0,60.0,-0.3245,0.0036,0.9255,-0.0402,-0.988,28.0412,0.03,27.55,28.03,26.5,up,28.03,2026-09-04T13:46:41,0.107143,27.875,229.4873,2026-09-07 20:11:28,2026-09-07 16:15:05
NVDA,NVDA271217P00220000,NVDA,2027-12-17,P,220.0,29.6,57.0,30.6,65.0,0.3998,5028.0,198.0,-0.3441,0.0038,0.9453,-0.0412,-1.037,30.425,-0.06,29.7,30.42,28.88,no_change,30.29,2026-09-04T15:48:36,-0.197695,30.3000001907349,229.4873,2026-09-07 20:11:28,2026-09-07 16:15:05
NVDA,NVDA271217P00225000,NVDA,2027-12-17,P,225.0,32.35,57.0,33.35,51.0,0.4024,1198.0,56.0,-0.3638,0.0039,0.9629,-0.042,-1.0803,32.8188,-0.15,32.35,32.8,31.1,down,32.65,2026-09-04T14:57:52,-0.457315,32.9499988555908,229.4873,2026-09-07 20:11:28,2026-09-07 16:15:05
NVDA,NVDA271217P00230000,NVDA,2027-12-17,P,230.0,34.85,55.0,36.1,32.0,0.3995,1915.0,132.0,-0.3836,0.004,0.9786,-0.0428,-1.1345,35.3656,-0.225,34.06,35.4,33.5,up,35.25,2026-09-04T15:48:36,-0.634251,35.2249984741211,229.4873,2026-09-07 20:11:28,2026-09-07 16:15:05
NVDA,NVDA271217P00235000,NVDA,2027-12-17,P,235.0,37.45,136.0,38.45,116.0,0.3996,325.0,21.0,-0.4036,0.0041,0.9904,-0.0434,-1.1707,38.0175,-0.145,37.35,38.08,36.48,no_change,38.08,2026-09-04T14:37:36,-0.379329,38.0,229.4873,2026-09-07 20:11:28,2026-09-07 16:15:05
NVDA,NVDA271217P00240000,NVDA,2027-12-17,P,240.0,40.15,163.0,41.05,48.0,0.3978,5734.0,109.0,-0.4237,0.0042,1.0007,-0.044,-1.2177,40.7699,0.0,38.87,40.7,38.87,up,40.7,2026-09-04T15:16:03,-1.87454e-06,40.6750011444092,229.4873,2026-09-07 20:11:28,2026-09-07 16:15:05
NVDA,NVDA271217P00245000,NVDA,2027-12-17,P,245.0,42.95,55.0,44.05,42.0,0.3975,389.0,10.0,-0.4436,0.0042,1.0066,-0.0445,-1.2504,43.675,-1.3,42.05,42.05,42.05,down,42.05,2026-09-04T10:51:07,-2.99885,43.6750011444092,229.4873,2026-09-07 20:11:28,2026-09-07 16:15:05
NVDA,NVDA271217P00250000,NVDA,2027-12-17,P,250.0,45.8,253.0,46.85,61.0,0.3954,1568.0,9.0,-0.4638,0.0043,1.0124,-0.0448,-1.2976,46.5815,-0.175,45.02,46.75,44.6,up,46.75,2026-09-04T14:32:11,-0.372938,46.5249996185303,229.4873,2026-09-07 20:11:28,2026-09-07 16:15:05
NVDA,NVDA271217P00255000,NVDA,2027-12-17,P,255.0,49.2,45.0,50.05,45.0,0.3975,784.0,0.0,-0.4838,0.0044,1.012,-0.0452,-1.3186,49.6376,0.0,0.0,0.0,0.0,no_change,49.35,2026-09-03T14:38:28,0.0,49.5,229.4873,2026-09-07 20:11:28,2026-09-07 16:15:05
NVDA,NVDA271217P00260000,NVDA,2027-12-17,P,260.0,52.0,112.0,52.95,32.0,0.394,3083.0,27.0,-0.5037,0.0044,1.0128,-0.0454,-1.3591,52.7897,-0.475,50.75,52.64,50.66,up,52.6,2026-09-04T15:02:03,-0.894961,52.8250007629394,229.4873,2026-09-07 20:11:28,2026-09-07 16:15:05
NVDA,NVDA271217P00265000,NVDA,2027-12-17,P,265.0,54.45,49.0,57.35,46.0,0.3954,52.0,0.0,-0.5234,0.0045,1.007,-0.0455,-1.3763,56.03,0.0,0.0,0.0,0.0,down,56.75,2026-09-03T13:07:10,0.0,56.125,229.4873,2026-09-07 20:11:28,2026-09-07 16:15:05
NVDA,NVDA271217P00270000,NVDA,2027-12-17,P,270.0,58.55,225.0,59.7,91.0,0.3939,1853.0,7.0,-0.543,0.0045,1.0029,-0.0456,-1.4108,59.3629,-1.125,57.25,58.25,57.15,up,58.25,2026-09-04T11:30:46,-1.89474,59.2749996185303,229.4873,2026-09-07 20:11:28,2026-09-07 16:15:05
NVDA,NVDA271217P00275000,NVDA,2027-12-17,P,275.0,61.55,15.0,64.1,15.0,0.3963,70.0,0.0,-0.5625,0.0046,0.9908,-0.0457,-1.4118,62.789,0.0,0.0,0.0,0.0,up,65.5,2026-09-02T15:51:19,0.0,62.4750003814697,229.4873,2026-09-07 20:11:28,2026-09-07 16:15:05
NVDA,NVDA271217P00280000,NVDA,2027-12-17,P,280.0,64.55,49.0,67.5,15.0,0.3928,781.0,0.0,-0.5817,0.0046,0.9836,-0.0456,-1.4418,66.3031,0.0,0.0,0.0,0.0,up,68.8,2026-09-02T14:53:21,0.0,66.1500015258789,229.4873,2026-09-07 20:11:28,2026-09-07 16:15:05
NVDA,NVDA271217P00285000,NVDA,2027-12-17,P,285.0,68.95,99.0,70.6,87.0,0.394,52.0,0.0,-0.6008,0.0046,0.967,-0.0455,-1.4412,69.9142,0.0,0.0,0.0,0.0,down,70.15,2026-08-27T13:15:46,0.0,69.875,229.4873,2026-09-07 20:11:28,2026-09-07 16:15:05
NVDA,NVDA271217P00290000,NVDA,2027-12-17,P,290.0,71.7,67.0,74.95,44.0,0.3925,1010.0,0.0,-0.6196,0.0047,0.9516,-0.0454,-1.4542,73.5899,0.0,0.0,0.0,0.0,up,73.9,2026-08-27T13:15:08,0.0,73.6499977111816,229.4873,2026-09-07 20:11:28,2026-09-07 16:15:05
NVDA,NVDA271217P00295000,NVDA,2027-12-17,P,295.0,75.4,137.0,78.75,175.0,0.3922,602.0,0.0,-0.6382,0.0047,0.9329,-0.0453,-1.4373,77.3428,0.0,0.0,0.0,0.0,down,78.3,2026-09-03T13:07:03,0.0,77.0,229.4873,2026-09-07 20:11:28,2026-09-07 16:15:05
NVDA,NVDA271217P00300000,NVDA,2027-12-17,P,300.0,79.15,140.0,82.6,105.0,0.3917,1466.0,20.0,-0.6564,0.0047,0.9126,-0.045,-1.4606,81.1769,-1.2,80.4,80.4,80.4,no_change,80.4,2026-09-04T09:31:30,-1.47059,81.2249984741211,229.4873,2026-09-07 20:11:28,2026-09-07 16:15:05
NVDA,NVDA271217P00310000,NVDA,2027-12-17,P,310.0,86.9,275.0,90.45,289.0,0.3906,3294.0,0.0,-0.6921,0.0047,0.8664,-0.0445,-1.432,89.047,0.0,0.0,0.0,0.0,down,95.81,2026-08-31T15:28:58,0.0,88.9750022888184,229.4873,2026-09-07 20:11:28,2026-09-07 16:15:05
NVDA,NVDA271217P00320000,NVDA,2027-12-17,P,320.0,96.0,52.0,98.4,14.0,0.395,3073.0,0.0,-0.7268,0.0047,0.8085,-0.0439,-1.3688,97.1996,0.0,0.0,0.0,0.0,no_change,114.8,2026-08-04T11:30:42,0.0,97.0250015258789,229.4873,2026-09-07 20:11:28,2026-09-07 16:15:05
NVDA,NVDA271217P00330000,NVDA,2027-12-17,P,330.0,103.2,380.0,107.2,351.0,0.3897,2648.0,0.0,-0.7603,0.0048,0.7554,-0.0432,-1.3156,105.5972,0.0,0.0,0.0,0.0,down,106.9,2026-09-03T13:26:54,0.0,105.325000762939,229.4873,2026-09-07 20:11:28,2026-09-07 16:15:05
NVDA,NVDA271217P00340000,NVDA,2027-12-17,P,340.0,109.0,2.0,119.0,51.0,0.3888,3815.0,0.0,-0.7927,0.0048,0.6849,-0.0424,-1.2312,114.2369,0.0,0.0,0.0,0.0,down,114.35,2026-08-27T13:14:08,0.0,113.975002288818,229.4873,2026-09-07 20:11:28,2026-09-07 16:15:05
NVDA,NVDA271217P00350000,NVDA,2027-12-17,P,350.0,118.0,2.0,128.0,5.0,0.388,562.0,1.0,-0.8237,0.0047,0.6046,-0.0413,-1.1538,123.1065,-2.5,121.0,121.0,121.0,down,121.0,2026-09-04T10:58:13,-2.02429,122.900001525879,229.4873,2026-09-07 20:11:28,2026-09-07 16:15:05
NVDA,NVDA271217P00360000,NVDA,2027-12-17,P,360.0,129.75,47.0,133.7,44.0,0.387,176.0,0.0,-0.8537,0.0046,0.518,-0.0412,-0.9815,132.1727,0.0,0.0,0.0,0.0,up,133.81,2026-09-03T13:27:37,0.0,131.849998474121,229.4873,2026-09-07 20:11:28,2026-09-07 16:15:05
NVDA,NVDA271217P00380000,NVDA,2027-12-17,P,380.0,145.0,51.0,155.0,51.0,0.3817,64.0,0.0,-0.9054,0.0041,0.3571,-0.0377,-0.7182,150.8535,0.0,0.0,0.0,0.0,down,150.68,2026-09-03T14:11:14,0.0,150.525001525879,229.4873,2026-09-07 20:11:28,2026-09-07 16:15:05
NVDA,NVDA271217P00390000,NVDA,2027-12-17,P,390.0,158.45,36.0,161.6,29.0,0.3792,0.0,0.0,-0.9278,0.0036,0.27,-0.0324,-0.52,160.4385,0.0,0.0,0.0,0.0,up,172.8,2026-09-01T10:04:16,0.0,160.5,229.4873,2026-09-07 20:11:28,2026-09-07 16:15:05
NVDA,NVDA271217P00400000,NVDA,2027-12-17,P,400.0,165.0,5.0,175.0,5.0,0.3768,20.0,0.0,-0.947,0.0032,0.2239,-0.0238,-0.4765,170.1323,0.0,0.0,0.0,0.0,down,180.8,2026-09-01T12:21:55,0.0,170.275001525879,229.4873,2026-09-07 20:11:28,2026-09-07 16:15:05
NVDA,NVDA271217P00410000,NVDA,2027-12-17,P,410.0,175.0,5.0,185.0,5.0,0.0,0.0,0.0,-0.9632,0.0028,0.158,-0.0161,-0.2245,179.9162,0.0,0.0,0.0,0.0,down,202.26,2026-06-18T09:49:44,0.0,180.224998474121,229.4873,2026-09-07 20:11:28,2026-09-07 16:15:05
NVDA,NVDA271217P00420000,NVDA,2027-12-17,P,420.0,185.0,55.0,195.0,55.0,0.0,0.0,0.0,-0.9757,0.0021,0.0912,-0.0012,-0.1498,189.8047,0.0,0.0,0.0,0.0,up,204.6,2026-05-22T14:48:12,0.0,190.0,229.4873,2026-09-07 20:11:28,2026-09-07 16:15:05
NVDA,NVDA271217P00430000,NVDA,2027-12-17,P,430.0,195.0,55.0,205.0,55.0,0.4208,0.0,0.0,-0.9844,0.0016,0.0555,0.0,-0.0422,199.7392,0.0,0.0,0.0,0.0,no_change,0.0,,0.0,200.050003051758,229.4873,2026-09-07 20:11:28,2026-09-07 16:15:05
NVDA,NVDA271217P00440000,NVDA,2027-12-17,P,440.0,205.0,51.0,215.0,51.0,0.0,0.0,0.0,-0.9916,0.0009,0.0,0.0,0.0,209.735,0.0,0.0,0.0,0.0,no_change,0.0,,0.0,210.0,229.4873,2026-09-07 20:11:28,2026-09-07 16:15:05
NVDA,NVDA271217P00450000,NVDA,2027-12-17,P,450.0,215.0,51.0,225.0,51.0,0.4424,0.0,0.0,-0.9958,0.0004,0.0,0.0,0.0,219.735,0.0,0.0,0.0,0.0,up,243.7,2026-07-21T11:24:04,0.0,220.0,229.4873,2026-09-07 20:11:28,2026-09-07 16:15:05
NVDA,NVDA271217P00455000,NVDA,2027-12-17,P,455.0,223.4,22.0,225.9,19.0,0.0,0.0,0.0,-0.9973,0.0003,0.0,0.0,0.0,224.735,0.0,0.0,0.0,0.0,no_change,0.0,,0.0,225.0,229.4873,2026-09-07 20:11:28,2026-09-07 16:15:05
NVDA,NVDA271217P00460000,NVDA,2027-12-17,P,460.0,225.0,5.0,235.0,5.0,0.4541,0.0,0.0,-0.9984,0.0002,0.0,0.0,0.0,229.735,0.0,0.0,0.0,0.0,no_change,0.0,,0.0,229.975006103516,229.4873,2026-09-07 20:11:28,2026-09-07 16:15:05
NVDA,NVDA280121C00005000,NVDA,2028-01-21,C,5.0,220.0,2.0,230.0,2.0,0.0,1422.0,0.0,1.0,0.0,0.0021,0.0,0.0315,225.6517,0.0,0.0,0.0,0.0,down,215.0,2026-08-18T15:49:32,0.0,224.875,229.4873,2026-09-07 20:11:28,2026-09-07 16:15:05
NVDA,NVDA280121C00010000,NVDA,2028-01-21,C,10.0,215.0,2.0,225.0,2.0,0.0,296.0,0.0,1.0,0.0,0.0034,0.0,0.0762,220.775,0.0,0.0,0.0,0.0,down,200.1,2026-08-26T14:57:14,0.0,219.425003051758,229.4873,2026-09-07 20:11:28,2026-09-07 16:15:05
NVDA,NVDA280121C00015000,NVDA,2028-01-21,C,15.0,211.0,2.0,221.0,2.0,0.0,114.0,0.0,1.0,0.0,0.0075,0.0,0.1417,215.9711,0.0,0.0,0.0,0.0,up,210.0,2026-08-27T10:01:25,0.0,215.5,229.4873,2026-09-07 20:11:28,2026-09-07 16:15:05
NVDA,NVDA280121C00020000,NVDA,2028-01-21,C,20.0,206.0,2.0,216.0,2.0,0.3887,3090.0,0.0,1.0,0.0,0.0126,0.0,0.2205,211.2354,0.0,0.0,0.0,0.0,down,201.41,2026-08-31T15:57:57,0.0,210.825004577637,229.4873,2026-09-07 20:11:28,2026-09-07 16:15:05
NVDA,NVDA280121C00025000,NVDA,2028-01-21,C,25.0,201.0,2.0,211.0,2.0,0.709,809.0,0.0,1.0,0.0,0.017,0.0,0.2971,206.5426,0.0,0.0,0.0,0.0,up,193.66,2026-08-28T14:50:04,0.0,206.149993896484,229.4873,2026-09-07 20:11:28,2026-09-07 16:15:05
NVDA,NVDA280121C00030000,NVDA,2028-01-21,C,30.0,197.0,5.0,207.0,4.0,0.6965,503.0,0.0,1.0,0.0,0.0226,0.0,0.3568,201.8686,0.0,0.0,0.0,0.0,up,191.83,2026-08-18T12:20:51,0.0,201.5,229.4873,2026-09-07 20:11:28,2026-09-07 16:15:05
NVDA,NVDA280121C00035000,NVDA,2028-01-21,C,35.0,192.0,2.0,202.0,10.0,0.6843,498.0,0.0,1.0,0.0,0.0287,0.0,0.4222,197.204,0.0,0.0,0.0,0.0,up,196.44,2026-09-03T14:38:07,0.0,196.699996948242,229.4873,2026-09-07 20:11:28,2026-09-07 16:15:05
NVDA,NVDA280121C00040000,NVDA,2028-01-21,C,40.0,187.0,2.0,197.0,51.0,0.0,248.0,0.0,1.0,0.0001,0.0352,0.0,0.4985,192.5538,0.0,0.0,0.0,0.0,up,191.19,2026-09-03T14:47:58,0.0,191.400001525879,229.4873,2026-09-07 20:11:28,2026-09-07 16:15:05
NVDA,NVDA280121C00045000,NVDA,2028-01-21,C,45.0,183.0,2.0,193.0,55.0,0.6477,141.0,0.0,0.9997,0.0001,0.0424,0.0,0.5713,187.9236,0.0,0.0,0.0,0.0,up,186.35,2026-09-03T14:42:18,0.0,187.450004577637,229.4873,2026-09-07 20:11:28,2026-09-07 16:15:05
NVDA,NVDA280121C00050000,NVDA,2028-01-21,C,50.0,178.0,2.0,188.0,55.0,0.6241,433.0,1.0,0.9986,0.0001,0.0504,0.0,0.6314,183.3037,2.095,183.97,183.97,183.97,up,183.97,2026-09-04T12:08:47,1.15189,182.899993896484,229.4873,2026-09-07 20:11:28,2026-09-07 16:15:05
NVDA,NVDA280121C00055000,NVDA,2028-01-21,C,55.0,173.0,2.0,182.6,50.0,0.601,334.0,0.0,0.9972,0.0001,0.0592,0.0,0.6909,178.6923,0.0,0.0,0.0,0.0,up,178.13,2026-09-03T13:42:37,0.0,178.200004577637,229.4873,2026-09-07 20:11:28,2026-09-07 16:15:05
NVDA,NVDA280121C00060000,NVDA,2028-01-21,C,60.0,169.0,2.0,179.0,6.0,0.5828,236.0,3.0,0.9957,0.0002,0.069,0.0,0.7497,174.0904,1.76,174.41,174.41,174.41,up,174.41,2026-09-04T15:55:31,1.01941,173.599998474121,229.4873,2026-09-07 20:11:28,2026-09-07 16:15:05
NVDA,NVDA280121C00065000,NVDA,2028-01-21,C,65.0,164.0,51.0,173.4,50.0,0.5678,649.0,6.0,0.994,0.0002,0.0798,0.0,0.8076,169.4995,0.145,168.32,168.32,168.32,down,168.32,2026-09-04T15:56:30,0.0862179,169.025001525879,229.4873,2026-09-07 20:11:28,2026-09-07 16:15:05
NVDA,NVDA280121C00070000,NVDA,2028-01-21,C,70.0,160.0,62.0,170.0,55.0,0.5519,371.0,2.0,0.9921,0.0002,0.0917,0.0,0.8648,164.9213,1.48,165.73,165.73,165.73,up,165.73,2026-09-04T13:28:21,0.901065,164.550003051758,229.4873,2026-09-07 20:11:28,2026-09-07 16:15:05
NVDA,NVDA280121C00075000,NVDA,2028-01-21,C,75.0,156.3,50.0,164.3,50.0,0.5382,367.0,0.0,0.9899,0.0003,0.1047,0.0,0.9209,160.3579,0.0,0.0,0.0,0.0,down,154.95,2026-08-14T14:57:52,0.0,159.974998474121,229.4873,2026-09-07 20:11:28,2026-09-07 16:15:05
NVDA,NVDA280121C00080000,NVDA,2028-01-21,C,80.0,151.0,2.0,161.0,12.0,0.5237,798.0,0.0,0.9874,0.0003,0.1194,0.0,0.9757,155.8122,0.0,0.0,0.0,0.0,down,144.03,2026-08-31T11:42:41,0.0,155.224998474121,229.4873,2026-09-07 20:11:28,2026-09-07 16:15:05
NVDA,NVDA280121C00085000,NVDA,2028-01-21,C,85.0,147.65,50.0,155.15,51.0,0.5239,426.0,0.0,0.9846,0.0004,0.1354,0.0,1.0292,151.2882,0.0,0.0,0.0,0.0,up,148.47,2026-09-03T09:43:16,0.0,151.649993896484,229.4873,2026-09-07 20:11:28,2026-09-07 16:15:05
NVDA,NVDA280121C00090000,NVDA,2028-01-21,C,90.0,143.35,205.0,150.65,143.0,0.517,1890.0,0.0,0.9814,0.0004,0.153,0.0,1.0812,146.7899,0.0,0.0,0.0,0.0,no_change,141.5,2026-08-27T10:02:41,0.0,147.424995422363,229.4873,2026-09-07 20:11:28,2026-09-07 16:15:05
NVDA,NVDA280121C00095000,NVDA,2028-01-21,C,95.0,138.85,178.0,144.0,92.0,0.4278,202.0,1.0,0.9777,0.0005,0.1727,0.0,1.1312,142.3218,1.475,142.3,142.3,142.3,up,142.3,2026-09-04T15:47:26,1.0474,142.274993896484,229.4873,2026-09-07 20:11:28,2026-09-07 16:15:05
NVDA,NVDA280121C00100000,NVDA,2028-01-21,C,100.0,135.35,221.0,139.0,20.0,0.4401,3192.0,5.0,0.9735,0.0006,0.1944,0.0,1.179,137.8897,-0.2,137.7,137.73,137.2,down,137.2,2026-09-04T15:30:12,-0.145562,137.625,229.4873,2026-09-07 20:11:28,2026-09-07 16:15:05
NVDA,NVDA280121C00105000,NVDA,2028-01-21,C,105.0,130.85,250.0,137.45,56.0,0.5012,1012.0,0.0,0.9687,0.0006,0.2178,0.0,1.2246,133.4986,0.0,0.0,0.0,0.0,no_change,131.03,2026-09-03T12:15:42,0.0,133.600006103516,229.4873,2026-09-07 20:11:28,2026-09-07 16:15:05
NVDA,NVDA280121C00110000,NVDA,2028-01-21,C,110.0,125.7,86.0,132.05,67.0,0.4536,677.0,1.0,0.9633,0.0007,0.2436,0.0,1.2676,129.1537,4.3,132.95,132.95,132.95,up,132.95,2026-09-04T10:19:50,3.3424,128.799999237061,229.4873,2026-09-07 20:11:28,2026-09-07 16:15:05
NVDA,NVDA280121C00115000,NVDA,2028-01-21,C,115.0,121.4,183.0,128.75,135.0,0.4664,1211.0,0.0,0.9572,0.0008,0.2716,-0.001,1.3076,124.8609,0.0,0.0,0.0,0.0,down,120.35,2026-09-02T12:53:08,0.0,125.950000762939,229.4873,2026-09-07 20:11:28,2026-09-07 16:15:05
NVDA,NVDA280121C00120000,NVDA,2028-01-21,C,120.0,119.3,109.0,122.15,121.0,0.4556,1926.0,18.0,0.9505,0.0009,0.3011,-0.0025,1.3449,120.6252,0.965,123.7,123.7,120.34,down,120.34,2026-09-04T15:45:28,0.808377,120.050003051758,229.4873,2026-09-07 20:11:28,2026-09-07 16:15:05
NVDA,NVDA280121C00125000,NVDA,2028-01-21,C,125.0,115.1,33.0,117.95,76.0,0.4488,601.0,0.0,0.943,0.001,0.3329,-0.0041,1.379,116.4514,0.0,0.0,0.0,0.0,up,111.77,2026-09-02T12:52:36,0.0,116.400001525879,229.4873,2026-09-07 20:11:28,2026-09-07 16:15:05
NVDA,NVDA280121C00130000,NVDA,2028-01-21,C,130.0,111.3,174.0,113.85,335.0,0.4479,2333.0,3.0,0.9348,0.0011,0.3664,-0.0058,1.4094,112.3452,0.925,115.91,115.91,112.0,up,112.5,2026-09-04T14:32:22,0.829038,112.024997711182,229.4873,2026-09-07 20:11:28,2026-09-07 16:15:05
NVDA,NVDA280121C00135000,NVDA,2028-01-21,C,135.0,107.3,123.0,109.85,277.0,0.4438,797.0,17.0,0.9259,0.0012,0.4009,-0.0075,1.437,108.311,0.195,111.04,111.04,106.97,down,106.97,2026-09-04T13:41:44,0.182626,108.200000762939,229.4873,2026-09-07 20:11:28,2026-09-07 16:15:05
NVDA,NVDA280121C00140000,NVDA,2028-01-21,C,140.0,103.35,78.0,105.8,257.0,0.4383,3991.0,12.0,0.9162,0.0014,0.437,-0.0092,1.4609,104.3528,1.295,104.33,104.57,104.27,down,104.27,2026-09-04T14:23:38,1.25759,103.849998474121,229.4873,2026-09-07 20:11:28,2026-09-07 16:15:05
NVDA,NVDA280121C00145000,NVDA,2028-01-21,C,145.0,99.25,44.0,102.0,106.0,0.4327,1531.0,0.0,0.9057,0.0015,0.4743,-0.011,1.481,100.476,0.0,0.0,0.0,0.0,up,99.7,2026-09-03T14:53:02,0.0,100.650001525879,229.4873,2026-09-07 20:11:28,2026-09-07 16:15:05
NVDA,NVDA280121C00150000,NVDA,2028-01-21,C,150.0,95.6,168.0,97.55,61.0,0.4242,5857.0,122.0,0.8946,0.0016,0.5116,-0.0128,1.4982,96.6839,1.05,98.0,100.5,96.33,up,96.4,2026-09-04T15:40:13,1.1012,96.2749977111816,229.4873,2026-09-07 20:11:28,2026-09-07 16:15:05
NVDA,NVDA280121C00155000,NVDA,2028-01-21,C,155.0,92.25,67.0,94.5,169.0,0.4307,972.0,9.0,0.8827,0.0018,0.5498,-0.0146,1.5117,92.9791,1.735,96.19,96.19,93.45,up,93.46,2026-09-04T12:26:30,1.89153,92.7249984741211,229.4873,2026-09-07 20:11:28,2026-09-07 16:15:05
NVDA,NVDA280121C00160000,NVDA,2028-01-21,C,160.0,88.15,125.0,90.3,98.0,0.4185,2088.0,18.0,0.8701,0.0019,0.5883,-0.0164,1.5212,89.3659,1.325,89.0,93.0,89.0,down,89.4,2026-09-04T14:32:30,1.5044,89.2749977111816,229.4873,2026-09-07 20:11:28,2026-09-07 16:15:05
NVDA,NVDA280121C00165000,NVDA,2028-01-21,C,165.0,84.95,76.0,86.9,116.0,0.4198,1263.0,23.0,0.8569,0.002,0.626,-0.0182,1.5282,85.8462,1.925,85.5,89.33,85.5,down,86.35,2026-09-04T13:18:14,2.28013,85.6000022888184,229.4873,2026-09-07 20:11:28,2026-09-07 16:15:05
NVDA,NVDA280121C00170000,NVDA,2028-01-21,C,170.0,81.3,120.0,83.6,212.0,0.4169,3619.0,41.0,0.8431,0.0022,0.6636,-0.02,1.5318,82.4206,1.15,84.63,86.0,82.27,up,82.4,2026-09-04T15:57:58,1.41538,82.2999992370606,229.4873,2026-09-07 20:11:28,2026-09-07 16:15:05
NVDA,NVDA280121C00175000,NVDA,2028-01-21,C,175.0,78.25,110.0,80.55,174.0,0.4189,8311.0,139.0,0.8287,0.0023,0.7008,-0.0217,1.5315,79.092,1.66,80.3,83.35,77.85,up,79.31,2026-09-04T14:55:37,2.1378,78.8499984741211,229.4873,2026-09-07 20:11:28,2026-09-07 16:15:05
NVDA,NVDA280121C00180000,NVDA,2028-01-21,C,180.0,75.6,48.0,76.55,61.0,0.4157,13506.0,428.0,0.8138,0.0024,0.7365,-0.0234,1.5291,75.8609,2.05,77.0,79.16,75.61,up,76.5,2026-09-04T15:54:10,2.75353,75.5750007629394,229.4873,2026-09-07 20:11:28,2026-09-07 16:15:05
NVDA,NVDA280121C00185000,NVDA,2028-01-21,C,185.0,71.95,263.0,73.85,188.0,0.4134,9390.0,53.0,0.7985,0.0026,0.771,-0.025,1.5241,72.7262,2.075,73.58,75.9,73.3,down,73.6,2026-09-04T11:10:08,2.90108,72.5,229.4873,2026-09-07 20:11:28,2026-09-07 16:15:05
NVDA,NVDA280121C00190000,NVDA,2028-01-21,C,190.0,69.1,158.0,70.6,197.0,0.4116,8648.0,13.0,0.7828,0.0027,0.8047,-0.0265,1.5154,69.6889,1.725,72.63,73.05,69.3,up,70.15,2026-09-04T15:53:43,2.52101,69.5499992370606,229.4873,2026-09-07 20:11:28,2026-09-07 16:15:05
NVDA,NVDA280121C00195000,NVDA,2028-01-21,C,195.0,65.75,319.0,67.8,268.0,0.4086,6950.0,2.0,0.7667,0.0028,0.8365,-0.028,1.5046,66.7496,2.295,70.0,70.0,67.82,down,67.82,2026-09-04T11:02:36,3.50248,66.5249977111816,229.4873,2026-09-07 20:11:28,2026-09-07 16:15:05
NVDA,NVDA280121C00200000,NVDA,2028-01-21,C,200.0,63.3,204.0,64.3,33.0,0.4057,27582.0,225.0,0.7503,0.0029,0.8663,-0.0294,1.4924,63.9059,1.295,65.0,67.03,63.6,no_change,64.02,2026-09-04T15:57:55,2.06457,63.7250003814697,229.4873,2026-09-07 20:11:28,2026-09-07 16:15:05
NVDA,NVDA280121C00205000,NVDA,2028-01-21,C,205.0,60.2,116.0,62.35,187.0,0.4071,999.0,7.0,0.7336,0.003,0.8947,-0.0306,1.4772,61.1574,0.975,64.0,64.4,60.95,down,60.95,2026-09-04T15:39:05,1.62568,60.9750003814697,229.4873,2026-09-07 20:11:28,2026-09-07 16:15:05
NVDA,NVDA280121C00210000,NVDA,2028-01-21,C,210.0,57.9,199.0,59.4,209.0,0.4062,9742.0,223.0,0.7168,0.0031,0.9212,-0.0319,1.4595,58.5048,1.35,59.5,61.46,58.5,up,58.7,2026-09-04T15:57:42,2.35397,58.1999988555908,229.4873,2026-09-07 20:11:28,2026-09-07 16:15:05
NVDA,NVDA280121C00215000,NVDA,2028-01-21,C,215.0,55.5,80.0,56.85,148.0,0.406,1451.0,68.0,0.6998,0.0032,0.9455,-0.033,1.441,55.9463,1.175,57.0,58.8,55.95,down,55.95,2026-09-04T15:10:43,2.14514,55.625,229.4873,2026-09-07 20:11:28,2026-09-07 16:15:05
NVDA,NVDA280121C00220000,NVDA,2028-01-21,C,220.0,52.75,112.0,54.25,131.0,0.4028,9625.0,38.0,0.6826,0.0033,0.9677,-0.034,1.4211,53.4797,1.325,54.7,56.5,53.4,down,53.6,2026-09-04T15:58:31,2.53467,53.25,229.4873,2026-09-07 20:11:28,2026-09-07 16:15:05
NVDA,NVDA280121C00225000,NVDA,2028-01-21,C,225.0,50.3,120.0,51.55,85.0,0.3998,5433.0,80.0,0.6654,0.0034,0.988,-0.035,1.3986,51.1047,1.55,52.2,54.0,51.27,up,51.5,2026-09-04T15:56:56,3.1031,50.8500003814697,229.4873,2026-09-07 20:11:28,2026-09-07 16:15:05
NVDA,NVDA280121C00230000,NVDA,2028-01-21,C,230.0,48.65,30.0,49.35,81.0,0.4025,14997.0,398.0,0.6482,0.0035,1.0062,-0.0358,1.3748,48.8211,1.195,48.54,51.5,48.45,up,48.92,2026-09-04T15:58:56,2.50393,48.6000003814697,229.4873,2026-09-07 20:11:28,2026-09-07 16:15:05
NVDA,NVDA280121C00235000,NVDA,2028-01-21,C,235.0,46.4,34.0,47.4,59.0,0.4026,1373.0,62.0,0.6309,0.0035,1.0221,-0.0366,1.3507,46.6265,1.875,47.45,49.2,46.65,up,47.4,2026-09-04T12:54:41,4.11862,46.3999996185303,229.4873,2026-09-07 20:11:28,2026-09-07 16:15:05
NVDA,NVDA280121C00240000,NVDA,2028-01-21,C,240.0,43.8,148.0,44.85,31.0,0.3973,10133.0,68.0,0.6138,0.0036,1.036,-0.0372,1.3257,44.5182,0.925,45.65,47.05,44.39,down,44.4,2026-09-04T15:48:16,2.12766,44.4750003814697,229.4873,2026-09-07 20:11:28,2026-09-07 16:15:05
NVDA,NVDA280121C00245000,NVDA,2028-01-21,C,245.0,42.4,14.0,43.2,33.0,0.4013,2414.0,6.0,0.5967,0.0036,1.0478,-0.0378,1.2987,42.4957,1.45,44.08,44.85,42.9,down,42.9,2026-09-04T13:28:21,3.49819,42.4500007629394,229.4873,2026-09-07 20:11:28,2026-09-07 16:15:05
NVDA,NVDA280121C00250000,NVDA,2028-01-21,C,250.0,40.2,87.0,41.1,43.0,0.3989,37657.0,462.0,0.5797,0.0037,1.0575,-0.0383,1.2709,40.5581,1.325,40.6,43.0,40.0,down,40.8,2026-09-04T15:51:05,3.35655,40.3999996185303,229.4873,2026-09-07 20:11:28,2026-09-07 16:15:05
NVDA,NVDA280121C00255000,NVDA,2028-01-21,C,255.0,38.4,16.0,39.45,70.0,0.3993,961.0,16.0,0.5629,0.0037,1.0652,-0.0387,1.2435,38.7023,1.6,39.57,39.57,39.15,down,39.15,2026-09-04T11:53:39,4.26098,38.4250011444092,229.4873,2026-09-07 20:11:28,2026-09-07 16:15:05
NVDA,NVDA280121C00260000,NVDA,2028-01-21,C,260.0,36.8,36.0,37.55,69.0,0.399,9846.0,75.0,0.5463,0.0037,1.071,-0.039,1.2157,36.9255,1.4,38.45,39.15,36.96,up,37.3,2026-09-04T15:52:29,3.89972,36.8249988555908,229.4873,2026-09-07 20:11:28,2026-09-07 16:15:05
NVDA,NVDA280121C00265000,NVDA,2028-01-21,C,265.0,35.05,62.0,35.8,184.0,0.3981,1657.0,7.0,0.5299,0.0037,1.0749,-0.0393,1.1867,35.2259,0.85,36.9,36.9,35.1,down,35.1,2026-09-04T12:03:23,2.48175,35.0750007629394,229.4873,2026-09-07 20:11:28,2026-09-07 16:15:05
NVDA,NVDA280121C00270000,NVDA,2028-01-21,C,270.0,33.5,27.0,34.2,35.0,0.3981,8423.0,345.0,0.5137,0.0038,1.0769,-0.0394,1.157,33.6045,1.3,33.76,35.6,33.07,up,33.9,2026-09-04T12:36:08,3.98773,33.5249996185303,229.4873,2026-09-07 20:11:28,2026-09-07 16:15:05
NVDA,NVDA280121C00275000,NVDA,2028-01-21,C,275.0,31.6,28.0,32.5,37.0,0.3968,1340.0,15.0,0.4978,0.0038,1.0772,-0.0396,1.128,32.0544,2.025,33.4,33.7,32.95,no_change,32.95,2026-09-04T12:50:19,6.5481,32.0250005722046,229.4873,2026-09-07 20:11:28,2026-09-07 16:15:05
NVDA,NVDA280121C00280000,NVDA,2028-01-21,C,280.0,30.4,31.0,31.15,41.0,0.397,8584.0,142.0,0.4822,0.0038,1.0762,-0.0396,1.0994,30.5741,1.085,32.11,32.11,30.61,down,30.61,2026-09-04T13:39:21,3.67485,30.4250001907349,229.4873,2026-09-07 20:11:28,2026-09-07 16:15:05
NVDA,NVDA280121C00285000,NVDA,2028-01-21,C,285.0,28.8,10.0,29.7,47.0,0.3956,995.0,84.0,0.4669,0.0038,1.0734,-0.0396,1.0705,29.161,1.075,30.0,31.05,29.2,no_change,29.2,2026-09-04T15:48:32,3.82222,29.0,229.4873,2026-09-07 20:11:28,2026-09-07 16:15:05
NVDA,NVDA280121C00290000,NVDA,2028-01-21,C,290.0,27.7,5.0,28.35,16.0,0.3966,5974.0,251.0,0.452,0.0037,1.069,-0.0395,1.0409,27.8138,1.375,29.0,29.7,27.73,no_change,28.15,2026-09-04T13:27:40,5.13539,27.8000001907349,229.4873,2026-09-07 20:11:28,2026-09-07 16:15:05
NVDA,NVDA280121C00295000,NVDA,2028-01-21,C,295.0,25.95,18.0,27.3,19.0,0.3941,2154.0,1.0,0.4373,0.0037,1.0633,-0.0393,1.0115,26.5284,2.05,27.65,27.65,27.65,up,27.65,2026-09-04T09:41:56,8.00781,26.2749996185303,229.4873,2026-09-07 20:11:28,2026-09-07 16:15:05
NVDA,NVDA280121C00300000,NVDA,2028-01-21,C,300.0,25.25,2.0,25.5,24.0,0.3946,96083.0,583.0,0.4231,0.0037,1.0566,-0.0391,0.9835,25.3163,1.17,25.5,27.0,25.1,no_change,25.47,2026-09-04T15:57:10,4.81481,25.0500001907349,229.4873,2026-09-07 20:11:28,2026-09-07 16:15:05
NVDA,NVDA280121C00310000,NVDA,2028-01-21,C,310.0,22.55,42.0,23.25,30.0,0.3936,10488.0,10.0,0.3956,0.0036,1.04,-0.0386,0.9282,23.0464,2.275,22.58,24.5,22.58,down,24.35,2026-09-04T10:18:51,10.3058,22.7749996185303,229.4873,2026-09-07 20:11:28,2026-09-07 16:15:05
NVDA,NVDA280121C00320000,NVDA,2028-01-21,C,320.0,20.7,9.0,21.7,18.0,0.3934,7261.0,1002.0,0.3693,0.0036,1.0182,-0.0379,0.8724,20.9688,1.14,21.6,22.31,20.8,up,21.14,2026-09-04T15:53:11,5.7,20.6999998092651,229.4873,2026-09-07 20:11:28,2026-09-07 16:15:05
NVDA,NVDA280121C00330000,NVDA,2028-01-21,C,330.0,18.8,26.0,19.7,19.0,0.3931,4458.0,105.0,0.3447,0.0035,0.9943,-0.0371,0.8206,19.1019,1.425,19.1,20.4,19.0,up,19.6,2026-09-04T12:49:26,7.84044,18.875,229.4873,2026-09-07 20:11:28,2026-09-07 16:15:05
NVDA,NVDA280121C00340000,NVDA,2028-01-21,C,340.0,17.2,27.0,17.8,37.0,0.3952,3113.0,12.0,0.3215,0.0034,0.9676,-0.0362,0.7704,17.4113,0.8,18.55,18.55,17.4,down,17.4,2026-09-04T14:45:54,4.81928,17.2250003814697,229.4873,2026-09-07 20:11:28,2026-09-07 16:15:05
NVDA,NVDA280121C00350000,NVDA,2028-01-21,C,350.0,15.45,132.0,16.3,64.0,0.3959,28860.0,141.0,0.2998,0.0033,0.9384,-0.0352,0.7218,15.8839,0.98,15.75,16.9,15.7,up,16.03,2026-09-04T15:52:39,6.51163,15.75,229.4873,2026-09-07 20:11:28,2026-09-07 16:15:05
NVDA,NVDA280121C00360000,NVDA,2028-01-21,C,360.0,14.2,91.0,14.9,223.0,0.3956,7586.0,10.0,0.2794,0.0032,0.9086,-0.0341,0.6772,14.5034,1.3,14.55,15.4,14.55,no_change,15.1,2026-09-04T10:47:10,9.42029,14.3250002861023,229.4873,2026-09-07 20:11:28,2026-09-07 16:15:05
NVDA,NVDA280121C00370000,NVDA,2028-01-21,C,370.0,13.05,5.0,13.5,10.0,0.3958,5248.0,8.0,0.2605,0.003,0.8776,-0.033,0.6343,13.2554,0.775,13.8,13.8,13.25,down,13.25,2026-09-04T14:19:17,6.21243,13.1999998092651,229.4873,2026-09-07 20:11:28,2026-09-07 16:15:05
NVDA,NVDA280121C00380000,NVDA,2028-01-21,C,380.0,11.85,5.0,12.5,20.0,0.397,8961.0,13.0,0.2428,0.0029,0.8454,-0.0319,0.5932,12.1289,0.95,12.7,12.7,12.18,up,12.4,2026-09-04T12:48:25,8.29694,12.0250000953674,229.4873,2026-09-07 20:11:28,2026-09-07 16:15:05
NVDA,NVDA280121C00390000,NVDA,2028-01-21,C,390.0,10.9,28.0,11.5,64.0,0.398,8310.0,204.0,0.2264,0.0028,0.8139,-0.0307,0.5558,11.1123,0.625,11.74,11.84,10.95,up,11.15,2026-09-04T12:40:36,5.93825,10.9499998092651,229.4873,2026-09-07 20:11:28,2026-09-07 16:15:05
NVDA,NVDA280121C00400000,NVDA,2028-01-21,C,400.0,10.0,26.0,10.55,49.0,0.3988,51537.0,303.0,0.2112,0.0027,0.7827,-0.0296,0.5207,10.1935,0.55,10.0,10.92,9.85,up,10.15,2026-09-04T15:48:51,5.72917,10.125,229.4873,2026-09-07 20:11:28,2026-09-07 16:15:05
NVDA,NVDA280121C00410000,NVDA,2028-01-21,C,410.0,9.05,41.0,9.8,90.0,0.3994,21525.0,24.0,0.1971,0.0026,0.7511,-0.0285,0.487,9.364,1.05,9.7,9.9,9.7,up,9.9,2026-09-04T09:50:38,11.8644,9.27500009536743,229.4873,2026-09-07 20:11:28,2026-09-07 16:15:05
NVDA,NVDA280121C00420000,NVDA,2028-01-21,C,420.0,8.35,245.0,8.8,60.0,0.3988,21565.0,105.0,0.1841,0.0025,0.7205,-0.0274,0.4563,8.6221,0.55,8.52,9.1,8.52,down,8.65,2026-09-04T15:58:27,6.79012,8.5499997138977,229.4873,2026-09-07 20:11:28,2026-09-07 16:15:05
NVDA,NVDA280121C00430000,NVDA,2028-01-21,C,430.0,7.55,31.0,8.4,90.0,0.4029,2236.0,29.0,0.172,0.0024,0.6908,-0.0263,0.4277,7.9381,0.4,8.15,8.4,7.85,down,7.85,2026-09-04T15:43:37,5.36913,7.84999990463257,229.4873,2026-09-07 20:11:28,2026-09-07 16:15:05
NVDA,NVDA280121C00440000,NVDA,2028-01-21,C,440.0,7.0,98.0,7.7,99.0,0.402,3056.0,6.0,0.1608,0.0022,0.662,-0.0252,0.401,7.325,0.5,7.57,7.57,7.05,up,7.35,2026-09-04T09:30:04,7.29927,7.22499990463257,229.4873,2026-09-07 20:11:28,2026-09-07 16:15:05
NVDA,NVDA280121C00450000,NVDA,2028-01-21,C,450.0,6.55,12.0,7.0,51.0,0.4029,9856.0,90.0,0.1505,0.0021,0.6336,-0.0242,0.3757,6.7703,0.25,7.0,7.14,6.4,down,6.55,2026-09-04T15:43:41,3.96825,6.65000009536743,229.4873,2026-09-07 20:11:28,2026-09-07 16:15:05
NVDA,NVDA280121C00455000,NVDA,2028-01-21,C,455.0,6.2,33.0,6.95,90.0,0.4044,352.0,58.0,0.1456,0.0021,0.6198,-0.0237,0.3639,6.513,0.415,6.8,6.8,6.44,down,6.44,2026-09-04T13:46:53,6.88797,6.34999990463257,229.4873,2026-09-07 20:11:28,2026-09-07 16:15:05
NVDA,NVDA280121C00460000,NVDA,2028-01-21,C,460.0,4.5,7.0,6.5,101.0,0.4045,5574.0,274.0,0.141,0.002,0.6064,-0.0232,0.3526,6.268,0.25,6.4,6.55,6.0,down,6.0,2026-09-04T15:58:24,4.34783,6.15000009536743,229.4873,2026-09-07 20:11:28,2026-09-07 16:15:05
NVDA,NVDA280121P00005000,NVDA,2028-01-21,P,5.0,0.0,0.0,0.02,200.0,1.0813,6939.0,100.0,-0.0003,0.0,0.0029,-0.0003,-0.0013,0.0349,0.005,0.02,0.02,0.02,no_change,0.02,2026-09-04T11:20:54,33.3333,0.00999999977648258,229.4873,2026-09-07 20:11:28,2026-09-07 16:15:05
NVDA,NVDA280121P00010000,NVDA,2028-01-21,P,10.0,0.01,10.0,0.08,51.0,1.0008,5947.0,0.0,-0.0006,0.0,0.0059,-0.0006,-0.0028,0.0646,0.0,0.0,0.0,0.0,no_change,0.05,2026-08-20T11:21:23,0.0,0.0449999989941716,229.4873,2026-09-07 20:11:28,2026-09-07 16:15:05
NVDA,NVDA280121P00015000,NVDA,2028-01-21,P,15.0,0.0,0.0,0.39,50.0,1.0246,1856.0,0.0,-0.001,0.0,0.0094,-0.0008,-0.0044,0.0969,0.0,0.0,0.0,0.0,down,0.06,2026-08-27T09:35:41,0.0,0.199999992735684,229.4873,2026-09-07 20:11:28,2026-09-07 16:15:05
NVDA,NVDA280121P00020000,NVDA,2028-01-21,P,20.0,0.06,15.0,0.21,100.0,0.8683,2769.0,0.0,-0.0015,0.0,0.0134,-0.0011,-0.0063,0.1329,0.0,0.0,0.0,0.0,down,0.09,2026-09-02T14:48:18,0.0,0.130000000819564,229.4873,2026-09-07 20:11:28,2026-09-07 16:15:05
NVDA,NVDA280121P00025000,NVDA,2028-01-21,P,25.0,0.01,10.0,0.58,1.0,0.8457,581.0,0.0,-0.0021,0.0,0.018,-0.0014,-0.0086,0.1732,0.0,0.0,0.0,0.0,up,0.19,2026-07-29T13:29:47,0.0,0.239999999292195,229.4873,2026-09-07 20:11:28,2026-09-07 16:15:05
NVDA,NVDA280121P00030000,NVDA,2028-01-21,P,30.0,0.1,14.0,0.25,5.0,0.7455,766.0,0.0,-0.0028,0.0,0.0232,-0.0017,-0.0112,0.2186,0.0,0.0,0.0,0.0,down,0.18,2026-09-03T14:28:08,0.0,0.175000000745058,229.4873,2026-09-07 20:11:28,2026-09-07 16:15:05
NVDA,NVDA280121P00035000,NVDA,2028-01-21,P,35.0,0.1,3.0,0.66,1.0,0.7534,678.0,0.0,-0.0035,0.0,0.0289,-0.002,-0.0142,0.2697,0.0,0.0,0.0,0.0,up,0.29,2026-09-01T13:51:15,0.0,0.344999987632036,229.4873,2026-09-07 20:11:28,2026-09-07 16:15:05
NVDA,NVDA280121P00040000,NVDA,2028-01-21,P,40.0,0.27,1.0,0.66,56.0,0.7316,729.0,0.0,-0.0044,0.0001,0.0354,-0.0023,-0.0176,0.3269,0.0,0.0,0.0,0.0,up,0.32,2026-08-26T11:36:17,0.0,0.410000011324882,229.4873,2026-09-07 20:11:28,2026-09-07 16:15:05
NVDA,NVDA280121P00045000,NVDA,2028-01-21,P,45.0,0.38,73.0,0.51,59.0,0.6794,3512.0,30.0,-0.0055,0.0001,0.0428,-0.0027,-0.0214,0.3911,-0.01,0.42,0.42,0.4,down,0.4,2026-09-04T10:44:02,-2.43902,0.439999997615814,229.4873,2026-09-07 20:11:28,2026-09-07 16:15:05
NVDA,NVDA280121P00050000,NVDA,2028-01-21,P,50.0,0.34,267.0,0.56,39.0,0.6385,7271.0,1.0,-0.0066,0.0001,0.0508,-0.0031,-0.0259,0.4633,-0.07,0.4,0.4,0.4,down,0.4,2026-09-04T15:46:47,-14.8936,0.519999995827675,229.4873,2026-09-07 20:11:28,2026-09-07 16:15:05
NVDA,NVDA280121P00055000,NVDA,2028-01-21,P,55.0,0.22,139.0,0.9,55.0,0.6208,360.0,0.0,-0.008,0.0001,0.0597,-0.0035,-0.0308,0.544,0.0,0.0,0.0,0.0,up,0.57,2026-09-03T09:49:17,0.0,0.49499998986721,229.4873,2026-09-07 20:11:28,2026-09-07 16:15:05
NVDA,NVDA280121P00060000,NVDA,2028-01-21,P,60.0,0.59,2.0,0.91,16.0,0.6133,2562.0,0.0,-0.0095,0.0002,0.0698,-0.0039,-0.0365,0.6345,0.0,0.0,0.0,0.0,down,0.65,2026-08-27T12:11:49,0.0,0.649999976158142,229.4873,2026-09-07 20:11:28,2026-09-07 16:15:05
NVDA,NVDA280121P00065000,NVDA,2028-01-21,P,65.0,0.6,1.0,1.09,47.0,0.5913,366.0,0.0,-0.0112,0.0002,0.0804,-0.0044,-0.0426,0.732,0.0,0.0,0.0,0.0,down,0.74,2026-09-03T09:49:17,0.0,0.695000022649765,229.4873,2026-09-07 20:11:28,2026-09-07 16:15:05
NVDA,NVDA280121P00070000,NVDA,2028-01-21,P,70.0,0.52,45.0,1.2,55.0,0.5613,1618.0,0.0,-0.0132,0.0002,0.0922,-0.0049,-0.0498,0.847,0.0,0.0,0.0,0.0,down,0.89,2026-09-03T14:49:48,0.0,0.810000002384186,229.4873,2026-09-07 20:11:28,2026-09-07 16:15:05
NVDA,NVDA280121P00075000,NVDA,2028-01-21,P,75.0,0.88,1.0,1.8,1.0,0.543,1594.0,0.0,-0.0154,0.0003,0.1058,-0.0054,-0.0579,0.9772,0.0,0.0,0.0,0.0,up,1.0,2026-09-03T09:39:08,0.0,1.05500000715256,229.4873,2026-09-07 20:11:28,2026-09-07 16:15:05
NVDA,NVDA280121P00080000,NVDA,2028-01-21,P,80.0,0.9,30.0,1.3,13.0,0.5268,8224.0,28.0,-0.0179,0.0003,0.1207,-0.006,-0.0673,1.1262,0.005,1.02,1.02,1.02,down,1.02,2026-09-04T10:28:10,0.492612,1.09999996423721,229.4873,2026-09-07 20:11:28,2026-09-07 16:15:05
NVDA,NVDA280121P00085000,NVDA,2028-01-21,P,85.0,1.14,24.0,1.64,55.0,0.5225,654.0,0.0,-0.0208,0.0004,0.1368,-0.0067,-0.0776,1.2972,0.0,0.0,0.0,0.0,down,1.2,2026-09-03T10:00:08,0.0,1.3299999833107,229.4873,2026-09-07 20:11:28,2026-09-07 16:15:05
NVDA,NVDA280121P00090000,NVDA,2028-01-21,P,90.0,1.28,193.0,1.9,82.0,0.4972,2300.0,29.0,-0.0242,0.0004,0.155,-0.0074,-0.0898,1.4962,0.055,1.33,1.47,1.33,up,1.47,2026-09-04T10:54:40,3.88693,1.44499999284744,229.4873,2026-09-07 20:11:28,2026-09-07 16:15:05
NVDA,NVDA280121P00095000,NVDA,2028-01-21,P,95.0,1.46,124.0,1.91,76.0,0.4901,1675.0,0.0,-0.028,0.0005,0.1754,-0.0082,-0.1032,1.7239,0.0,0.0,0.0,0.0,down,1.6,2026-09-03T14:08:05,0.0,1.68999999761581,229.4873,2026-09-07 20:11:28,2026-09-07 16:15:05
NVDA,NVDA280121P00100000,NVDA,2028-01-21,P,100.0,1.95,62.0,2.06,19.0,0.4832,8476.0,305.0,-0.0323,0.0006,0.1969,-0.0091,-0.1188,1.9902,-0.03,1.9,1.99,1.9,down,1.95,2026-09-04T15:54:12,-1.51515,1.95999997854233,229.4873,2026-09-07 20:11:28,2026-09-07 16:15:05
NVDA,NVDA280121P00105000,NVDA,2028-01-21,P,105.0,2.15,144.0,2.69,508.0,0.4794,4747.0,7.0,-0.0371,0.0006,0.2211,-0.01,-0.136,2.2956,-0.075,2.2,2.2,2.18,up,2.19,2026-09-04T10:40:14,-3.31126,2.22499990463257,229.4873,2026-09-07 20:11:28,2026-09-07 16:15:05
NVDA,NVDA280121P00110000,NVDA,2028-01-21,P,110.0,2.6,99.0,3.05,246.0,0.4729,7772.0,2.0,-0.0427,0.0007,0.2479,-0.011,-0.1562,2.6512,-0.02,2.56,2.62,2.56,up,2.62,2026-09-04T13:18:27,-0.757575,2.64999997615814,229.4873,2026-09-07 20:11:28,2026-09-07 16:15:05
NVDA,NVDA280121P00115000,NVDA,2028-01-21,P,115.0,2.96,16.0,3.2,69.0,0.4595,3311.0,5.0,-0.0489,0.0008,0.2757,-0.0121,-0.1784,3.0606,-0.045,3.0,3.0,3.0,down,3.0,2026-09-04T13:18:52,-1.47783,2.97500002384186,229.4873,2026-09-07 20:11:28,2026-09-07 16:15:05
NVDA,NVDA280121P00120000,NVDA,2028-01-21,P,120.0,3.45,100.0,4.0,55.0,0.4524,10131.0,407.0,-0.0559,0.0009,0.3061,-0.0133,-0.2034,3.5278,0.15,3.35,3.6,3.35,up,3.6,2026-09-04T15:54:47,4.34783,3.5,229.4873,2026-09-07 20:11:28,2026-09-07 16:15:05
NVDA,NVDA280121P00125000,NVDA,2028-01-21,P,125.0,3.8,97.0,4.2,62.0,0.4452,11914.0,0.0,-0.0636,0.001,0.3392,-0.0146,-0.2304,4.0598,0.0,0.0,0.0,0.0,down,4.05,2026-09-03T13:19:25,0.0,4.0,229.4873,2026-09-07 20:11:28,2026-09-07 16:15:05
NVDA,NVDA280121P00130000,NVDA,2028-01-21,P,130.0,4.3,171.0,4.75,77.0,0.4382,11620.0,14.0,-0.0721,0.0012,0.3725,-0.0159,-0.26,4.6622,0.05,4.44,4.65,4.38,up,4.65,2026-09-04T15:32:49,1.08696,4.57500004768372,229.4873,2026-09-07 20:11:28,2026-09-07 16:15:05
NVDA,NVDA280121P00135000,NVDA,2028-01-21,P,135.0,5.1,96.0,5.5,54.0,0.4366,5232.0,0.0,-0.0814,0.0013,0.4081,-0.0173,-0.2934,5.3377,0.0,0.0,0.0,0.0,down,5.32,2026-09-03T13:27:16,0.0,5.29999995231628,229.4873,2026-09-07 20:11:28,2026-09-07 16:15:05
NVDA,NVDA280121P00140000,NVDA,2028-01-21,P,140.0,5.8,114.0,6.2,83.0,0.4314,22506.0,374.0,-0.0914,0.0014,0.4458,-0.0187,-0.3296,6.0928,-0.15,5.75,5.9,5.7,no_change,5.9,2026-09-04T11:59:37,-2.47934,6.02499985694885,229.4873,2026-09-07 20:11:28,2026-09-07 16:15:05
NVDA,NVDA280121P00145000,NVDA,2028-01-21,P,145.0,6.65,124.0,7.25,185.0,0.4301,6993.0,111.0,-0.1024,0.0016,0.4828,-0.0202,-0.3655,6.9245,0.055,6.65,6.93,6.52,up,6.93,2026-09-04T14:38:49,0.8,6.92500019073486,229.4873,2026-09-07 20:11:28,2026-09-07 16:15:05
NVDA,NVDA280121P00150000,NVDA,2028-01-21,P,150.0,7.65,34.0,7.95,7.0,0.4255,26913.0,79.0,-0.114,0.0017,0.5212,-0.0217,-0.4066,7.8609,0.075,7.5,7.9,7.4,up,7.9,2026-09-04T15:35:56,0.958469,7.79999995231628,229.4873,2026-09-07 20:11:28,2026-09-07 16:15:05
NVDA,NVDA280121P00155000,NVDA,2028-01-21,P,155.0,8.55,170.0,9.1,133.0,0.4225,5385.0,5.0,-0.1267,0.0019,0.5614,-0.0232,-0.4503,8.8808,-0.1,8.73,8.75,8.73,no_change,8.75,2026-09-04T13:08:36,-1.12994,8.90000009536743,229.4873,2026-09-07 20:11:28,2026-09-07 16:15:05
NVDA,NVDA280121P00160000,NVDA,2028-01-21,P,160.0,9.65,81.0,10.2,58.0,0.4198,4674.0,20.0,-0.1398,0.002,0.5996,-0.0247,-0.4934,10.0072,-0.045,9.55,9.98,9.15,up,9.98,2026-09-04T15:08:33,-0.448879,10.0250000953674,229.4873,2026-09-07 20:11:28,2026-09-07 16:15:05
NVDA,NVDA280121P00165000,NVDA,2028-01-21,P,165.0,10.85,252.0,11.45,91.0,0.4177,8881.0,4105.0,-0.1537,0.0022,0.6382,-0.0262,-0.5415,11.2196,-0.025,10.8,11.15,10.49,up,11.15,2026-09-04T14:23:31,-0.223715,11.2999997138977,229.4873,2026-09-07 20:11:28,2026-09-07 16:15:05
NVDA,NVDA280121P00170000,NVDA,2028-01-21,P,170.0,12.3,10.0,12.85,52.0,0.4182,4770.0,31.0,-0.1684,0.0023,0.6776,-0.0277,-0.5891,12.5283,0.025,11.85,12.5,11.77,up,12.5,2026-09-04T15:58:34,0.200402,12.5,229.4873,2026-09-07 20:11:28,2026-09-07 16:15:05
NVDA,NVDA280121P00175000,NVDA,2028-01-21,P,175.0,13.5,304.0,14.1,79.0,0.4129,7669.0,5.0,-0.1833,0.0024,0.7134,-0.0291,-0.638,13.9344,-0.5,13.25,13.5,13.25,down,13.45,2026-09-04T11:30:09,-3.58423,13.9749999046326,229.4873,2026-09-07 20:11:28,2026-09-07 16:15:05
NVDA,NVDA280121P00180000,NVDA,2028-01-21,P,180.0,15.05,226.0,15.65,97.0,0.4114,15777.0,38.0,-0.1994,0.0026,0.7502,-0.0306,-0.6912,15.4677,-0.1,14.75,15.44,14.58,down,15.4,2026-09-04T13:45:15,-0.645161,15.5500001907349,229.4873,2026-09-07 20:11:28,2026-09-07 16:15:05
NVDA,NVDA280121P00185000,NVDA,2028-01-21,P,185.0,16.6,323.0,17.35,126.0,0.4098,7035.0,136.0,-0.2157,0.0028,0.7851,-0.0319,-0.7437,17.0903,-0.02,16.25,16.98,16.2,no_change,16.98,2026-09-04T13:26:12,-0.117647,17.1000003814697,229.4873,2026-09-07 20:11:28,2026-09-07 16:15:05
NVDA,NVDA280121P00190000,NVDA,2028-01-21,P,190.0,18.35,93.0,19.0,58.0,0.4079,12434.0,131.0,-0.2327,0.0029,0.8187,-0.0333,-0.7943,18.8236,0.01,18.2,18.8,17.7,up,18.76,2026-09-04T15:16:36,0.0533333,18.8249998092651,229.4873,2026-09-07 20:11:28,2026-09-07 16:15:05
NVDA,NVDA280121P00195000,NVDA,2028-01-21,P,195.0,19.65,416.0,21.55,286.0,0.4078,2888.0,19.0,-0.2499,0.003,0.8498,-0.0345,-0.8479,20.6486,0.025,20.3,20.7,19.68,no_change,20.7,2026-09-04T14:36:54,0.120918,20.5749998092651,229.4873,2026-09-07 20:11:28,2026-09-07 16:15:05
NVDA,NVDA280121P00200000,NVDA,2028-01-21,P,200.0,22.3,14.0,22.8,41.0,0.4064,25421.0,472.0,-0.2679,0.0032,0.8808,-0.0357,-0.9013,22.5966,0.125,21.7,22.75,21.35,down,22.65,2026-09-04T15:32:49,0.554941,22.6749992370605,229.4873,2026-09-07 20:11:28,2026-09-07 16:15:05
NVDA,NVDA280121P00205000,NVDA,2028-01-21,P,205.0,24.4,1.0,24.8,9.0,0.4054,5864.0,5.0,-0.2858,0.0033,0.9083,-0.0368,-0.9549,24.6297,0.2,23.74,24.75,23.46,up,24.75,2026-09-04T15:38:52,0.814667,24.5749998092651,229.4873,2026-09-07 20:11:28,2026-09-07 16:15:05
NVDA,NVDA280121P00210000,NVDA,2028-01-21,P,210.0,26.45,13.0,26.95,42.0,0.4039,5523.0,45.0,-0.3041,0.0034,0.9329,-0.0379,-1.0058,26.7649,0.175,25.8,26.8,25.4,no_change,26.8,2026-09-04T13:35:41,0.657277,26.6999998092651,229.4873,2026-09-07 20:11:28,2026-09-07 16:15:05
NVDA,NVDA280121P00215000,NVDA,2028-01-21,P,215.0,28.45,163.0,29.3,46.0,0.4021,6740.0,8.0,-0.3229,0.0035,0.9562,-0.0389,-1.0597,29.0087,-0.675,27.63,28.4,27.63,up,28.4,2026-09-04T12:21:28,-2.32158,28.9499998092651,229.4873,2026-09-07 20:11:28,2026-09-07 16:15:05
NVDA,NVDA280121P00220000,NVDA,2028-01-21,P,220.0,31.05,29.0,31.65,22.0,0.4024,4995.0,10.0,-0.3418,0.0036,0.9769,-0.0398,-1.1125,31.3579,0.01,30.1,31.36,30.05,up,31.36,2026-09-04T15:08:33,0.0318998,31.375,229.4873,2026-09-07 20:11:28,2026-09-07 16:15:05
NVDA,NVDA280121P00225000,NVDA,2028-01-21,P,225.0,33.15,91.0,34.1,56.0,0.3997,1961.0,13.0,-0.3608,0.0038,0.9944,-0.0406,-1.1538,33.8182,-0.15,32.38,33.8,32.38,no_change,33.8,2026-09-04T14:28:16,-0.441823,33.7750015258789,229.4873,2026-09-07 20:11:28,2026-09-07 16:15:05
NVDA,NVDA280121P00230000,NVDA,2028-01-21,P,230.0,35.75,67.0,37.3,14.0,0.398,6952.0,410.0,-0.3801,0.0038,1.0104,-0.0413,-1.2062,36.3615,0.12,35.7,36.42,34.5,up,36.42,2026-09-04T15:50:00,0.330581,36.2250003814697,229.4873,2026-09-07 20:11:28,2026-09-07 16:15:05
NVDA,NVDA280121P00235000,NVDA,2028-01-21,P,235.0,38.35,55.0,39.3,42.0,0.3976,2439.0,43.0,-0.3996,0.0039,1.023,-0.042,-1.249,39.0403,-0.95,37.34,38.1,37.31,up,38.1,2026-09-04T11:47:35,-2.43278,39.0749988555908,229.4873,2026-09-07 20:11:28,2026-09-07 16:15:05
NVDA,NVDA280121P00240000,NVDA,2028-01-21,P,240.0,40.95,246.0,42.0,70.0,0.3962,845.0,11.0,-0.4189,0.004,1.0337,-0.0426,-1.299,41.7815,-0.81,40.45,41.04,40.3,up,41.04,2026-09-04T12:16:41,-1.93548,41.7250003814697,229.4873,2026-09-07 20:11:28,2026-09-07 16:15:05
NVDA,NVDA280121P00245000,NVDA,2028-01-21,P,245.0,43.15,81.0,45.6,57.0,0.396,370.0,0.0,-0.4383,0.0041,1.04,-0.0431,-1.329,44.6299,0.0,0.0,0.0,0.0,down,44.45,2026-09-03T14:12:07,0.0,45.0250015258789,229.4873,2026-09-07 20:11:28,2026-09-07 16:15:05
NVDA,NVDA280121P00250000,NVDA,2028-01-21,P,250.0,47.0,36.0,47.75,42.0,0.3959,1995.0,2.0,-0.4577,0.0042,1.046,-0.0435,-1.3718,47.5751,-0.925,45.6,46.7,45.6,up,46.7,2026-09-04T12:52:14,-1.94226,47.5249996185303,229.4873,2026-09-07 20:11:28,2026-09-07 16:15:05
NVDA,NVDA280121P00255000,NVDA,2028-01-21,P,255.0,50.25,7.0,51.25,57.0,0.3985,361.0,4.0,-0.4771,0.0042,1.0478,-0.0438,-1.4034,50.6129,-0.125,50.65,50.65,50.6,down,50.6,2026-09-04T15:53:50,-0.246424,50.5,229.4873,2026-09-07 20:11:28,2026-09-07 16:15:05
NVDA,NVDA280121P00260000,NVDA,2028-01-21,P,260.0,53.05,132.0,53.95,15.0,0.3939,3957.0,107.0,-0.4966,0.0043,1.0482,-0.0441,-1.4459,53.7669,-0.85,52.0,53.25,51.89,up,53.25,2026-09-04T13:15:28,-1.57117,53.7250003814697,229.4873,2026-09-07 20:11:28,2026-09-07 16:15:05
NVDA,NVDA280121P00265000,NVDA,2028-01-21,P,265.0,56.25,254.0,57.2,61.0,0.3938,328.0,28.0,-0.5157,0.0044,1.0418,-0.0443,-1.4581,56.9713,-2.6,54.8,54.8,54.75,no_change,54.8,2026-09-04T10:31:05,-4.52962,57.0999984741211,229.4873,2026-09-07 20:11:28,2026-09-07 16:15:05
NVDA,NVDA280121P00270000,NVDA,2028-01-21,P,270.0,58.55,442.0,61.45,328.0,0.3931,431.0,3.0,-0.5347,0.0044,1.0398,-0.0445,-1.4915,60.2834,-2.45,58.05,58.05,58.0,up,58.05,2026-09-04T10:31:03,-4.04959,60.125,229.4873,2026-09-07 20:11:28,2026-09-07 16:15:05
NVDA,NVDA280121P00275000,NVDA,2028-01-21,P,275.0,61.9,139.0,64.85,82.0,0.3922,229.0,6.0,-0.5539,0.0045,1.0309,-0.0446,-1.5004,63.7,-2.45,61.6,61.65,61.6,up,61.65,2026-09-04T10:34:14,-3.82215,64.0249996185303,229.4873,2026-09-07 20:11:28,2026-09-07 16:15:05
NVDA,NVDA280121P00280000,NVDA,2028-01-21,P,280.0,66.05,60.0,68.3,32.0,0.3952,928.0,0.0,-0.5726,0.0045,1.021,-0.0446,-1.5309,67.1671,0.0,0.0,0.0,0.0,no_change,70.91,2026-09-02T10:12:12,0.0,67.4749984741211,229.4873,2026-09-07 20:11:28,2026-09-07 16:15:05
NVDA,NVDA280121P00285000,NVDA,2028-01-21,P,285.0,69.45,84.0,71.9,45.0,0.3941,485.0,0.0,-0.5913,0.0045,1.0097,-0.0446,-1.5315,70.7458,0.0,0.0,0.0,0.0,no_change,74.32,2026-09-02T10:22:14,0.0,70.7249984741211,229.4873,2026-09-07 20:11:28,2026-09-07 16:15:05
NVDA,NVDA280121P00290000,NVDA,2028-01-21,P,290.0,73.35,321.0,75.95,245.0,0.3974,251.0,84.0,-0.6095,0.0046,0.9922,-0.0445,-1.5442,74.3698,-3.185,71.6,71.6,71.59,no_change,71.59,2026-09-04T10:20:17,-4.25944,74.4250030517578,229.4873,2026-09-07 20:11:28,2026-09-07 16:15:05
NVDA,NVDA280121P00295000,NVDA,2028-01-21,P,295.0,76.1,174.0,78.95,52.0,0.3883,208.0,57.0,-0.6278,0.0046,0.9761,-0.0444,-1.5503,78.1145,-2.15,75.98,76.4,75.98,up,76.4,2026-09-04T11:07:36,-2.73711,77.7750015258789,229.4873,2026-09-07 20:11:28,2026-09-07 16:15:05
NVDA,NVDA280121P00300000,NVDA,2028-01-21,P,300.0,80.55,387.0,83.5,359.0,0.3955,1483.0,14.0,-0.6459,0.0046,0.955,-0.0443,-1.5366,81.9098,-3.05,80.0,80.0,78.9,no_change,78.9,2026-09-04T10:30:22,-3.72178,81.7250022888184,229.4873,2026-09-07 20:11:28,2026-09-07 16:15:05
NVDA,NVDA280121P00310000,NVDA,2028-01-21,P,310.0,88.65,200.0,90.25,100.0,0.3911,912.0,20.0,-0.6811,0.0047,0.9118,-0.044,-1.517,89.7138,-1.4,87.95,88.6,87.9,up,88.6,2026-09-04T12:07:59,-1.55556,89.6749992370606,229.4873,2026-09-07 20:11:28,2026-09-07 16:15:05
NVDA,NVDA280121P00320000,NVDA,2028-01-21,P,320.0,95.5,389.0,99.25,242.0,0.389,757.0,18.0,-0.7155,0.0047,0.8576,-0.0437,-1.4877,97.7957,-1.6,94.5,96.0,94.5,no_change,96.0,2026-09-04T11:06:09,-1.63934,97.6749992370606,229.4873,2026-09-07 20:11:28,2026-09-07 16:15:05
NVDA,NVDA280121P00330000,NVDA,2028-01-21,P,330.0,104.6,308.0,107.85,450.0,0.3953,1364.0,1.0,-0.7487,0.0047,0.7972,-0.0431,-1.4265,106.1298,-2.45,103.7,103.7,103.7,down,103.7,2026-09-04T09:45:56,-2.30806,106.0,229.4873,2026-09-07 20:11:28,2026-09-07 16:15:05
NVDA,NVDA280121P00340000,NVDA,2028-01-21,P,340.0,112.3,126.0,119.0,51.0,0.3898,1013.0,0.0,-0.7809,0.0048,0.7331,-0.0426,-1.3296,114.6961,0.0,0.0,0.0,0.0,down,121.0,2026-08-12T12:52:39,0.0,114.775001525879,229.4873,2026-09-07 20:11:28,2026-09-07 16:15:05
NVDA,NVDA280121P00350000,NVDA,2028-01-21,P,350.0,121.05,48.0,125.25,46.0,0.3891,520.0,2.0,-0.8124,0.0047,0.6547,-0.0423,-1.2354,123.5002,-3.9,120.25,120.25,120.25,down,120.25,2026-09-04T10:44:20,-3.14136,123.549999237061,229.4873,2026-09-07 20:11:28,2026-09-07 16:15:05
NVDA,NVDA280121P00360000,NVDA,2028-01-21,P,360.0,129.95,49.0,134.15,41.0,0.3867,96.0,1.0,-0.842,0.0047,0.5806,-0.0415,-1.0827,132.499,-2.85,129.75,129.75,129.75,down,129.75,2026-09-04T09:47:15,-2.14933,132.324996948242,229.4873,2026-09-07 20:11:28,2026-09-07 16:15:05
NVDA,NVDA280121P00370000,NVDA,2028-01-21,P,370.0,136.0,51.0,146.0,55.0,0.3856,45.0,0.0,-0.8698,0.0045,0.505,-0.0414,-0.9413,141.6873,0.0,0.0,0.0,0.0,down,145.95,2026-09-02T13:38:29,0.0,141.375,229.4873,2026-09-07 20:11:28,2026-09-07 16:15:05
NVDA,NVDA280121P00380000,NVDA,2028-01-21,P,380.0,146.0,2.0,156.0,2.0,0.385,44.0,0.0,-0.8951,0.0042,0.3999,-0.0386,-0.7693,151.0723,0.0,0.0,0.0,0.0,down,150.84,2026-09-03T14:11:14,0.0,151.099998474121,229.4873,2026-09-07 20:11:28,2026-09-07 16:15:05
NVDA,NVDA280121P00390000,NVDA,2028-01-21,P,390.0,158.5,36.0,161.85,28.0,0.3807,6.0,5.0,-0.9183,0.0039,0.3369,-0.0377,-0.596,160.591,-1.52,157.35,159.49,157.35,down,159.23,2026-09-04T12:30:04,-0.945568,160.375,229.4873,2026-09-07 20:11:28,2026-09-07 16:15:05
NVDA,NVDA280121P00400000,NVDA,2028-01-21,P,400.0,165.0,2.0,175.0,2.0,0.3752,20.0,2.0,-0.9381,0.0034,0.2532,-0.0294,-0.5512,170.2512,-1.97,169.31,169.31,169.03,down,169.03,2026-09-04T12:30:04,-1.15205,170.375,229.4873,2026-09-07 20:11:28,2026-09-07 16:15:05
NVDA,NVDA280121P00410000,NVDA,2028-01-21,P,410.0,175.0,51.0,185.0,51.0,0.3765,0.0,0.0,-0.9556,0.003,0.1955,-0.0214,-0.3128,179.9943,0.0,0.0,0.0,0.0,down,180.52,2026-08-27T13:41:49,0.0,180.224998474121,229.4873,2026-09-07 20:11:28,2026-09-07 16:15:05
NVDA,NVDA280121P00420000,NVDA,2028-01-21,P,420.0,185.0,51.0,195.0,51.0,0.0,0.0,0.0,-0.9691,0.0024,0.1069,-0.0084,-0.2299,189.8624,0.0,0.0,0.0,0.0,up,207.82,2026-08-25T14:03:32,0.0,190.174995422363,229.4873,2026-09-07 20:11:28,2026-09-07 16:15:05
NVDA,NVDA280121P00430000,NVDA,2028-01-21,P,430.0,198.4,23.0,200.95,20.0,0.0,0.0,0.0,-0.9797,0.0018,0.081,0.0,-0.1596,199.7691,0.0,0.0,0.0,0.0,down,209.72,2026-08-31T15:53:44,0.0,200.0,229.4873,2026-09-07 20:11:28,2026-09-07 16:15:05
NVDA,NVDA280121P00440000,NVDA,2028-01-21,P,440.0,205.0,55.0,215.0,55.0,0.0,0.0,0.0,-0.9877,0.0012,0.0286,0.0,0.0,209.735,0.0,0.0,0.0,0.0,down,216.91,2026-08-12T15:24:16,0.0,210.0,229.4873,2026-09-07 20:11:28,2026-09-07 16:15:05
NVDA,NVDA280121P00450000,NVDA,2028-01-21,P,450.0,215.0,55.0,225.0,55.0,0.0,0.0,0.0,-0.9932,0.0007,0.0,0.0,0.0,219.735,0.0,0.0,0.0,0.0,up,241.01,2026-06-08T15:06:46,0.0,220.0,229.4873,2026-09-07 20:11:28,2026-09-07 16:15:05
NVDA,NVDA280121P00455000,NVDA,2028-01-21,P,455.0,220.0,55.0,230.0,55.0,0.0,0.0,0.0,-0.995,0.0005,0.0,0.0,0.0,224.735,0.0,0.0,0.0,0.0,down,226.5,2026-09-03T10:20:48,0.0,224.975006103516,229.4873,2026-09-07 20:11:28,2026-09-07 16:15:05
NVDA,NVDA280121P00460000,NVDA,2028-01-21,P,460.0,225.0,5.0,235.0,5.0,0.0,10.0,10.0,-0.9964,0.0004,0.0,0.0,0.0,229.735,-6.7,224.4,224.4,224.4,no_change,224.4,2026-09-04T10:28:11,-2.89918,230.0,229.4873,2026-09-07 20:11:28,2026-09-07 16:15:05
NVDA,NVDA280616C00005000,NVDA,2028-06-16,C,5.0,220.0,2.0,230.0,51.0,0.0,180.0,0.0,1.0,0.0,0.0029,0.0,0.0376,225.723,0.0,0.0,0.0,0.0,up,203.29,2026-07-16T12:01:42,0.0,225.075004577637,229.4873,2026-09-07 20:11:28,2026-09-07 16:15:05
NVDA,NVDA280616C00010000,NVDA,2028-06-16,C,10.0,215.0,2.0,225.0,2.0,0.0,5.0,0.0,1.0,0.0,0.0033,0.0,0.0885,220.8598,0.0,0.0,0.0,0.0,up,215.0,2026-08-28T10:39:27,0.0,220.0,229.4873,2026-09-07 20:11:28,2026-09-07 16:15:05
NVDA,NVDA280616C00015000,NVDA,2028-06-16,C,15.0,211.0,2.0,221.0,2.0,0.6181,1.0,0.0,1.0,0.0,0.0079,0.0,0.1705,216.0845,0.0,0.0,0.0,0.0,down,182.7,2026-07-01T09:30:01,0.0,215.0,229.4873,2026-09-07 20:11:28,2026-09-07 16:15:05
NVDA,NVDA280616C00020000,NVDA,2028-06-16,C,20.0,206.0,2.0,216.0,2.0,0.7332,115.0,0.0,1.0,0.0,0.0162,0.0,0.293,211.4161,0.0,0.0,0.0,0.0,down,200.5,2026-09-02T09:48:30,0.0,210.925003051758,229.4873,2026-09-07 20:11:28,2026-09-07 16:15:05
NVDA,NVDA280616C00025000,NVDA,2028-06-16,C,25.0,201.0,2.0,211.0,2.0,0.7258,98.0,0.0,1.0,0.0,0.0219,0.0,0.3942,206.8333,0.0,0.0,0.0,0.0,down,195.99,2026-09-02T09:42:49,0.0,205.700004577637,229.4873,2026-09-07 20:11:28,2026-09-07 16:15:05
NVDA,NVDA280616C00030000,NVDA,2028-06-16,C,30.0,197.0,2.0,207.0,2.0,0.6937,55.0,0.0,1.0,0.0,0.0301,0.0,0.4764,202.2793,0.0,0.0,0.0,0.0,down,168.33,2026-07-27T14:19:21,0.0,202.0,229.4873,2026-09-07 20:11:28,2026-09-07 16:15:05
NVDA,NVDA280616C00035000,NVDA,2028-06-16,C,35.0,192.0,2.0,202.0,55.0,0.662,28.0,0.0,1.0,0.0001,0.0372,0.0,0.5513,197.7367,0.0,0.0,0.0,0.0,up,197.07,2026-09-03T14:34:43,0.0,197.299995422363,229.4873,2026-09-07 20:11:28,2026-09-07 16:15:05
NVDA,NVDA280616C00040000,NVDA,2028-06-16,C,40.0,188.0,2.0,198.0,2.0,0.6386,59.0,0.0,1.0,0.0001,0.0467,0.0,0.6259,193.2011,0.0,0.0,0.0,0.0,no_change,192.57,2026-09-03T14:16:54,0.0,192.449996948242,229.4873,2026-09-07 20:11:28,2026-09-07 16:15:05
NVDA,NVDA280616C00045000,NVDA,2028-06-16,C,45.0,183.0,2.0,193.0,55.0,0.6152,235.0,0.0,0.9998,0.0001,0.0566,0.0,0.6982,188.6783,0.0,0.0,0.0,0.0,up,187.39,2026-09-03T14:47:58,0.0,188.25,229.4873,2026-09-07 20:11:28,2026-09-07 16:15:05
NVDA,NVDA280616C00050000,NVDA,2028-06-16,C,50.0,179.0,2.0,188.4,1.0,0.5962,242.0,0.0,0.9983,0.0001,0.0663,0.0,0.7709,184.1658,0.0,0.0,0.0,0.0,up,173.54,2026-08-18T09:31:46,0.0,182.349998474121,229.4873,2026-09-07 20:11:28,2026-09-07 16:15:05
NVDA,NVDA280616C00055000,NVDA,2028-06-16,C,55.0,175.0,2.0,185.0,2.0,0.5772,335.0,0.0,0.9967,0.0001,0.0805,0.0,0.8417,179.6645,0.0,0.0,0.0,0.0,up,175.0,2026-08-27T10:11:12,0.0,178.224998474121,229.4873,2026-09-07 20:11:28,2026-09-07 16:15:05
NVDA,NVDA280616C00060000,NVDA,2028-06-16,C,60.0,170.0,2.0,180.0,55.0,0.558,291.0,0.0,0.9948,0.0002,0.093,0.0,0.912,175.1805,0.0,0.0,0.0,0.0,down,174.35,2026-09-03T14:31:19,0.0,174.0,229.4873,2026-09-07 20:11:28,2026-09-07 16:15:05
NVDA,NVDA280616C00065000,NVDA,2028-06-16,C,65.0,166.0,2.0,176.0,55.0,0.5442,449.0,0.0,0.9927,0.0002,0.1061,0.0,0.9815,170.7112,0.0,0.0,0.0,0.0,up,159.15,2026-09-01T13:07:48,0.0,170.299995422363,229.4873,2026-09-07 20:11:28,2026-09-07 16:15:05
NVDA,NVDA280616C00070000,NVDA,2028-06-16,C,70.0,162.25,7.0,169.0,1.0,0.4684,307.0,1.0,0.9903,0.0002,0.1247,0.0,1.0486,166.2602,2.91,168.56,168.56,168.56,up,168.56,2026-09-04T09:45:39,1.75672,165.599998474121,229.4873,2026-09-07 20:11:28,2026-09-07 16:15:05
NVDA,NVDA280616C00075000,NVDA,2028-06-16,C,75.0,158.25,1.0,165.85,5.0,0.5324,324.0,2.0,0.9876,0.0003,0.1417,0.0,1.1144,161.835,0.975,160.6,162.2,160.6,up,162.2,2026-09-04T12:22:08,0.604746,162.375,229.4873,2026-09-07 20:11:28,2026-09-07 16:15:05
NVDA,NVDA280616C00080000,NVDA,2028-06-16,C,80.0,152.0,58.0,162.0,51.0,0.5095,597.0,0.0,0.9845,0.0003,0.1593,0.0,1.1792,157.4349,0.0,0.0,0.0,0.0,no_change,146.73,2026-09-01T12:51:30,0.0,158.049995422363,229.4873,2026-09-07 20:11:28,2026-09-07 16:15:05
NVDA,NVDA280616C00085000,NVDA,2028-06-16,C,85.0,149.7,87.0,157.05,118.0,0.5112,276.0,0.0,0.981,0.0004,0.1832,0.0,1.2409,153.0657,0.0,0.0,0.0,0.0,down,141.4,2026-08-11T15:23:11,0.0,153.775001525879,229.4873,2026-09-07 20:11:28,2026-09-07 16:15:05
NVDA,NVDA280616C00090000,NVDA,2028-06-16,C,90.0,145.35,191.0,152.7,123.0,0.4989,391.0,1.0,0.9771,0.0004,0.2058,0.0,1.3002,148.7357,2.9,150.45,150.45,150.45,up,150.45,2026-09-04T09:34:34,1.96543,149.625,229.4873,2026-09-07 20:11:28,2026-09-07 16:15:05
NVDA,NVDA280616C00095000,NVDA,2028-06-16,C,95.0,141.1,73.0,148.45,131.0,0.4905,192.0,0.0,0.9726,0.0005,0.2298,0.0,1.3579,144.4453,0.0,0.0,0.0,0.0,down,139.0,2026-08-28T10:47:38,0.0,145.349998474121,229.4873,2026-09-07 20:11:28,2026-09-07 16:15:05
NVDA,NVDA280616C00100000,NVDA,2028-06-16,C,100.0,139.0,71.0,142.95,131.0,0.4974,461.0,0.0,0.9677,0.0006,0.2591,0.0,1.4122,140.202,0.0,0.0,0.0,0.0,down,136.43,2026-09-02T12:43:07,0.0,140.450004577637,229.4873,2026-09-07 20:11:28,2026-09-07 16:15:05
NVDA,NVDA280616C00105000,NVDA,2028-06-16,C,105.0,132.65,74.0,140.0,126.0,0.4727,215.0,1.0,0.9622,0.0007,0.2878,0.0,1.4629,136.012,4.85,139.65,139.65,139.65,up,139.65,2026-09-04T09:56:55,3.59793,137.025001525879,229.4873,2026-09-07 20:11:28,2026-09-07 16:15:05
NVDA,NVDA280616C00110000,NVDA,2028-06-16,C,110.0,128.55,148.0,135.3,129.0,0.4573,586.0,0.0,0.9561,0.0007,0.3195,0.0,1.512,131.8764,0.0,0.0,0.0,0.0,up,128.52,2026-09-02T12:40:42,0.0,131.825004577637,229.4873,2026-09-07 20:11:28,2026-09-07 16:15:05
NVDA,NVDA280616C00115000,NVDA,2028-06-16,C,115.0,126.5,36.0,129.65,63.0,0.4581,268.0,0.0,0.9494,0.0008,0.3526,-0.0002,1.558,127.8043,0.0,0.0,0.0,0.0,down,124.33,2026-09-02T12:42:25,0.0,127.849998474121,229.4873,2026-09-07 20:11:28,2026-09-07 16:15:05
NVDA,NVDA280616C00120000,NVDA,2028-06-16,C,120.0,122.95,19.0,125.65,53.0,0.4585,330.0,0.0,0.9421,0.0009,0.3868,-0.0016,1.6011,123.7974,0.0,0.0,0.0,0.0,no_change,114.0,2026-09-01T12:01:46,0.0,123.774997711182,229.4873,2026-09-07 20:11:28,2026-09-07 16:15:05
NVDA,NVDA280616C00125000,NVDA,2028-06-16,C,125.0,118.6,21.0,121.75,86.0,0.4487,484.0,10.0,0.9342,0.001,0.4235,-0.0031,1.6481,119.8605,1.375,120.6,120.6,120.6,up,120.6,2026-09-04T12:45:44,1.15328,120.0,229.4873,2026-09-07 20:11:28,2026-09-07 16:15:05
NVDA,NVDA280616C00130000,NVDA,2028-06-16,C,130.0,115.0,153.0,117.4,58.0,0.4419,495.0,11.0,0.9256,0.0011,0.4606,-0.0046,1.6985,115.9986,0.865,117.84,118.56,116.14,down,116.14,2026-09-04T13:58:33,0.750382,116.025001525879,229.4873,2026-09-07 20:11:28,2026-09-07 16:15:05
NVDA,NVDA280616C00135000,NVDA,2028-06-16,C,135.0,110.3,194.0,114.1,107.0,0.4487,519.0,4.0,0.9165,0.0012,0.4992,-0.0061,1.7433,112.2169,1.45,112.44,112.46,112.24,down,112.45,2026-09-04T13:56:37,1.30631,112.075000762939,229.4873,2026-09-07 20:11:28,2026-09-07 16:15:05
NVDA,NVDA280616C00140000,NVDA,2028-06-16,C,140.0,107.55,42.0,109.5,17.0,0.4312,450.0,0.0,0.9068,0.0013,0.5378,-0.0076,1.7697,108.5162,0.0,0.0,0.0,0.0,up,105.45,2026-09-03T10:31:25,0.0,108.224998474121,229.4873,2026-09-07 20:11:28,2026-09-07 16:15:05
NVDA,NVDA280616C00145000,NVDA,2028-06-16,C,145.0,103.65,134.0,106.55,189.0,0.4318,215.0,11.0,0.8966,0.0014,0.5769,-0.0092,1.7926,104.8962,1.375,105.9,105.9,105.0,down,105.0,2026-09-04T14:23:28,1.3269,104.800003051758,229.4873,2026-09-07 20:11:28,2026-09-07 16:15:05
NVDA,NVDA280616C00150000,NVDA,2028-06-16,C,150.0,99.8,351.0,103.2,242.0,0.4281,472.0,16.0,0.8858,0.0016,0.6167,-0.0107,1.811,101.3596,1.345,103.75,104.31,101.27,down,101.27,2026-09-04T13:23:58,1.34601,101.75,229.4873,2026-09-07 20:11:28,2026-09-07 16:15:05
NVDA,NVDA280616C00155000,NVDA,2028-06-16,C,155.0,96.7,95.0,99.75,255.0,0.4284,276.0,1.0,0.8745,0.0016,0.6561,-0.0122,1.826,97.9087,3.275,99.8,99.8,99.8,up,99.8,2026-09-04T09:43:39,3.39291,98.125,229.4873,2026-09-07 20:11:28,2026-09-07 16:15:05
NVDA,NVDA280616C00160000,NVDA,2028-06-16,C,160.0,93.35,102.0,96.05,164.0,0.4238,307.0,1.0,0.8627,0.0018,0.6949,-0.0137,1.8383,94.5434,1.17,94.42,94.42,94.42,up,94.42,2026-09-04T15:08:20,1.25469,94.7000007629394,229.4873,2026-09-07 20:11:28,2026-09-07 16:15:05
NVDA,NVDA280616C00165000,NVDA,2028-06-16,C,165.0,90.5,59.0,93.05,239.0,0.4267,378.0,1.0,0.8504,0.0019,0.7336,-0.0152,1.8466,91.2642,1.475,91.55,91.55,91.55,up,91.55,2026-09-04T12:04:20,1.63752,91.2000007629394,229.4873,2026-09-07 20:11:28,2026-09-07 16:15:05
NVDA,NVDA280616C00170000,NVDA,2028-06-16,C,170.0,87.15,85.0,89.85,284.0,0.4236,390.0,1.0,0.8378,0.002,0.7717,-0.0166,1.851,88.0728,2.94,89.54,89.54,89.54,up,89.54,2026-09-04T11:06:43,3.39492,88.0,229.4873,2026-09-07 20:11:28,2026-09-07 16:15:05
NVDA,NVDA280616C00175000,NVDA,2028-06-16,C,175.0,84.05,77.0,86.05,94.0,0.4175,417.0,8.0,0.8248,0.0021,0.8084,-0.018,1.8534,84.9685,1.195,86.21,88.0,84.77,down,84.77,2026-09-04T15:46:39,1.42985,84.8250007629394,229.4873,2026-09-07 20:11:28,2026-09-07 16:15:05
NVDA,NVDA280616C00180000,NVDA,2028-06-16,C,180.0,81.1,77.0,83.25,139.0,0.4178,467.0,1.0,0.8115,0.0022,0.844,-0.0194,1.8531,81.9498,1.275,82.0,82.0,82.0,up,82.0,2026-09-04T15:04:14,1.57944,82.1749992370606,229.4873,2026-09-07 20:11:28,2026-09-07 16:15:05
NVDA,NVDA280616C00185000,NVDA,2028-06-16,C,185.0,77.9,48.0,80.65,100.0,0.4167,474.0,10.0,0.7979,0.0023,0.8789,-0.0207,1.849,79.0171,2.33,80.15,80.15,80.13,no_change,80.13,2026-09-04T13:09:33,2.99486,78.9000015258789,229.4873,2026-09-07 20:11:28,2026-09-07 16:15:05
NVDA,NVDA280616C00190000,NVDA,2028-06-16,C,190.0,75.45,111.0,77.35,221.0,0.415,652.0,3.0,0.784,0.0024,0.9122,-0.0219,1.8423,76.1706,1.67,77.0,77.0,76.55,up,76.57,2026-09-04T13:55:28,2.22964,76.125,229.4873,2026-09-07 20:11:28,2026-09-07 16:15:05
NVDA,NVDA280616C00195000,NVDA,2028-06-16,C,195.0,72.6,73.0,75.0,253.0,0.4155,510.0,8.0,0.7699,0.0025,0.9438,-0.0231,1.8342,73.4085,3.665,75.72,76.43,75.72,down,75.89,2026-09-04T10:18:04,5.07442,72.875,229.4873,2026-09-07 20:11:28,2026-09-07 16:15:05
NVDA,NVDA280616C00200000,NVDA,2028-06-16,C,200.0,70.0,50.0,72.3,218.0,0.4146,1058.0,48.0,0.7556,0.0026,0.9738,-0.0242,1.8239,70.729,1.9,70.8,73.65,70.8,up,71.35,2026-09-04T15:54:10,2.73578,70.6500015258789,229.4873,2026-09-07 20:11:28,2026-09-07 16:15:05
NVDA,NVDA280616C00205000,NVDA,2028-06-16,C,205.0,67.1,243.0,69.7,316.0,0.4119,591.0,15.0,0.7412,0.0026,1.0026,-0.0253,1.8103,68.1322,1.24,70.47,71.22,68.07,up,68.09,2026-09-04T15:17:03,1.8549,67.8000030517578,229.4873,2026-09-07 20:11:28,2026-09-07 16:15:05
NVDA,NVDA280616C00210000,NVDA,2028-06-16,C,210.0,64.65,136.0,67.15,286.0,0.411,1590.0,48.0,0.7266,0.0027,1.0295,-0.0263,1.7947,65.6181,1.075,67.65,68.65,65.3,down,65.3,2026-09-04T15:18:14,1.6738,65.4000015258789,229.4873,2026-09-07 20:11:28,2026-09-07 16:15:05
NVDA,NVDA280616C00215000,NVDA,2028-06-16,C,215.0,62.2,96.0,63.95,54.0,0.4062,4345.0,9.0,0.712,0.0028,1.0545,-0.0273,1.7785,63.1844,1.65,65.55,65.85,63.55,down,63.55,2026-09-04T14:43:12,2.66559,62.9749984741211,229.4873,2026-09-07 20:11:28,2026-09-07 16:15:05
NVDA,NVDA280616C00220000,NVDA,2028-06-16,C,220.0,59.9,128.0,62.1,148.0,0.408,3539.0,30.0,0.6973,0.0028,1.0776,-0.0282,1.7607,60.8292,1.125,61.3,63.75,60.65,down,60.65,2026-09-04T15:15:19,1.88996,60.625,229.4873,2026-09-07 20:11:28,2026-09-07 16:15:05
NVDA,NVDA280616C00225000,NVDA,2028-06-16,C,225.0,58.1,35.0,59.75,184.0,0.409,1621.0,111.0,0.6825,0.0029,1.0992,-0.029,1.7403,58.5522,1.1,61.23,61.7,58.49,down,58.55,2026-09-04T15:48:31,1.91471,58.6499996185303,229.4873,2026-09-07 20:11:28,2026-09-07 16:15:05
NVDA,NVDA280616C00230000,NVDA,2028-06-16,C,230.0,55.65,91.0,57.45,111.0,0.4066,2602.0,188.0,0.6678,0.003,1.119,-0.0298,1.7181,56.3532,1.5,58.56,59.47,56.73,up,56.75,2026-09-04T13:41:30,2.71493,56.2250003814697,229.4873,2026-09-07 20:11:28,2026-09-07 16:15:05
NVDA,NVDA280616C00235000,NVDA,2028-06-16,C,235.0,53.65,115.0,55.45,184.0,0.4069,540.0,7.0,0.653,0.003,1.1368,-0.0304,1.6956,54.2303,1.8,56.01,57.35,54.7,down,54.7,2026-09-04T12:23:22,3.40265,53.9500007629394,229.4873,2026-09-07 20:11:28,2026-09-07 16:15:05
NVDA,NVDA280616C00240000,NVDA,2028-06-16,C,240.0,51.7,39.0,52.85,46.0,0.4042,1772.0,22.0,0.6383,0.0031,1.1529,-0.0311,1.6726,52.181,1.395,53.03,54.05,52.32,down,52.32,2026-09-04T14:32:21,2.73932,52.1000003814697,229.4873,2026-09-07 20:11:28,2026-09-07 16:15:05
NVDA,NVDA280616C00245000,NVDA,2028-06-16,C,245.0,49.65,49.0,51.3,60.0,0.4051,1280.0,82.0,0.6237,0.0031,1.1672,-0.0317,1.648,50.204,1.24,51.03,52.7,50.39,down,50.39,2026-09-04T13:57:31,2.52289,50.4250011444092,229.4873,2026-09-07 20:11:28,2026-09-07 16:15:05
NVDA,NVDA280616C00250000,NVDA,2028-06-16,C,250.0,47.7,63.0,48.85,33.0,0.402,3715.0,62.0,0.6092,0.0032,1.1797,-0.0322,1.6216,48.2988,1.225,50.28,51.05,48.0,up,48.6,2026-09-04T15:57:14,2.58575,48.375,229.4873,2026-09-07 20:11:28,2026-09-07 16:15:05
NVDA,NVDA280616C00255000,NVDA,2028-06-16,C,255.0,46.25,12.0,47.45,69.0,0.4049,844.0,24.0,0.5948,0.0032,1.1905,-0.0326,1.5945,46.4641,1.075,47.0,47.8,46.4,no_change,46.55,2026-09-04T15:49:56,2.36394,46.375,229.4873,2026-09-07 20:11:28,2026-09-07 16:15:05
NVDA,NVDA280616C00260000,NVDA,2028-06-16,C,260.0,44.15,43.0,45.5,33.0,0.4022,1268.0,15.0,0.5805,0.0032,1.1997,-0.033,1.5677,44.6976,1.1,45.65,45.65,44.7,no_change,44.85,2026-09-04T15:49:56,2.51429,44.6749992370606,229.4873,2026-09-07 20:11:28,2026-09-07 16:15:05
NVDA,NVDA280616C00265000,NVDA,2028-06-16,C,265.0,42.45,41.0,44.1,103.0,0.403,396.0,109.0,0.5663,0.0032,1.2072,-0.0334,1.5408,42.9966,1.48,44.25,44.5,43.43,down,43.43,2026-09-04T11:32:30,3.52801,42.9750003814697,229.4873,2026-09-07 20:11:28,2026-09-07 16:15:05
NVDA,NVDA280616C00270000,NVDA,2028-06-16,C,270.0,40.95,39.0,42.45,68.0,0.4031,488.0,162.0,0.5524,0.0032,1.2132,-0.0337,1.5128,41.3596,1.125,42.55,42.55,41.5,down,41.5,2026-09-04T14:43:59,2.78638,41.4499988555908,229.4873,2026-09-07 20:11:28,2026-09-07 16:15:05
NVDA,NVDA280616C00275000,NVDA,2028-06-16,C,275.0,39.25,55.0,40.85,55.0,0.4021,568.0,12.0,0.5386,0.0033,1.2175,-0.0339,1.4836,39.7857,1.225,42.0,42.0,40.15,down,40.15,2026-09-04T12:36:04,3.14707,39.5249996185303,229.4873,2026-09-07 20:11:28,2026-09-07 16:15:05
NVDA,NVDA280616C00280000,NVDA,2028-06-16,C,280.0,37.75,47.0,39.35,49.0,0.4018,359.0,6.0,0.525,0.0033,1.2204,-0.0341,1.4542,38.2733,1.0,39.48,39.48,38.35,down,38.35,2026-09-04T15:01:08,2.67738,38.25,229.4873,2026-09-07 20:11:28,2026-09-07 16:15:05
NVDA,NVDA280616C00285000,NVDA,2028-06-16,C,285.0,36.3,35.0,37.55,29.0,0.4002,461.0,0.0,0.5117,0.0033,1.222,-0.0342,1.4254,36.82,0.0,0.0,0.0,0.0,up,35.58,2026-09-03T15:54:34,0.0,36.8500003814697,229.4873,2026-09-07 20:11:28,2026-09-07 16:15:05
NVDA,NVDA280616C00290000,NVDA,2028-06-16,C,290.0,34.9,55.0,36.45,142.0,0.4011,935.0,5.0,0.4985,0.0033,1.2223,-0.0343,1.3971,35.4232,1.35,35.7,35.7,35.7,no_change,35.7,2026-09-04T13:50:01,3.93013,35.5249996185303,229.4873,2026-09-07 20:11:28,2026-09-07 16:15:05
NVDA,NVDA280616C00295000,NVDA,2028-06-16,C,295.0,33.4,68.0,35.1,92.0,0.4002,352.0,10.0,0.4856,0.0033,1.2214,-0.0344,1.3684,34.0809,1.0,36.15,36.15,34.25,down,34.25,2026-09-04T13:56:01,3.00752,34.0500011444092,229.4873,2026-09-07 20:11:28,2026-09-07 16:15:05
NVDA,NVDA280616C00300000,NVDA,2028-06-16,C,300.0,32.55,68.0,33.6,140.0,0.4009,5655.0,73.0,0.4729,0.0033,1.2191,-0.0344,1.339,32.7919,1.195,33.76,34.8,33.17,down,33.17,2026-09-04T13:23:35,3.73729,32.7250003814697,229.4873,2026-09-07 20:11:28,2026-09-07 16:15:05
NVDA,NVDA280616C00305000,NVDA,2028-06-16,C,305.0,31.05,32.0,32.3,16.0,0.3994,395.0,20.0,0.4604,0.0033,1.2155,-0.0344,1.3093,31.5548,1.3,32.66,33.3,31.8,up,32.0,2026-09-04T15:52:20,4.23453,31.5249996185303,229.4873,2026-09-07 20:11:28,2026-09-07 16:15:05
NVDA,NVDA280616C00310000,NVDA,2028-06-16,C,310.0,30.15,118.0,30.8,1.0,0.3992,2290.0,0.0,0.4483,0.0033,1.211,-0.0343,1.2802,30.3677,0.0,0.0,0.0,0.0,up,29.81,2026-09-03T14:29:14,0.0,30.25,229.4873,2026-09-07 20:11:28,2026-09-07 16:15:05
NVDA,NVDA280616C00315000,NVDA,2028-06-16,C,315.0,28.7,10.0,31.3,28.0,0.3978,196.0,2.0,0.4363,0.0032,1.2057,-0.0343,1.2519,29.2283,1.57,30.0,30.0,29.77,down,29.77,2026-09-04T11:12:20,5.56738,29.125,229.4873,2026-09-07 20:11:28,2026-09-07 16:15:05
NVDA,NVDA280616C00320000,NVDA,2028-06-16,C,320.0,28.05,30.0,29.45,18.0,0.3995,482.0,140.0,0.4246,0.0032,1.1995,-0.0341,1.2242,28.1342,1.05,28.15,28.28,28.11,down,28.2,2026-09-04T14:24:21,3.8674,28.1000003814697,229.4873,2026-09-07 20:11:28,2026-09-07 16:15:05
NVDA,NVDA280616C00325000,NVDA,2028-06-16,C,325.0,26.55,24.0,29.0,44.0,0.3976,558.0,17.0,0.4132,0.0032,1.1924,-0.034,1.1964,27.084,0.9,28.0,28.29,27.15,no_change,27.15,2026-09-04T15:26:22,3.42857,26.8000001907349,229.4873,2026-09-07 20:11:28,2026-09-07 16:15:05
NVDA,NVDA280616C00330000,NVDA,2028-06-16,C,330.0,25.8,19.0,27.1,6.0,0.3986,1948.0,0.0,0.4021,0.0032,1.1843,-0.0338,1.1683,26.0763,0.0,0.0,0.0,0.0,down,25.09,2026-09-03T15:57:20,0.0,25.875,229.4873,2026-09-07 20:11:28,2026-09-07 16:15:05
NVDA,NVDA280616C00335000,NVDA,2028-06-16,C,335.0,24.55,57.0,27.1,72.0,0.3975,306.0,36.0,0.3912,0.0032,1.1753,-0.0336,1.1402,25.1101,1.225,25.55,25.55,25.55,up,25.55,2026-09-04T11:02:14,5.03597,24.9499998092651,229.4873,2026-09-07 20:11:28,2026-09-07 16:15:05
NVDA,NVDA280616C00340000,NVDA,2028-06-16,C,340.0,23.65,92.0,24.7,5.0,0.3975,627.0,1.0,0.3806,0.0031,1.1657,-0.0334,1.1129,24.1871,2.1,25.5,25.5,25.5,up,25.5,2026-09-04T09:59:49,8.97436,23.9749994277954,229.4873,2026-09-07 20:11:28,2026-09-07 16:15:05
NVDA,NVDA280616C00345000,NVDA,2028-06-16,C,345.0,22.85,19.0,25.3,35.0,0.3979,329.0,0.0,0.3702,0.0031,1.1557,-0.0332,1.0865,23.2983,0.0,0.0,0.0,0.0,no_change,20.4,2026-09-02T10:18:13,0.0,23.0500001907349,229.4873,2026-09-07 20:11:28,2026-09-07 16:15:05
NVDA,NVDA280616C00350000,NVDA,2028-06-16,C,350.0,22.25,51.0,23.0,51.0,0.3997,7658.0,153.0,0.3601,0.0031,1.1453,-0.0329,1.0609,22.4455,0.875,23.15,23.7,22.6,down,22.6,2026-09-04T13:58:40,4.02762,22.4499998092651,229.4873,2026-09-07 20:11:28,2026-09-07 16:15:05
NVDA,NVDA280616C00360000,NVDA,2028-06-16,C,360.0,20.4,19.0,21.8,96.0,0.4006,790.0,2.0,0.3406,0.003,1.1228,-0.0323,1.0103,20.8421,1.725,22.0,22.0,21.9,down,21.9,2026-09-04T09:50:38,8.55019,20.75,229.4873,2026-09-07 20:11:28,2026-09-07 16:15:05
NVDA,NVDA280616C00370000,NVDA,2028-06-16,C,370.0,18.8,39.0,20.3,20.0,0.4002,504.0,0.0,0.3222,0.003,1.0979,-0.0317,0.9602,19.3681,0.0,0.0,0.0,0.0,up,15.5,2026-09-02T09:30:01,0.0,19.375,229.4873,2026-09-07 20:11:28,2026-09-07 16:15:05
NVDA,NVDA280616C00380000,NVDA,2028-06-16,C,380.0,17.45,80.0,18.5,18.0,0.3985,1862.0,10.0,0.3048,0.0029,1.072,-0.031,0.913,18.0136,0.95,18.65,18.65,18.3,down,18.3,2026-09-04T13:23:35,5.4755,17.8999996185303,229.4873,2026-09-07 20:11:28,2026-09-07 16:15:05
NVDA,NVDA280616C00390000,NVDA,2028-06-16,C,390.0,16.25,19.0,17.35,21.0,0.3995,689.0,1.0,0.2883,0.0028,1.0458,-0.0303,0.8688,16.7673,1.585,17.66,17.66,17.66,up,17.66,2026-09-04T10:08:28,9.86003,16.875,229.4873,2026-09-07 20:11:28,2026-09-07 16:15:05
NVDA,NVDA280616C00400000,NVDA,2028-06-16,C,400.0,15.35,42.0,16.4,141.0,0.4022,4909.0,31.0,0.2728,0.0027,1.0184,-0.0296,0.8255,15.6182,0.325,16.45,16.45,15.4,down,15.4,2026-09-04T15:43:30,2.15589,15.625,229.4873,2026-09-07 20:11:28,2026-09-07 16:15:05
NVDA,NVDA280616C00410000,NVDA,2028-06-16,C,410.0,14.15,56.0,15.1,49.0,0.4007,603.0,2.0,0.2583,0.0026,0.9904,-0.0289,0.7842,14.5767,1.225,15.3,15.3,15.3,no_change,15.3,2026-09-04T10:25:42,8.70338,14.625,229.4873,2026-09-07 20:11:28,2026-09-07 16:15:05
NVDA,NVDA280616C00420000,NVDA,2028-06-16,C,420.0,13.0,40.0,14.45,43.0,0.402,468.0,6.0,0.2445,0.0026,0.9623,-0.0281,0.7454,13.6079,1.2,14.1,14.55,14.1,no_change,14.25,2026-09-04T10:25:42,9.1954,13.7000002861023,229.4873,2026-09-07 20:11:28,2026-09-07 16:15:05
NVDA,NVDA280616C00430000,NVDA,2028-06-16,C,430.0,12.1,84.0,13.45,42.0,0.402,2564.0,5.0,0.2316,0.0025,0.9348,-0.0273,0.7091,12.7162,0.7,12.76,13.05,12.76,no_change,12.9,2026-09-04T15:53:42,5.73771,12.6999998092651,229.4873,2026-09-07 20:11:28,2026-09-07 16:15:05
NVDA,NVDA280616C00440000,NVDA,2028-06-16,C,440.0,11.45,65.0,12.3,15.0,0.4019,247.0,0.0,0.2194,0.0024,0.9071,-0.0266,0.6741,11.8951,0.0,0.0,0.0,0.0,down,11.57,2026-09-03T14:05:08,0.0,11.875,229.4873,2026-09-07 20:11:28,2026-09-07 16:15:05
NVDA,NVDA280616C00450000,NVDA,2028-06-16,C,450.0,10.5,49.0,11.9,41.0,0.4035,1597.0,0.0,0.208,0.0023,0.8792,-0.0258,0.6403,11.1398,0.0,0.0,0.0,0.0,down,10.43,2026-09-03T15:50:45,0.0,11.0499997138977,229.4873,2026-09-07 20:11:28,2026-09-07 16:15:05
NVDA,NVDA280616C00460000,NVDA,2028-06-16,C,460.0,9.65,32.0,10.85,2.0,0.4034,5114.0,86.0,0.1972,0.0022,0.8517,-0.0251,0.6088,10.4447,0.475,10.75,11.05,10.4,no_change,10.4,2026-09-04T15:07:10,4.78589,10.4250001907349,229.4873,2026-09-07 20:11:28,2026-09-07 16:15:05
NVDA,NVDA280616P00005000,NVDA,2028-06-16,P,5.0,0.0,0.0,0.31,51.0,1.2815,1.0,0.0,-0.0003,0.0,0.0033,-0.0003,-0.0018,0.0357,0.0,0.0,0.0,0.0,up,0.04,2026-06-16T13:14:56,0.0,0.155000001192093,229.4873,2026-09-07 20:11:28,2026-09-07 16:15:05
NVDA,NVDA280616P00010000,NVDA,2028-06-16,P,10.0,0.0,0.0,0.08,1.0,0.8862,115.0,0.0,-0.0007,0.0,0.0073,-0.0005,-0.004,0.0727,0.0,0.0,0.0,0.0,down,0.06,2026-08-27T10:11:18,0.0,0.0449999989941716,229.4873,2026-09-07 20:11:28,2026-09-07 16:15:05
NVDA,NVDA280616P00015000,NVDA,2028-06-16,P,15.0,0.01,5.0,0.18,13.0,0.8296,261.0,0.0,-0.0012,0.0,0.012,-0.0007,-0.0066,0.1153,0.0,0.0,0.0,0.0,up,0.08,2026-09-03T14:33:01,0.0,0.09500000346452,229.4873,2026-09-07 20:11:28,2026-09-07 16:15:05
NVDA,NVDA280616P00020000,NVDA,2028-06-16,P,20.0,0.0,0.0,0.21,1.0,0.752,408.0,0.0,-0.0018,0.0,0.0175,-0.001,-0.0098,0.1642,0.0,0.0,0.0,0.0,down,0.12,2026-08-31T11:19:46,0.0,0.109999996609986,229.4873,2026-09-07 20:11:28,2026-09-07 16:15:05
NVDA,NVDA280616P00025000,NVDA,2028-06-16,P,25.0,0.01,68.0,0.25,1.0,0.6958,8.0,0.0,-0.0025,0.0,0.0238,-0.0013,-0.0136,0.2203,0.0,0.0,0.0,0.0,up,0.24,2026-09-03T13:49:09,0.0,0.129999999888241,229.4873,2026-09-07 20:11:28,2026-09-07 16:15:05
NVDA,NVDA280616P00030000,NVDA,2028-06-16,P,30.0,0.01,9.0,0.68,9.0,0.7236,11.0,0.0,-0.0033,0.0,0.0309,-0.0016,-0.018,0.284,0.0,0.0,0.0,0.0,up,0.32,2026-06-15T11:28:22,0.0,0.340000008232892,229.4873,2026-09-07 20:11:28,2026-09-07 16:15:05
NVDA,NVDA280616P00035000,NVDA,2028-06-16,P,35.0,0.1,5.0,1.8,36.0,0.6908,19.0,0.0,-0.0043,0.0001,0.0391,-0.0019,-0.0231,0.3562,0.0,0.0,0.0,0.0,up,0.4,2026-08-28T13:06:02,0.0,0.355000007897615,229.4873,2026-09-07 20:11:28,2026-09-07 16:15:05
NVDA,NVDA280616P00040000,NVDA,2028-06-16,P,40.0,0.1,51.0,0.55,1.0,0.6182,753.0,0.0,-0.0054,0.0001,0.048,-0.0022,-0.0287,0.4381,0.0,0.0,0.0,0.0,up,0.44,2026-09-01T14:39:59,0.0,0.350000008940697,229.4873,2026-09-07 20:11:28,2026-09-07 16:15:05
NVDA,NVDA280616P00045000,NVDA,2028-06-16,P,45.0,0.13,282.0,0.95,253.0,0.6221,298.0,0.0,-0.0067,0.0001,0.0581,-0.0026,-0.0351,0.53,0.0,0.0,0.0,0.0,up,0.57,2026-09-02T11:50:11,0.0,0.435000002384186,229.4873,2026-09-07 20:11:28,2026-09-07 16:15:05
NVDA,NVDA280616P00050000,NVDA,2028-06-16,P,50.0,0.55,2.0,0.66,1.0,0.5944,162.0,3.0,-0.0082,0.0001,0.0695,-0.003,-0.0426,0.6335,0.005,0.61,0.61,0.61,no_change,0.61,2026-09-04T12:09:36,0.826443,0.605000019073486,229.4873,2026-09-07 20:11:28,2026-09-07 16:15:05
NVDA,NVDA280616P00055000,NVDA,2028-06-16,P,55.0,0.66,112.0,0.9,120.0,0.5829,225.0,0.0,-0.0099,0.0001,0.0815,-0.0034,-0.0508,0.7501,0.0,0.0,0.0,0.0,down,0.75,2026-09-01T13:15:00,0.0,0.709999978542328,229.4873,2026-09-07 20:11:28,2026-09-07 16:15:05
NVDA,NVDA280616P00060000,NVDA,2028-06-16,P,60.0,0.05,10.0,3.5,25.0,0.5754,258.0,0.0,-0.0118,0.0002,0.095,-0.0039,-0.0599,0.8808,0.0,0.0,0.0,0.0,no_change,0.86,2026-09-02T15:16:34,0.0,0.824999988079071,229.4873,2026-09-07 20:11:28,2026-09-07 16:15:05
NVDA,NVDA280616P00065000,NVDA,2028-06-16,P,65.0,0.88,1.0,7.2,1.0,0.5602,24.0,0.0,-0.0139,0.0002,0.1102,-0.0044,-0.0705,1.0283,0.0,0.0,0.0,0.0,no_change,1.08,2026-09-02T15:16:34,0.0,1.01499998569489,229.4873,2026-09-07 20:11:28,2026-09-07 16:15:05
NVDA,NVDA280616P00070000,NVDA,2028-06-16,P,70.0,0.91,89.0,1.6,90.0,0.5353,640.0,0.0,-0.0164,0.0002,0.1264,-0.0049,-0.0826,1.1967,0.0,0.0,0.0,0.0,no_change,1.2,2026-09-03T13:24:12,0.0,1.22999998927116,229.4873,2026-09-07 20:11:28,2026-09-07 16:15:05
NVDA,NVDA280616P00075000,NVDA,2028-06-16,P,75.0,1.25,5.0,1.51,14.0,0.5197,1154.0,11.0,-0.0191,0.0003,0.144,-0.0055,-0.0956,1.387,-0.04,1.39,1.39,1.39,up,1.39,2026-09-04T13:44:02,-2.7972,1.37000000476837,229.4873,2026-09-07 20:11:28,2026-09-07 16:15:05
NVDA,NVDA280616P00080000,NVDA,2028-06-16,P,80.0,1.35,174.0,1.77,146.0,0.5025,642.0,0.0,-0.0223,0.0004,0.1644,-0.0061,-0.1109,1.6056,0.0,0.0,0.0,0.0,down,1.64,2026-09-03T11:04:12,0.0,1.56499999761581,229.4873,2026-09-07 20:11:28,2026-09-07 16:15:05
NVDA,NVDA280616P00085000,NVDA,2028-06-16,P,85.0,1.75,87.0,2.1,129.0,0.4983,871.0,37.0,-0.0258,0.0004,0.1861,-0.0067,-0.1284,1.8564,0.005,1.78,1.85,1.78,up,1.85,2026-09-04T10:44:34,0.271004,1.91499996185303,229.4873,2026-09-07 20:11:28,2026-09-07 16:15:05
NVDA,NVDA280616P00090000,NVDA,2028-06-16,P,90.0,1.88,293.0,2.28,96.0,0.4817,246.0,58.0,-0.0299,0.0005,0.2091,-0.0075,-0.1469,2.1449,-0.04,2.12,2.12,2.07,down,2.07,2026-09-04T11:19:54,-1.89574,2.1599999666214,229.4873,2026-09-07 20:11:28,2026-09-07 16:15:05
NVDA,NVDA280616P00095000,NVDA,2028-06-16,P,95.0,2.35,1.0,2.73,14.0,0.4804,854.0,20.0,-0.0344,0.0005,0.2355,-0.0082,-0.1691,2.4749,-0.1,2.37,2.37,2.37,down,2.37,2026-09-04T10:42:22,-4.04858,2.54999995231628,229.4873,2026-09-07 20:11:28,2026-09-07 16:15:05
NVDA,NVDA280616P00100000,NVDA,2028-06-16,P,100.0,2.59,96.0,3.0,1.0,0.465,2206.0,58.0,-0.0395,0.0006,0.2639,-0.0091,-0.1938,2.8542,0.005,2.8,2.86,2.79,up,2.86,2026-09-04T15:27:30,0.175131,2.82500004768372,229.4873,2026-09-07 20:11:28,2026-09-07 16:15:05
NVDA,NVDA280616P00105000,NVDA,2028-06-16,P,105.0,3.05,109.0,3.45,10.0,0.459,939.0,0.0,-0.0451,0.0007,0.2924,-0.01,-0.219,3.2825,0.0,0.0,0.0,0.0,no_change,3.52,2026-09-01T11:38:05,0.0,3.22499990463257,229.4873,2026-09-07 20:11:28,2026-09-07 16:15:05
NVDA,NVDA280616P00110000,NVDA,2028-06-16,P,110.0,3.6,110.0,3.95,105.0,0.4558,1318.0,46.0,-0.0514,0.0008,0.3253,-0.011,-0.2497,3.7749,0.0,3.66,3.75,3.45,up,3.75,2026-09-04T13:17:34,0.0,3.77500009536743,229.4873,2026-09-07 20:11:28,2026-09-07 16:15:05
NVDA,NVDA280616P00115000,NVDA,2028-06-16,P,115.0,4.15,87.0,4.65,102.0,0.4525,218.0,10.0,-0.0583,0.0009,0.3597,-0.012,-0.282,4.3269,0.05,4.25,4.25,4.25,no_change,4.25,2026-09-04T09:30:01,1.19047,4.375,229.4873,2026-09-07 20:11:28,2026-09-07 16:15:05
NVDA,NVDA280616P00120000,NVDA,2028-06-16,P,120.0,4.75,81.0,5.1,66.0,0.4447,3957.0,10.0,-0.0661,0.001,0.3938,-0.0131,-0.3176,4.9574,-0.13,4.66,4.72,4.66,no_change,4.72,2026-09-04T10:40:42,-2.68041,4.92500019073486,229.4873,2026-09-07 20:11:28,2026-09-07 16:15:05
NVDA,NVDA280616P00125000,NVDA,2028-06-16,P,125.0,5.0,248.0,6.2,192.0,0.4403,2304.0,1.0,-0.0742,0.0011,0.4318,-0.0142,-0.3566,5.6425,-0.075,5.35,5.35,5.35,down,5.35,2026-09-04T09:51:41,-1.38249,5.65000009536743,229.4873,2026-09-07 20:11:28,2026-09-07 16:15:05
NVDA,NVDA280616P00130000,NVDA,2028-06-16,P,130.0,6.2,103.0,7.05,404.0,0.4418,3339.0,3.0,-0.0832,0.0012,0.4709,-0.0153,-0.3978,6.4208,-0.15,6.05,6.1,6.05,no_change,6.1,2026-09-04T10:36:01,-2.4,6.40000009536743,229.4873,2026-09-07 20:11:28,2026-09-07 16:15:05
NVDA,NVDA280616P00135000,NVDA,2028-06-16,P,135.0,6.7,236.0,7.4,8.0,0.4297,1895.0,22.0,-0.0928,0.0013,0.5081,-0.0165,-0.4419,7.2696,-0.175,7.0,7.0,6.8,no_change,7.0,2026-09-04T11:00:20,-2.43903,7.27500009536743,229.4873,2026-09-07 20:11:28,2026-09-07 16:15:05
NVDA,NVDA280616P00140000,NVDA,2028-06-16,P,140.0,7.95,263.0,9.25,12.0,0.4302,899.0,3.0,-0.1029,0.0014,0.5491,-0.0177,-0.4861,8.1965,-0.35,7.75,7.8,7.75,no_change,7.8,2026-09-04T10:36:01,-4.29448,8.15000009536743,229.4873,2026-09-07 20:11:28,2026-09-07 16:15:05
NVDA,NVDA280616P00145000,NVDA,2028-06-16,P,145.0,8.6,128.0,9.55,43.0,0.426,919.0,82.0,-0.1137,0.0015,0.5895,-0.0189,-0.5385,9.2125,-0.355,8.98,8.98,8.61,down,8.77,2026-09-04T10:37:22,-3.89041,9.19999980926514,229.4873,2026-09-07 20:11:28,2026-09-07 16:15:05
NVDA,NVDA280616P00150000,NVDA,2028-06-16,P,150.0,9.9,181.0,10.4,3.0,0.4228,6193.0,35.0,-0.1253,0.0016,0.6295,-0.0202,-0.5898,10.3344,0.0,9.75,10.38,9.75,up,10.3,2026-09-04T15:57:36,-1.85179e-06,10.375,229.4873,2026-09-07 20:11:28,2026-09-07 16:15:05
NVDA,NVDA280616P00155000,NVDA,2028-06-16,P,155.0,11.3,43.0,11.85,46.0,0.4244,6618.0,8.0,-0.1372,0.0018,0.6696,-0.0214,-0.6399,11.5206,-0.405,10.9,11.07,10.9,up,11.07,2026-09-04T11:09:35,-3.52941,11.5500001907349,229.4873,2026-09-07 20:11:28,2026-09-07 16:15:05
NVDA,NVDA280616P00160000,NVDA,2028-06-16,P,160.0,12.5,78.0,13.0,45.0,0.4207,5550.0,20.0,-0.1498,0.0019,0.7114,-0.0226,-0.6992,12.8126,0.14,12.84,12.84,12.84,no_change,12.84,2026-09-04T14:31:42,1.10236,12.75,229.4873,2026-09-07 20:11:28,2026-09-07 16:15:05
NVDA,NVDA280616P00165000,NVDA,2028-06-16,P,165.0,13.75,57.0,15.1,105.0,0.4226,869.0,8.0,-0.1631,0.002,0.7506,-0.0238,-0.7568,14.2075,-0.475,13.5,13.5,13.5,down,13.5,2026-09-04T10:32:13,-3.39893,14.1499996185303,229.4873,2026-09-07 20:11:28,2026-09-07 16:15:05
NVDA,NVDA280616P00170000,NVDA,2028-06-16,P,170.0,15.35,32.0,16.0,43.0,0.418,4083.0,1209.0,-0.1766,0.0021,0.7878,-0.025,-0.8139,15.6838,0.105,14.75,15.68,14.75,up,15.68,2026-09-04T15:23:25,0.674155,15.6000003814697,229.4873,2026-09-07 20:11:28,2026-09-07 16:15:05
NVDA,NVDA280616P00175000,NVDA,2028-06-16,P,175.0,16.95,1.0,17.95,11.0,0.4191,1075.0,8.0,-0.1905,0.0022,0.8266,-0.0262,-0.8768,17.2389,0.235,16.9,17.31,16.9,up,17.31,2026-09-04T14:33:05,1.37628,17.2750005722046,229.4873,2026-09-07 20:11:28,2026-09-07 16:15:05
NVDA,NVDA280616P00180000,NVDA,2028-06-16,P,180.0,18.45,115.0,19.1,32.0,0.4134,2744.0,87.0,-0.2052,0.0024,0.8628,-0.0273,-0.9334,18.9213,-0.225,18.35,18.6,18.2,up,18.6,2026-09-04T15:55:21,-1.19522,18.9499998092651,229.4873,2026-09-07 20:11:28,2026-09-07 16:15:05
NVDA,NVDA280616P00185000,NVDA,2028-06-16,P,185.0,19.5,324.0,21.2,107.0,0.41,1357.0,8.0,-0.22,0.0025,0.8972,-0.0284,-0.9971,20.6839,-0.535,19.94,19.94,19.94,down,19.94,2026-09-04T11:24:37,-2.61294,20.5249996185303,229.4873,2026-09-07 20:11:28,2026-09-07 16:15:05
NVDA,NVDA280616P00190000,NVDA,2028-06-16,P,190.0,21.95,59.0,22.95,73.0,0.4118,3256.0,108.0,-0.235,0.0026,0.9305,-0.0294,-1.0528,22.5167,0.1,21.75,22.5,21.75,down,22.4,2026-09-04T14:48:12,0.44843,22.5,229.4873,2026-09-07 20:11:28,2026-09-07 16:15:05
NVDA,NVDA280616P00195000,NVDA,2028-06-16,P,195.0,24.05,31.0,24.8,19.0,0.4108,2673.0,21.0,-0.2508,0.0027,0.9626,-0.0304,-1.1209,24.48,0.25,23.35,24.55,23.35,no_change,24.55,2026-09-04T15:27:33,1.02881,24.3000001907349,229.4873,2026-09-07 20:11:28,2026-09-07 16:15:05
NVDA,NVDA280616P00200000,NVDA,2028-06-16,P,200.0,25.7,207.0,26.65,37.0,0.4069,6410.0,349.0,-0.2664,0.0028,0.9922,-0.0314,-1.1771,26.5034,0.25,25.85,26.6,25.27,up,26.6,2026-09-04T14:57:30,0.948769,26.6000003814697,229.4873,2026-09-07 20:11:28,2026-09-07 16:15:05
NVDA,NVDA280616P00205000,NVDA,2028-06-16,P,205.0,27.55,353.0,29.0,103.0,0.4056,1171.0,54.0,-0.2826,0.0029,1.0195,-0.0323,-1.2433,28.6456,0.25,27.45,28.7,27.45,up,28.7,2026-09-04T15:44:41,0.878735,28.6000003814697,229.4873,2026-09-07 20:11:28,2026-09-07 16:15:05
NVDA,NVDA280616P00210000,NVDA,2028-06-16,P,210.0,29.45,132.0,31.2,20.0,0.4029,1052.0,2.0,-0.299,0.003,1.0452,-0.0331,-1.2958,30.879,-0.375,30.25,30.25,30.25,no_change,30.25,2026-09-04T12:27:50,-1.22449,30.7249994277954,229.4873,2026-09-07 20:11:28,2026-09-07 16:15:05
NVDA,NVDA280616P00215000,NVDA,2028-06-16,P,215.0,31.9,103.0,33.7,22.0,0.4037,811.0,42.0,-0.3154,0.0031,1.0694,-0.0339,-1.3631,33.1829,0.175,32.0,33.1,32.0,down,33.05,2026-09-04T13:27:23,0.532319,33.2249984741211,229.4873,2026-09-07 20:11:28,2026-09-07 16:15:05
NVDA,NVDA280616P00220000,NVDA,2028-06-16,P,220.0,34.5,170.0,35.75,48.0,0.402,6419.0,85.0,-0.3322,0.0032,1.0902,-0.0347,-1.4121,35.6011,0.0,34.14,35.67,33.98,down,35.3,2026-09-04T15:51:24,2.1613e-06,35.5,229.4873,2026-09-07 20:11:28,2026-09-07 16:15:05
NVDA,NVDA280616P00225000,NVDA,2028-06-16,P,225.0,37.25,53.0,38.25,24.0,0.4026,442.0,106.0,-0.3489,0.0033,1.1099,-0.0354,-1.4767,38.0877,0.05,37.0,37.9,37.0,no_change,37.9,2026-09-04T15:02:31,0.132104,37.8250007629394,229.4873,2026-09-07 20:11:28,2026-09-07 16:15:05
NVDA,NVDA280616P00230000,NVDA,2028-06-16,P,230.0,39.65,106.0,40.8,32.0,0.4009,2845.0,40.0,-0.3658,0.0034,1.126,-0.036,-1.5188,40.6678,-0.47,38.96,40.3,38.55,down,40.03,2026-09-04T13:03:53,-1.16049,40.5249996185303,229.4873,2026-09-07 20:11:28,2026-09-07 16:15:05
NVDA,NVDA280616P00235000,NVDA,2028-06-16,P,235.0,42.8,33.0,43.45,32.0,0.4022,2555.0,41.0,-0.3828,0.0035,1.1404,-0.0366,-1.5729,43.3361,0.155,41.21,43.38,41.1,up,43.38,2026-09-04T14:41:48,0.358588,43.2250003814697,229.4873,2026-09-07 20:11:28,2026-09-07 16:15:05
NVDA,NVDA280616P00240000,NVDA,2028-06-16,P,240.0,45.55,1.0,46.2,28.0,0.4014,226.0,0.0,-0.4001,0.0036,1.1517,-0.0372,-1.614,46.1086,0.0,0.0,0.0,0.0,up,47.98,2026-09-02T15:44:35,0.0,45.9500007629394,229.4873,2026-09-07 20:11:28,2026-09-07 16:15:05
NVDA,NVDA280616P00245000,NVDA,2028-06-16,P,245.0,47.15,242.0,49.05,10.0,0.3955,51.0,4.0,-0.4171,0.0036,1.1627,-0.0376,-1.6783,48.9429,-0.625,48.05,48.05,48.05,down,48.05,2026-09-04T12:09:03,-1.28403,48.875,229.4873,2026-09-07 20:11:28,2026-09-07 16:15:05
NVDA,NVDA280616P00250000,NVDA,2028-06-16,P,250.0,50.7,173.0,52.4,78.0,0.3995,209.0,23.0,-0.4342,0.0037,1.1708,-0.0381,-1.7096,51.867,-1.025,49.75,50.95,49.75,no_change,50.95,2026-09-04T12:09:21,-1.9721,51.7000007629394,229.4873,2026-09-07 20:11:28,2026-09-07 16:15:05
NVDA,NVDA280616P00255000,NVDA,2028-06-16,P,255.0,53.4,129.0,55.4,16.0,0.3976,319.0,10.0,-0.4514,0.0038,1.1747,-0.0385,-1.7497,54.8771,-1.95,52.95,52.95,52.95,down,52.95,2026-09-04T10:24:09,-3.55192,54.6499996185303,229.4873,2026-09-07 20:11:28,2026-09-07 16:15:05
NVDA,NVDA280616P00260000,NVDA,2028-06-16,P,260.0,55.75,50.0,58.65,72.0,0.4025,110.0,20.0,-0.4685,0.0038,1.1782,-0.0388,-1.7892,57.9654,-0.8,55.9,57.0,55.9,up,57.0,2026-09-04T12:09:16,-1.38408,58.0499992370606,229.4873,2026-09-07 20:11:28,2026-09-07 16:15:05
NVDA,NVDA280616P00265000,NVDA,2028-06-16,P,265.0,59.65,95.0,61.85,45.0,0.3975,350.0,175.0,-0.4856,0.0039,1.1749,-0.0391,-1.8186,61.1302,0.025,59.15,61.1,59.15,up,61.1,2026-09-04T15:22:05,0.0409352,61.25,229.4873,2026-09-07 20:11:28,2026-09-07 16:15:05
NVDA,NVDA280616P00270000,NVDA,2028-06-16,P,270.0,62.85,87.0,65.1,43.0,0.3967,901.0,28.0,-0.5027,0.0039,1.1757,-0.0394,-1.8621,64.3957,-0.945,62.35,63.58,62.35,no_change,63.58,2026-09-04T12:47:08,-1.46455,64.125,229.4873,2026-09-07 20:11:28,2026-09-07 16:15:05
NVDA,NVDA280616P00275000,NVDA,2028-06-16,P,275.0,66.15,143.0,68.45,65.0,0.3966,857.0,942.0,-0.5195,0.004,1.1727,-0.0396,-1.872,67.6939,-0.8,65.53,66.9,65.47,no_change,66.9,2026-09-04T12:47:08,-1.18168,67.8250007629394,229.4873,2026-09-07 20:11:28,2026-09-07 16:15:05
NVDA,NVDA280616P00280000,NVDA,2028-06-16,P,280.0,69.55,46.0,71.75,41.0,0.4005,2858.0,15.0,-0.5365,0.004,1.1647,-0.0398,-1.89,71.1203,-2.275,68.75,68.75,68.75,down,68.75,2026-09-04T10:24:08,-3.2031,71.0750007629394,229.4873,2026-09-07 20:11:28,2026-09-07 16:15:05
NVDA,NVDA280616P00285000,NVDA,2028-06-16,P,285.0,73.8,41.0,74.95,38.0,0.3976,2030.0,1.0,-0.5533,0.0041,1.158,-0.0399,-1.9205,74.5743,-1.9,72.6,72.6,72.6,down,72.6,2026-09-04T09:45:42,-2.55034,74.5500030517578,229.4873,2026-09-07 20:11:28,2026-09-07 16:15:05
NVDA,NVDA280616P00290000,NVDA,2028-06-16,P,290.0,75.85,80.0,78.65,15.0,0.3914,246.0,0.0,-0.5699,0.0041,1.1396,-0.04,-1.9166,78.1204,0.0,0.0,0.0,0.0,down,79.25,2026-09-03T10:34:18,0.0,78.0249977111816,229.4873,2026-09-07 20:11:28,2026-09-07 16:15:05
NVDA,NVDA280616P00295000,NVDA,2028-06-16,P,295.0,80.6,25.0,83.4,16.0,0.401,42.0,0.0,-0.5866,0.0042,1.1315,-0.0401,-1.9465,81.7474,0.0,0.0,0.0,0.0,down,81.88,2026-09-03T13:39:55,0.0,81.4499969482422,229.4873,2026-09-07 20:11:28,2026-09-07 16:15:05
NVDA,NVDA280616P00300000,NVDA,2028-06-16,P,300.0,84.75,15.0,87.1,46.0,0.4029,245.0,0.0,-0.603,0.0042,1.1209,-0.0401,-1.9558,85.4476,0.0,0.0,0.0,0.0,no_change,86.1,2026-09-03T13:09:19,0.0,85.0999984741211,229.4873,2026-09-07 20:11:28,2026-09-07 16:15:05
NVDA,NVDA280616P00305000,NVDA,2028-06-16,P,305.0,87.95,27.0,91.1,57.0,0.4014,87.0,0.0,-0.6193,0.0043,1.0994,-0.0401,-1.9366,89.198,0.0,0.0,0.0,0.0,down,96.55,2026-08-31T09:41:08,0.0,89.2750015258789,229.4873,2026-09-07 20:11:28,2026-09-07 16:15:05
NVDA,NVDA280616P00310000,NVDA,2028-06-16,P,310.0,92.05,82.0,94.25,101.0,0.3996,43.0,0.0,-0.6356,0.0043,1.0775,-0.0402,-1.9366,93.0159,0.0,0.0,0.0,0.0,up,94.25,2026-08-27T13:57:44,0.0,92.5999984741211,229.4873,2026-09-07 20:11:28,2026-09-07 16:15:05
NVDA,NVDA280616P00315000,NVDA,2028-06-16,P,315.0,95.85,15.0,98.6,46.0,0.4014,76.0,0.0,-0.6516,0.0043,1.0613,-0.0402,-1.9148,96.8909,0.0,0.0,0.0,0.0,down,97.25,2026-08-27T13:27:58,0.0,96.625,229.4873,2026-09-07 20:11:28,2026-09-07 16:15:05
NVDA,NVDA280616P00320000,NVDA,2028-06-16,P,320.0,98.3,182.0,102.0,112.0,0.3913,384.0,0.0,-0.6674,0.0044,1.028,-0.0401,-1.898,100.8422,0.0,0.0,0.0,0.0,down,103.25,2026-09-03T09:30:09,0.0,101.049999237061,229.4873,2026-09-07 20:11:28,2026-09-07 16:15:05
NVDA,NVDA280616P00325000,NVDA,2028-06-16,P,325.0,102.25,158.0,106.35,72.0,0.3926,115.0,1.0,-0.6831,0.0044,1.0104,-0.0401,-1.8992,104.8442,-2.95,102.0,102.0,102.0,down,102.0,2026-09-04T09:46:43,-2.81086,105.174999237061,229.4873,2026-09-07 20:11:28,2026-09-07 16:15:05
NVDA,NVDA280616P00330000,NVDA,2028-06-16,P,330.0,107.35,46.0,109.75,24.0,0.3945,194.0,0.0,-0.6987,0.0044,0.9913,-0.04,-1.8748,108.8954,0.0,0.0,0.0,0.0,up,127.75,2026-07-23T10:49:30,0.0,107.975002288818,229.4873,2026-09-07 20:11:28,2026-09-07 16:15:05
NVDA,NVDA280616P00335000,NVDA,2028-06-16,P,335.0,111.45,46.0,114.75,19.0,0.399,374.0,0.0,-0.714,0.0044,0.9571,-0.0399,-1.8047,113.0085,0.0,0.0,0.0,0.0,no_change,130.45,2026-07-14T15:10:02,0.0,113.324996948242,229.4873,2026-09-07 20:11:28,2026-09-07 16:15:05
NVDA,NVDA280616P00340000,NVDA,2028-06-16,P,340.0,115.65,266.0,118.35,178.0,0.396,270.0,0.0,-0.7297,0.0045,0.9176,-0.04,-1.7871,117.1866,0.0,0.0,0.0,0.0,down,119.9,2026-09-02T13:21:17,0.0,117.100002288818,229.4873,2026-09-07 20:11:28,2026-09-07 16:15:05
NVDA,NVDA280616P00345000,NVDA,2028-06-16,P,345.0,119.75,24.0,123.15,47.0,0.3986,26.0,0.0,-0.7449,0.0045,0.8987,-0.04,-1.784,121.4048,0.0,0.0,0.0,0.0,up,132.1,2026-08-06T10:38:54,0.0,121.350002288818,229.4873,2026-09-07 20:11:28,2026-09-07 16:15:05
NVDA,NVDA280616P00350000,NVDA,2028-06-16,P,350.0,122.9,42.0,127.7,14.0,0.3934,119.0,0.0,-0.7594,0.0045,0.8562,-0.0397,-1.6709,125.6848,0.0,0.0,0.0,0.0,down,126.25,2026-08-27T13:27:44,0.0,125.899997711182,229.4873,2026-09-07 20:11:28,2026-09-07 16:15:05
NVDA,NVDA280616P00360000,NVDA,2028-06-16,P,360.0,131.6,44.0,136.35,42.0,0.3929,63.0,0.0,-0.7891,0.0046,0.7934,-0.0392,-1.6358,134.3886,0.0,0.0,0.0,0.0,down,135.39,2026-08-27T13:51:04,0.0,134.150001525879,229.4873,2026-09-07 20:11:28,2026-09-07 16:15:05
NVDA,NVDA280616P00370000,NVDA,2028-06-16,P,370.0,138.0,51.0,148.0,51.0,0.3923,21.0,0.0,-0.8176,0.0046,0.7023,-0.0393,-1.3754,143.2811,0.0,0.0,0.0,0.0,down,155.75,2026-08-06T11:37:38,0.0,143.275001525879,229.4873,2026-09-07 20:11:28,2026-09-07 16:15:05
NVDA,NVDA280616P00380000,NVDA,2028-06-16,P,380.0,147.0,5.0,157.0,5.0,0.3909,17.0,0.0,-0.8447,0.0045,0.6335,-0.0394,-1.3413,152.3642,0.0,0.0,0.0,0.0,down,162.15,2026-08-05T14:08:08,0.0,152.425003051758,229.4873,2026-09-07 20:11:28,2026-09-07 16:15:05
NVDA,NVDA280616P00390000,NVDA,2028-06-16,P,390.0,156.0,55.0,166.0,55.0,0.3889,0.0,0.0,-0.8701,0.0044,0.5345,-0.0391,-1.0949,161.6113,0.0,0.0,0.0,0.0,up,184.75,2026-07-13T12:09:05,0.0,161.650001525879,229.4873,2026-09-07 20:11:28,2026-09-07 16:15:05
NVDA,NVDA280616P00400000,NVDA,2028-06-16,P,400.0,166.0,55.0,176.0,61.0,0.3971,104.0,0.0,-0.8944,0.0042,0.4557,-0.04,-1.0108,171.0115,0.0,0.0,0.0,0.0,down,170.86,2026-09-03T13:42:46,0.0,170.825004577637,229.4873,2026-09-07 20:11:28,2026-09-07 16:15:05
NVDA,NVDA280616P00410000,NVDA,2028-06-16,P,410.0,175.0,51.0,185.0,51.0,0.3867,0.0,0.0,-0.916,0.0039,0.3462,-0.0351,-0.7373,180.5622,0.0,0.0,0.0,0.0,down,191.08,2026-08-05T15:59:37,0.0,180.5,229.4873,2026-09-07 20:11:28,2026-09-07 16:15:05
NVDA,NVDA280616P00420000,NVDA,2028-06-16,P,420.0,188.3,11.0,191.75,11.0,0.3928,0.0,0.0,-0.9361,0.0036,0.3077,-0.0281,-0.586,190.2007,0.0,0.0,0.0,0.0,down,196.99,2026-08-12T11:15:18,0.0,190.175003051758,229.4873,2026-09-07 20:11:28,2026-09-07 16:15:05
NVDA,NVDA280616P00430000,NVDA,2028-06-16,P,430.0,195.0,51.0,205.0,51.0,0.3963,0.0,0.0,-0.9526,0.0031,0.1955,-0.0235,-0.3621,199.9754,0.0,0.0,0.0,0.0,down,199.51,2026-05-14T14:42:25,0.0,200.074996948242,229.4873,2026-09-07 20:11:28,2026-09-07 16:15:05
NVDA,NVDA280616P00440000,NVDA,2028-06-16,P,440.0,205.0,2.0,215.0,2.0,0.4038,0.0,0.0,-0.9661,0.0026,0.1393,-0.0093,-0.3282,209.8271,0.0,0.0,0.0,0.0,down,216.71,2026-08-12T11:15:18,0.0,210.049995422363,229.4873,2026-09-07 20:11:28,2026-09-07 16:15:05
NVDA,NVDA280616P00450000,NVDA,2028-06-16,P,450.0,215.0,51.0,225.0,51.0,0.4129,1.0,1.0,-0.9769,0.002,0.089,-0.0004,0.0,219.735,-4.725,216.3,216.3,216.3,down,216.3,2026-09-04T10:13:49,-2.13777,220.099998474121,229.4873,2026-09-07 20:11:28,2026-09-07 16:15:05
NVDA,NVDA280616P00460000,NVDA,2028-06-16,P,460.0,225.0,55.0,231.4,19.0,0.4236,0.0,0.0,-0.9851,0.0013,0.0,-0.0004,0.0,229.735,0.0,0.0,0.0,0.0,down,232.26,2026-09-03T10:08:29,0.0,230.150001525879,229.4873,2026-09-07 20:11:28,2026-09-07 16:15:05
NVDA,NVDA281215C00005000,NVDA,2028-12-15,C,5.0,220.0,2.0,230.0,2.0,0.0,687.0,2.0,1.0,0.0,0.0042,0.0,0.0436,225.8122,2.525,228.75,228.75,226.0,down,226.0,2026-09-04T13:24:59,1.12988,225.0,229.4873,2026-09-07 20:11:28,2026-09-07 16:15:05
NVDA,NVDA281215C00010000,NVDA,2028-12-15,C,10.0,215.0,2.0,225.0,2.0,0.0,117.0,1.0,1.0,0.0,0.004,0.0,0.1027,220.9452,5.81,224.81,224.81,224.81,up,224.81,2026-09-04T10:14:52,2.65297,220.0,229.4873,2026-09-07 20:11:28,2026-09-07 16:15:05
NVDA,NVDA281215C00015000,NVDA,2028-12-15,C,15.0,211.0,2.0,221.0,2.0,0.3963,126.0,1.0,1.0,0.0,0.0085,0.0,0.1961,216.1907,1.775,218.0,218.0,218.0,up,218.0,2026-09-04T11:25:12,0.820905,215.775001525879,229.4873,2026-09-07 20:11:28,2026-09-07 16:15:05
NVDA,NVDA281215C00020000,NVDA,2028-12-15,C,20.0,206.0,2.0,216.0,2.0,0.6623,1417.0,0.0,1.0,0.0,0.0182,0.0,0.3411,211.5806,0.0,0.0,0.0,0.0,no_change,208.75,2026-09-03T10:00:18,0.0,211.224998474121,229.4873,2026-09-07 20:11:28,2026-09-07 16:15:05
NVDA,NVDA281215C00025000,NVDA,2028-12-15,C,25.0,202.0,2.0,211.0,29.0,0.6592,618.0,32.0,1.0,0.0,0.0292,0.0,0.4792,207.0799,3.245,210.0,210.0,207.42,down,207.42,2026-09-04T13:12:22,1.58933,206.75,229.4873,2026-09-07 20:11:28,2026-09-07 16:15:05
NVDA,NVDA281215C00030000,NVDA,2028-12-15,C,30.0,197.0,2.0,207.0,46.0,0.6542,770.0,0.0,1.0,0.0,0.0372,0.0,0.5875,202.6351,0.0,0.0,0.0,0.0,up,200.23,2026-09-03T10:08:50,0.0,202.275001525879,229.4873,2026-09-07 20:11:28,2026-09-07 16:15:05
NVDA,NVDA281215C00035000,NVDA,2028-12-15,C,35.0,193.0,2.0,203.0,51.0,0.624,1129.0,2.0,1.0,0.0001,0.05,0.0,0.6954,198.225,1.0,199.8,199.8,197.85,down,197.85,2026-09-04T13:55:17,0.507998,197.899993896484,229.4873,2026-09-07 20:11:28,2026-09-07 16:15:05
NVDA,NVDA281215C00040000,NVDA,2028-12-15,C,40.0,189.0,2.0,199.0,55.0,0.6039,469.0,0.0,1.0,0.0001,0.0604,0.0,0.7869,193.8345,0.0,0.0,0.0,0.0,up,183.69,2026-08-31T15:57:57,0.0,193.449996948242,229.4873,2026-09-07 20:11:28,2026-09-07 16:15:05
NVDA,NVDA281215C00045000,NVDA,2028-12-15,C,45.0,184.0,2.0,194.0,50.0,0.5803,1086.0,0.0,0.9999,0.0001,0.0763,0.0,0.8754,189.4576,0.0,0.0,0.0,0.0,up,185.5,2026-09-03T09:34:55,0.0,189.049995422363,229.4873,2026-09-07 20:11:28,2026-09-07 16:15:05
NVDA,NVDA281215C00050000,NVDA,2028-12-15,C,50.0,180.0,2.0,190.0,55.0,0.5635,727.0,5.0,0.998,0.0001,0.0901,0.0,0.9635,185.1008,1.18,184.93,184.93,184.93,up,184.93,2026-09-04T15:04:08,0.642177,184.675003051758,229.4873,2026-09-07 20:11:28,2026-09-07 16:15:05
NVDA,NVDA281215C00055000,NVDA,2028-12-15,C,55.0,176.0,2.0,186.0,51.0,0.5466,956.0,0.0,0.996,0.0002,0.1054,0.0,1.0513,180.7596,0.0,0.0,0.0,0.0,up,178.07,2026-09-03T13:36:23,0.0,180.324996948242,229.4873,2026-09-07 20:11:28,2026-09-07 16:15:05
NVDA,NVDA281215C00060000,NVDA,2028-12-15,C,60.0,171.0,2.0,181.0,2.0,0.5318,1942.0,1.0,0.9937,0.0002,0.1254,0.0,1.1342,176.4403,-0.04,174.71,174.71,174.71,down,174.71,2026-09-04T13:44:51,-0.0228898,175.274993896484,229.4873,2026-09-07 20:11:28,2026-09-07 16:15:05
NVDA,NVDA281215C00065000,NVDA,2028-12-15,C,65.0,167.0,2.0,177.0,55.0,0.5166,927.0,1.0,0.9912,0.0002,0.1434,0.0,1.2171,172.1455,-0.93,170.22,170.22,170.22,down,170.22,2026-09-04T13:44:51,-0.543384,171.700004577637,229.4873,2026-09-07 20:11:28,2026-09-07 16:15:05
NVDA,NVDA281215C00070000,NVDA,2028-12-15,C,70.0,163.0,61.0,173.0,51.0,0.5065,1221.0,0.0,0.9883,0.0003,0.1648,0.0,1.2995,167.8739,0.0,0.0,0.0,0.0,no_change,164.99,2026-09-03T12:46:41,0.0,167.525001525879,229.4873,2026-09-07 20:11:28,2026-09-07 16:15:05
NVDA,NVDA281215C00075000,NVDA,2028-12-15,C,75.0,159.0,59.0,168.0,62.0,0.4953,1686.0,0.0,0.985,0.0003,0.1887,0.0,1.3755,163.635,0.0,0.0,0.0,0.0,up,158.15,2026-08-27T10:25:57,0.0,163.5,229.4873,2026-09-07 20:11:28,2026-09-07 16:15:05
NVDA,NVDA281215C00080000,NVDA,2028-12-15,C,80.0,156.0,117.0,163.4,114.0,0.5,1608.0,0.0,0.9814,0.0004,0.2121,0.0,1.4511,159.4309,0.0,0.0,0.0,0.0,up,154.0,2026-08-27T11:40:58,0.0,159.875,229.4873,2026-09-07 20:11:28,2026-09-07 16:15:05
NVDA,NVDA281215C00085000,NVDA,2028-12-15,C,85.0,151.85,172.0,159.2,54.0,0.4896,713.0,0.0,0.9774,0.0004,0.2396,0.0,1.5258,155.2624,0.0,0.0,0.0,0.0,down,143.87,2026-08-31T15:01:43,0.0,155.449996948242,229.4873,2026-09-07 20:11:28,2026-09-07 16:15:05
NVDA,NVDA281215C00090000,NVDA,2028-12-15,C,90.0,147.75,162.0,155.1,217.0,0.4813,5695.0,10.0,0.973,0.0005,0.2684,0.0,1.5933,151.1414,6.55,156.9,156.9,156.9,up,156.9,2026-09-04T10:05:46,4.3565,151.849998474121,229.4873,2026-09-07 20:11:28,2026-09-07 16:15:05
NVDA,NVDA281215C00095000,NVDA,2028-12-15,C,95.0,143.1,445.0,150.4,23.0,0.4622,2417.0,0.0,0.968,0.0005,0.2977,0.0,1.6591,147.0689,0.0,0.0,0.0,0.0,up,146.4,2026-09-03T15:28:34,0.0,147.400001525879,229.4873,2026-09-07 20:11:28,2026-09-07 16:15:05
NVDA,NVDA281215C00100000,NVDA,2028-12-15,C,100.0,139.55,154.0,147.1,75.0,0.4658,5331.0,56.0,0.9626,0.0006,0.3312,0.0,1.7225,143.0478,0.57,145.25,146.35,143.0,up,143.42,2026-09-04T15:52:03,0.399021,142.175003051758,229.4873,2026-09-07 20:11:28,2026-09-07 16:15:05
NVDA,NVDA281215C00105000,NVDA,2028-12-15,C,105.0,134.0,65.0,140.65,32.0,0.4536,803.0,1.0,0.9567,0.0007,0.3649,0.0,1.7807,139.0887,4.48,142.68,142.68,142.68,up,142.68,2026-09-04T09:52:26,3.24168,139.024993896484,229.4873,2026-09-07 20:11:28,2026-09-07 16:15:05
NVDA,NVDA281215C00110000,NVDA,2028-12-15,C,110.0,133.75,13.0,136.55,7.0,0.446,1042.0,1.0,0.9503,0.0008,0.3999,0.0,1.8351,135.1917,1.94,135.89,135.89,135.89,up,135.89,2026-09-04T12:34:49,1.4483,135.050003051758,229.4873,2026-09-07 20:11:28,2026-09-07 16:15:05
NVDA,NVDA281215C00115000,NVDA,2028-12-15,C,115.0,129.9,23.0,133.05,76.0,0.4453,857.0,0.0,0.9434,0.0008,0.438,0.0,1.8879,131.361,0.0,0.0,0.0,0.0,up,127.95,2026-09-03T12:25:22,0.0,131.199996948242,229.4873,2026-09-07 20:11:28,2026-09-07 16:15:05
NVDA,NVDA281215C00120000,NVDA,2028-12-15,C,120.0,126.2,33.0,128.95,77.0,0.4383,6306.0,12.0,0.9359,0.0009,0.4759,-0.0009,1.9361,127.6028,0.525,129.0,130.92,127.25,down,127.25,2026-09-04T15:45:32,0.414281,127.25,229.4873,2026-09-07 20:11:28,2026-09-07 16:15:05
NVDA,NVDA281215C00125000,NVDA,2028-12-15,C,125.0,122.55,15.0,125.75,91.0,0.4401,617.0,10.0,0.9279,0.001,0.515,-0.0022,1.9837,123.9176,1.57,127.3,127.3,124.55,up,124.57,2026-09-04T12:18:33,1.27642,123.75,229.4873,2026-09-07 20:11:28,2026-09-07 16:15:05
NVDA,NVDA281215C00130000,NVDA,2028-12-15,C,130.0,118.95,49.0,121.8,83.0,0.4337,1544.0,3.0,0.9195,0.0011,0.5559,-0.0034,2.0409,120.3108,2.07,121.88,121.88,121.12,down,121.12,2026-09-04T12:18:33,1.73877,120.150001525879,229.4873,2026-09-07 20:11:28,2026-09-07 16:15:05
NVDA,NVDA281215C00135000,NVDA,2028-12-15,C,135.0,115.15,263.0,118.6,91.0,0.4314,560.0,13.0,0.9106,0.0012,0.5961,-0.0047,2.0884,116.7854,1.25,118.02,118.2,116.75,down,116.75,2026-09-04T14:17:37,1.08225,116.474998474121,229.4873,2026-09-07 20:11:28,2026-09-07 16:15:05
NVDA,NVDA281215C00140000,NVDA,2028-12-15,C,140.0,112.35,61.0,114.5,110.0,0.4289,5665.0,26.0,0.9013,0.0012,0.637,-0.006,2.1183,113.3391,1.975,115.53,116.8,113.3,up,113.85,2026-09-04T15:51:36,1.76536,112.5,229.4873,2026-09-07 20:11:28,2026-09-07 16:15:05
NVDA,NVDA281215C00145000,NVDA,2028-12-15,C,145.0,109.25,13.0,111.55,15.0,0.4318,1397.0,7.0,0.8915,0.0013,0.6783,-0.0073,2.1434,109.9726,1.27,111.88,111.88,109.92,down,109.92,2026-09-04T14:35:36,1.16889,109.125,229.4873,2026-09-07 20:11:28,2026-09-07 16:15:05
NVDA,NVDA281215C00150000,NVDA,2028-12-15,C,150.0,106.0,64.0,107.9,119.0,0.4272,3778.0,112.0,0.8814,0.0014,0.7188,-0.0086,2.1652,106.6861,0.725,108.0,110.0,106.0,no_change,106.0,2026-09-04T15:58:53,0.688671,106.799999237061,229.4873,2026-09-07 20:11:28,2026-09-07 16:15:05
NVDA,NVDA281215C00155000,NVDA,2028-12-15,C,155.0,101.8,190.0,105.2,127.0,0.4221,975.0,6.0,0.8708,0.0015,0.7589,-0.0098,2.184,103.4784,1.695,106.14,106.7,103.52,down,103.52,2026-09-04T13:56:59,1.66462,103.024997711182,229.4873,2026-09-07 20:11:28,2026-09-07 16:15:05
NVDA,NVDA281215C00160000,NVDA,2028-12-15,C,160.0,98.8,175.0,102.05,136.0,0.4212,2870.0,49.0,0.86,0.0016,0.7988,-0.0111,2.1985,100.3494,2.0,100.5,103.8,100.5,down,100.85,2026-09-04T13:19:17,2.02327,100.5,229.4873,2026-09-07 20:11:28,2026-09-07 16:15:05
NVDA,NVDA281215C00165000,NVDA,2028-12-15,C,165.0,95.65,225.0,98.7,102.0,0.4173,1351.0,27.0,0.8489,0.0017,0.8382,-0.0123,2.209,97.2999,2.275,98.5,98.8,98.15,down,98.15,2026-09-04T11:36:39,2.37288,96.5499992370606,229.4873,2026-09-07 20:11:28,2026-09-07 16:15:05
NVDA,NVDA281215C00170000,NVDA,2028-12-15,C,170.0,94.0,2.0,95.85,183.0,0.4243,4135.0,131.0,0.8375,0.0018,0.8761,-0.0134,2.2172,94.3286,1.75,94.0,97.13,93.9,up,94.4,2026-09-04T15:41:20,1.88883,93.7999992370606,229.4873,2026-09-07 20:11:28,2026-09-07 16:15:05
NVDA,NVDA281215C00175000,NVDA,2028-12-15,C,175.0,91.0,27.0,93.05,157.0,0.4227,2432.0,35.0,0.8259,0.0018,0.913,-0.0146,2.223,91.4336,2.8,93.75,94.5,92.4,up,93.15,2026-09-04T13:17:05,3.09906,91.1749992370606,229.4873,2026-09-07 20:11:28,2026-09-07 16:15:05
NVDA,NVDA281215C00180000,NVDA,2028-12-15,C,180.0,87.15,130.0,89.95,108.0,0.4144,5017.0,60.0,0.814,0.0019,0.9492,-0.0157,2.225,88.6146,1.525,90.0,91.2,88.65,down,88.65,2026-09-04T13:49:13,1.75036,88.2749977111816,229.4873,2026-09-07 20:11:28,2026-09-07 16:15:05
NVDA,NVDA281215C00185000,NVDA,2028-12-15,C,185.0,84.85,73.0,87.4,160.0,0.4165,6132.0,98.0,0.802,0.002,0.9843,-0.0168,2.2235,85.8717,2.335,88.1,88.5,85.57,up,86.61,2026-09-04T15:54:57,2.77069,85.5250015258789,229.4873,2026-09-07 20:11:28,2026-09-07 16:15:05
NVDA,NVDA281215C00190000,NVDA,2028-12-15,C,190.0,81.85,158.0,84.7,192.0,0.4136,5764.0,24.0,0.7898,0.0021,1.0177,-0.0178,2.2204,83.2039,1.825,85.5,86.25,83.5,down,83.5,2026-09-04T13:19:33,2.23447,82.9250030517578,229.4873,2026-09-07 20:11:28,2026-09-07 16:15:05
NVDA,NVDA281215C00195000,NVDA,2028-12-15,C,195.0,80.05,53.0,81.4,101.0,0.413,2379.0,46.0,0.7774,0.0022,1.0496,-0.0188,2.2157,80.609,1.3,81.0,83.5,80.3,up,80.35,2026-09-04T15:46:53,1.64453,80.3499984741211,229.4873,2026-09-07 20:11:28,2026-09-07 16:15:05
NVDA,NVDA281215C00200000,NVDA,2028-12-15,C,200.0,77.15,90.0,80.0,127.0,0.4086,31481.0,500.0,0.765,0.0022,1.0802,-0.0197,2.2081,78.086,1.33,77.55,81.05,77.5,up,78.03,2026-09-04T15:58:58,1.73403,78.0249977111816,229.4873,2026-09-07 20:11:28,2026-09-07 16:15:05
NVDA,NVDA281215C00205000,NVDA,2028-12-15,C,205.0,74.3,150.0,77.05,155.0,0.4104,3598.0,171.0,0.7524,0.0023,1.1096,-0.0206,2.1974,75.6352,0.7,76.08,78.5,75.05,down,75.05,2026-09-04T15:36:39,0.94149,75.3499984741211,229.4873,2026-09-07 20:11:28,2026-09-07 16:15:05
NVDA,NVDA281215C00210000,NVDA,2028-12-15,C,210.0,72.85,43.0,74.2,63.0,0.4116,7485.0,26.0,0.7398,0.0023,1.1374,-0.0214,2.1848,73.2559,1.1,73.56,76.05,72.75,up,73.2,2026-09-04T15:47:14,1.52566,73.125,229.4873,2026-09-07 20:11:28,2026-09-07 16:15:05
NVDA,NVDA281215C00215000,NVDA,2028-12-15,C,215.0,69.85,71.0,72.35,111.0,0.4098,2946.0,50.0,0.7272,0.0024,1.1634,-0.0222,2.1716,70.9463,0.7,73.57,73.57,70.6,down,70.6,2026-09-04T15:44:44,1.00143,70.5999984741211,229.4873,2026-09-07 20:11:28,2026-09-07 16:15:05
NVDA,NVDA281215C00220000,NVDA,2028-12-15,C,220.0,68.35,57.0,69.65,207.0,0.4102,8827.0,339.0,0.7144,0.0025,1.1879,-0.023,2.1569,68.7045,1.6,68.37,71.0,68.22,up,69.0,2026-09-04T15:52:17,2.37389,68.2999992370606,229.4873,2026-09-07 20:11:28,2026-09-07 16:15:05
NVDA,NVDA281215C00225000,NVDA,2028-12-15,C,225.0,66.2,15.0,67.3,79.0,0.4088,8109.0,173.0,0.7017,0.0025,1.2109,-0.0237,2.1397,66.5298,1.655,66.16,69.25,65.96,up,66.88,2026-09-04T15:52:44,2.53737,66.4249992370606,229.4873,2026-09-07 20:11:28,2026-09-07 16:15:05
NVDA,NVDA281215C00230000,NVDA,2028-12-15,C,230.0,63.45,57.0,65.6,72.0,0.4072,7682.0,598.0,0.689,0.0026,1.2325,-0.0244,2.1202,64.4221,1.7,64.67,67.0,63.9,up,64.8,2026-09-04T15:53:40,2.69414,64.2500019073486,229.4873,2026-09-07 20:11:28,2026-09-07 16:15:05
NVDA,NVDA281215C00235000,NVDA,2028-12-15,C,235.0,61.65,49.0,63.4,60.0,0.4069,3166.0,249.0,0.6764,0.0026,1.2524,-0.025,2.0997,62.3803,1.6,62.44,65.0,62.0,up,62.7,2026-09-04T15:56:47,2.61866,62.125,229.4873,2026-09-07 20:11:28,2026-09-07 16:15:05
NVDA,NVDA281215C00240000,NVDA,2028-12-15,C,240.0,60.0,38.0,61.2,70.0,0.4067,4029.0,240.0,0.6637,0.0026,1.2706,-0.0256,2.0791,60.4023,1.35,60.02,62.82,59.89,up,60.35,2026-09-04T15:48:29,2.28814,60.3249988555908,229.4873,2026-09-07 20:11:28,2026-09-07 16:15:05
NVDA,NVDA281215C00245000,NVDA,2028-12-15,C,245.0,58.0,38.0,59.2,25.0,0.4055,1858.0,73.0,0.6511,0.0027,1.2873,-0.0262,2.0576,58.4862,1.3,60.61,60.61,58.33,up,58.4,2026-09-04T15:48:31,2.27671,58.3999996185303,229.4873,2026-09-07 20:11:28,2026-09-07 16:15:05
NVDA,NVDA281215C00250000,NVDA,2028-12-15,C,250.0,56.3,35.0,57.45,76.0,0.406,18557.0,243.0,0.6386,0.0027,1.3026,-0.0267,2.0345,56.6308,1.425,57.0,59.0,56.0,up,56.5,2026-09-04T15:41:06,2.58738,56.6000003814697,229.4873,2026-09-07 20:11:28,2026-09-07 16:15:05
NVDA,NVDA281215C00255000,NVDA,2028-12-15,C,255.0,53.95,54.0,55.85,77.0,0.4042,1411.0,5.0,0.6262,0.0028,1.3163,-0.0271,2.0095,54.8356,0.4,54.87,55.2,54.35,down,54.35,2026-09-04T14:14:20,0.741426,54.5,229.4873,2026-09-07 20:11:28,2026-09-07 16:15:05
NVDA,NVDA281215C00260000,NVDA,2028-12-15,C,260.0,52.6,46.0,53.7,32.0,0.4036,4137.0,276.0,0.6139,0.0028,1.3286,-0.0276,1.9837,53.0996,1.35,53.22,55.1,52.6,up,53.15,2026-09-04T15:46:32,2.60618,53.0,229.4873,2026-09-07 20:11:28,2026-09-07 16:15:05
NVDA,NVDA281215C00265000,NVDA,2028-12-15,C,265.0,50.9,12.0,52.45,64.0,0.4047,1059.0,2.0,0.6017,0.0028,1.3395,-0.0279,1.9579,51.4207,0.8,53.5,53.5,51.05,down,51.05,2026-09-04T12:30:30,1.59204,51.2250003814697,229.4873,2026-09-07 20:11:28,2026-09-07 16:15:05
NVDA,NVDA281215C00270000,NVDA,2028-12-15,C,270.0,49.4,32.0,50.5,46.0,0.4036,3141.0,28.0,0.5896,0.0028,1.349,-0.0283,1.9324,49.7969,1.3,49.37,51.87,49.37,up,49.95,2026-09-04T15:51:25,2.67215,49.5500011444092,229.4873,2026-09-07 20:11:28,2026-09-07 16:15:05
NVDA,NVDA281215C00275000,NVDA,2028-12-15,C,275.0,47.75,16.0,48.95,58.0,0.403,3136.0,45.0,0.5777,0.0028,1.3572,-0.0286,1.9062,48.2264,1.25,49.38,50.0,48.3,no_change,48.3,2026-09-04T15:02:41,2.65675,47.8999996185303,229.4873,2026-09-07 20:11:28,2026-09-07 16:15:05
NVDA,NVDA281215C00280000,NVDA,2028-12-15,C,280.0,46.05,116.0,47.45,331.0,0.4022,2615.0,46.0,0.5658,0.0029,1.364,-0.0289,1.8788,46.7081,1.385,48.5,48.5,46.5,up,46.96,2026-09-04T15:54:54,3.03895,46.6000003814697,229.4873,2026-09-07 20:11:28,2026-09-07 16:15:05
NVDA,NVDA281215C00285000,NVDA,2028-12-15,C,285.0,44.6,34.0,46.15,35.0,0.4025,2064.0,3.0,0.5542,0.0029,1.3695,-0.0291,1.8503,45.241,1.26,44.75,45.26,44.75,up,45.26,2026-09-04T12:36:04,2.86364,44.9500007629394,229.4873,2026-09-07 20:11:28,2026-09-07 16:15:05
NVDA,NVDA281215C00290000,NVDA,2028-12-15,C,290.0,43.35,39.0,44.5,44.0,0.402,6767.0,4.0,0.5427,0.0029,1.3738,-0.0293,1.8215,43.824,1.625,43.85,44.3,43.85,up,44.3,2026-09-04T12:46:23,3.80785,43.5499992370606,229.4873,2026-09-07 20:11:28,2026-09-07 16:15:05
NVDA,NVDA281215C00295000,NVDA,2028-12-15,C,295.0,41.75,16.0,43.4,15.0,0.402,961.0,0.0,0.5313,0.0029,1.377,-0.0295,1.7933,42.4551,0.0,0.0,0.0,0.0,down,40.35,2026-09-03T11:31:23,0.0,42.3249988555908,229.4873,2026-09-07 20:11:28,2026-09-07 16:15:05
NVDA,NVDA281215C00300000,NVDA,2028-12-15,C,300.0,41.0,1.0,41.7,29.0,0.4025,18745.0,510.0,0.5202,0.0029,1.3792,-0.0296,1.7655,41.1323,0.985,40.83,43.1,40.5,down,40.81,2026-09-04T15:45:09,2.47332,40.9499988555908,229.4873,2026-09-07 20:11:28,2026-09-07 16:15:05
NVDA,NVDA281215C00310000,NVDA,2028-12-15,C,310.0,37.75,100.0,39.4,37.0,0.3988,4241.0,36.0,0.4983,0.0029,1.3805,-0.0298,1.7094,38.6184,1.1,39.0,40.3,38.6,down,38.7,2026-09-04T15:57:45,2.92553,38.4000015258789,229.4873,2026-09-07 20:11:28,2026-09-07 16:15:05
NVDA,NVDA281215C00320000,NVDA,2028-12-15,C,320.0,35.6,61.0,37.2,32.0,0.4004,2313.0,44.0,0.4772,0.0029,1.3774,-0.0299,1.651,36.2733,1.29,37.55,37.75,36.08,down,36.39,2026-09-04T15:53:28,3.67521,36.0499992370606,229.4873,2026-09-07 20:11:28,2026-09-07 16:15:05
NVDA,NVDA281215C00330000,NVDA,2028-12-15,C,330.0,33.75,102.0,35.05,138.0,0.3999,8355.0,382.0,0.4569,0.0029,1.3711,-0.03,1.5938,34.0868,1.025,33.65,35.9,33.65,down,34.1,2026-09-04T15:59:36,3.09902,34.125,229.4873,2026-09-07 20:11:28,2026-09-07 16:15:05
NVDA,NVDA281215C00340000,NVDA,2028-12-15,C,340.0,31.75,42.0,33.0,62.0,0.4025,8721.0,117.0,0.4373,0.0029,1.3621,-0.0299,1.539,32.0461,1.3,32.05,33.19,31.95,up,32.1,2026-09-04T15:57:51,4.22078,32.125,229.4873,2026-09-07 20:11:28,2026-09-07 16:15:05
NVDA,NVDA281215C00350000,NVDA,2028-12-15,C,350.0,29.6,1.0,30.65,29.0,0.4004,8103.0,496.0,0.4184,0.0028,1.35,-0.0297,1.4835,30.1414,1.265,30.14,31.75,30.0,up,30.34,2026-09-04T15:52:25,4.35081,29.9750003814697,229.4873,2026-09-07 20:11:28,2026-09-07 16:15:05
NVDA,NVDA281215C00360000,NVDA,2028-12-15,C,360.0,27.95,43.0,29.05,45.0,0.401,3595.0,46.0,0.4003,0.0028,1.3351,-0.0295,1.428,28.3655,1.125,28.37,29.7,28.25,up,28.5,2026-09-04T14:53:01,4.10959,28.2750005722046,229.4873,2026-09-07 20:11:28,2026-09-07 16:15:05
NVDA,NVDA281215C00370000,NVDA,2028-12-15,C,370.0,26.4,76.0,27.25,11.0,0.4009,5499.0,25.0,0.383,0.0028,1.3185,-0.0292,1.3752,26.7095,0.92,26.8,27.9,26.7,no_change,26.72,2026-09-04T15:50:37,3.56589,26.7000007629395,229.4873,2026-09-07 20:11:28,2026-09-07 16:15:05
NVDA,NVDA281215C00380000,NVDA,2028-12-15,C,380.0,23.75,24.0,25.85,54.0,0.4004,17576.0,166.0,0.3664,0.0027,1.3008,-0.0289,1.325,25.1744,0.93,25.3,26.49,25.0,down,25.23,2026-09-04T15:59:36,3.82716,25.1750001907349,229.4873,2026-09-07 20:11:28,2026-09-07 16:15:05
NVDA,NVDA281215C00390000,NVDA,2028-12-15,C,390.0,23.25,32.0,24.65,46.0,0.4021,417.0,11.0,0.3504,0.0027,1.2807,-0.0286,1.2743,23.7198,0.775,24.55,24.57,23.5,no_change,23.75,2026-09-04T14:19:16,3.37323,23.5749998092651,229.4873,2026-09-07 20:11:28,2026-09-07 16:15:05
NVDA,NVDA281215C00400000,NVDA,2028-12-15,C,400.0,22.2,29.0,23.05,19.0,0.4025,9582.0,242.0,0.3352,0.0026,1.259,-0.0282,1.2244,22.3735,0.65,21.95,23.29,21.95,down,22.25,2026-09-04T15:30:14,3.00926,22.4250001907349,229.4873,2026-09-07 20:11:28,2026-09-07 16:15:05
NVDA,NVDA281215C00410000,NVDA,2028-12-15,C,410.0,20.6,81.0,22.05,140.0,0.4024,816.0,11.0,0.3208,0.0026,1.2366,-0.0277,1.1772,21.1178,0.875,21.25,21.25,21.2,down,21.2,2026-09-04T14:34:35,4.30504,21.0500001907349,229.4873,2026-09-07 20:11:28,2026-09-07 16:15:05
NVDA,NVDA281215C00420000,NVDA,2028-12-15,C,420.0,19.35,61.0,20.65,83.0,0.4014,8761.0,38.0,0.307,0.0025,1.214,-0.0273,1.1328,19.9492,0.3,19.61,20.8,19.5,no_change,19.5,2026-09-04T15:31:34,1.5625,19.8500003814697,229.4873,2026-09-07 20:11:28,2026-09-07 16:15:05
NVDA,NVDA281215C00430000,NVDA,2028-12-15,C,430.0,18.35,42.0,19.2,10.0,0.4007,367.0,10.0,0.2938,0.0025,1.1907,-0.0268,1.0894,18.8533,0.85,19.0,19.0,18.95,down,18.95,2026-09-04T14:34:36,4.69613,18.8249998092651,229.4873,2026-09-07 20:11:28,2026-09-07 16:15:05
NVDA,NVDA281215C00440000,NVDA,2028-12-15,C,440.0,17.5,100.0,18.0,1000.0,0.401,4219.0,720.0,0.2812,0.0024,1.1663,-0.0263,1.0465,17.8302,0.8,17.0,18.5,17.0,up,17.85,2026-09-04T14:44:29,4.69208,17.75,229.4873,2026-09-07 20:11:28,2026-09-07 16:15:05
NVDA,NVDA281215C00450000,NVDA,2028-12-15,C,450.0,16.55,51.0,17.3,65.0,0.4025,7260.0,134.0,0.2693,0.0024,1.1413,-0.0258,1.0051,16.8753,0.75,16.45,17.95,16.45,no_change,17.0,2026-09-04T15:52:42,4.61538,16.8500003814697,229.4873,2026-09-07 20:11:28,2026-09-07 16:15:05
NVDA,NVDA281215C00460000,NVDA,2028-12-15,C,460.0,15.8,17.0,16.1,2.0,0.4022,22643.0,142.0,0.2579,0.0023,1.1166,-0.0253,0.9663,15.9836,0.6,15.53,16.75,15.05,down,16.0,2026-09-04T15:41:20,3.8961,16.0249996185303,229.4873,2026-09-07 20:11:28,2026-09-07 16:15:05
NVDA,NVDA281215P00005000,NVDA,2028-12-15,P,5.0,0.03,83.0,0.04,114.0,0.956,5858.0,8.0,-0.0003,0.0,0.0035,-0.0002,-0.0021,0.0328,0.005,0.03,0.04,0.03,up,0.04,2026-09-04T15:36:07,14.2857,0.034999999217689,229.4873,2026-09-07 20:11:28,2026-09-07 16:15:05
NVDA,NVDA281215P00010000,NVDA,2028-12-15,P,10.0,0.05,500.0,0.1,1.0,0.8338,3060.0,0.0,-0.0007,0.0,0.0084,-0.0004,-0.0052,0.0761,0.0,0.0,0.0,0.0,no_change,0.07,2026-08-28T13:17:01,0.0,0.0750000011175871,229.4873,2026-09-07 20:11:28,2026-09-07 16:15:05
NVDA,NVDA281215P00015000,NVDA,2028-12-15,P,15.0,0.06,6.0,0.14,29.0,0.7443,2970.0,0.0,-0.0013,0.0,0.0146,-0.0006,-0.0093,0.13,0.0,0.0,0.0,0.0,up,0.13,2026-09-03T14:32:58,0.0,0.099999999627471,229.4873,2026-09-07 20:11:28,2026-09-07 16:15:05
NVDA,NVDA281215P00020000,NVDA,2028-12-15,P,20.0,0.19,50.0,0.2,8.0,0.7192,2205.0,116.0,-0.002,0.0,0.022,-0.0009,-0.0144,0.1938,-0.01,0.2,0.21,0.2,down,0.2,2026-09-04T15:25:04,-4.76191,0.204999998211861,229.4873,2026-09-07 20:11:28,2026-09-07 16:15:05
NVDA,NVDA281215P00025000,NVDA,2028-12-15,P,25.0,0.24,35.0,0.31,1.0,0.6828,951.0,3.0,-0.0028,0.0,0.0304,-0.0012,-0.0204,0.2697,-0.005,0.27,0.27,0.27,down,0.27,2026-09-04T10:41:10,-1.81818,0.274999998509884,229.4873,2026-09-07 20:11:28,2026-09-07 16:15:05
NVDA,NVDA281215P00030000,NVDA,2028-12-15,P,30.0,0.1,5.0,0.95,1.0,0.6776,1620.0,0.0,-0.0039,0.0,0.0403,-0.0015,-0.0277,0.3576,0.0,0.0,0.0,0.0,down,0.38,2026-09-01T09:36:39,0.0,0.475000012665987,229.4873,2026-09-07 20:11:28,2026-09-07 16:15:05
NVDA,NVDA281215P00035000,NVDA,2028-12-15,P,35.0,0.5,20.0,0.95,1.0,0.6702,520.0,0.0,-0.0051,0.0001,0.0512,-0.0018,-0.0358,0.4589,0.0,0.0,0.0,0.0,up,0.52,2026-09-02T12:40:12,0.0,0.724999994039536,229.4873,2026-09-07 20:11:28,2026-09-07 16:15:05
NVDA,NVDA281215P00040000,NVDA,2028-12-15,P,40.0,0.54,1.0,0.85,1.0,0.6197,355.0,0.0,-0.0065,0.0001,0.0638,-0.0022,-0.045,0.5771,0.0,0.0,0.0,0.0,up,0.59,2026-09-03T11:47:38,0.0,0.679999977350235,229.4873,2026-09-07 20:11:28,2026-09-07 16:15:05
NVDA,NVDA281215P00045000,NVDA,2028-12-15,P,45.0,0.7,20.0,1.2,1.0,0.6111,177.0,0.0,-0.0081,0.0001,0.0775,-0.0025,-0.0558,0.706,0.0,0.0,0.0,0.0,down,0.75,2026-08-27T09:53:55,0.0,0.895000010728836,229.4873,2026-09-07 20:11:28,2026-09-07 16:15:05
NVDA,NVDA281215P00050000,NVDA,2028-12-15,P,50.0,0.81,1.0,0.93,2.0,0.5652,3409.0,0.0,-0.0099,0.0001,0.0922,-0.003,-0.0675,0.8548,0.0,0.0,0.0,0.0,up,0.92,2026-09-02T13:12:23,0.0,0.870000004768372,229.4873,2026-09-07 20:11:28,2026-09-07 16:15:05
NVDA,NVDA281215P00055000,NVDA,2028-12-15,P,55.0,0.0,0.0,10.0,2.0,0.5371,297.0,0.0,-0.012,0.0002,0.1093,-0.0034,-0.0808,1.022,0.0,0.0,0.0,0.0,up,1.09,2026-09-02T12:45:57,0.0,1.03499999642372,229.4873,2026-09-07 20:11:28,2026-09-07 16:15:05
NVDA,NVDA281215P00060000,NVDA,2028-12-15,P,60.0,1.01,1.0,1.25,2.0,0.5264,437.0,0.0,-0.0143,0.0002,0.1274,-0.0038,-0.0962,1.2113,0.0,0.0,0.0,0.0,up,1.25,2026-09-03T14:32:02,0.0,1.12999999523163,229.4873,2026-09-07 20:11:28,2026-09-07 16:15:05
NVDA,NVDA281215P00065000,NVDA,2028-12-15,P,65.0,0.0,0.0,3.55,5.0,0.521,387.0,0.0,-0.017,0.0002,0.1468,-0.0043,-0.1125,1.4241,0.0,0.0,0.0,0.0,down,1.48,2026-09-03T15:09:42,0.0,1.53999996185303,229.4873,2026-09-07 20:11:28,2026-09-07 16:15:05
NVDA,NVDA281215P00070000,NVDA,2028-12-15,P,70.0,1.5,1.0,1.75,1.0,0.5072,667.0,0.0,-0.0199,0.0003,0.1688,-0.0049,-0.1314,1.6631,0.0,0.0,0.0,0.0,down,1.7,2026-08-31T11:28:27,0.0,1.68500000238419,229.4873,2026-09-07 20:11:28,2026-09-07 16:15:05
NVDA,NVDA281215P00075000,NVDA,2028-12-15,P,75.0,1.9,25.0,2.05,1.0,0.4993,1467.0,14.0,-0.0232,0.0003,0.1924,-0.0054,-0.1527,1.9343,-0.04,1.95,1.98,1.94,down,1.94,2026-09-04T10:52:26,-2.0202,1.95999997854233,229.4873,2026-09-07 20:11:28,2026-09-07 16:15:05
NVDA,NVDA281215P00080000,NVDA,2028-12-15,P,80.0,2.0,2.0,2.93,62.0,0.4871,965.0,115.0,-0.027,0.0004,0.2168,-0.006,-0.1758,2.2411,0.035,2.18,2.3,2.18,up,2.3,2026-09-04T15:43:21,1.54525,2.17999994754791,229.4873,2026-09-07 20:11:28,2026-09-07 16:15:05
NVDA,NVDA281215P00085000,NVDA,2028-12-15,P,85.0,2.09,18.0,2.97,5.0,0.4783,1054.0,27.0,-0.0311,0.0004,0.2442,-0.0067,-0.2014,2.5869,-0.115,2.58,2.58,2.56,down,2.56,2026-09-04T10:52:26,-4.29906,2.50999999046326,229.4873,2026-09-07 20:11:28,2026-09-07 16:15:05
NVDA,NVDA281215P00090000,NVDA,2028-12-15,P,90.0,2.76,53.0,3.1,1.0,0.4689,1508.0,228.0,-0.0357,0.0005,0.274,-0.0074,-0.2308,2.9793,-0.025,2.89,3.01,2.89,up,3.01,2026-09-04T14:42:27,-0.823722,3.02499997615814,229.4873,2026-09-07 20:11:28,2026-09-07 16:15:05
NVDA,NVDA281215P00095000,NVDA,2028-12-15,P,95.0,3.0,1.0,4.6,1.0,0.4629,2055.0,227.0,-0.0408,0.0006,0.3045,-0.0081,-0.2621,3.4231,0.035,3.28,3.41,3.28,up,3.41,2026-09-04T14:42:27,1.03704,3.39999997615814,229.4873,2026-09-07 20:11:28,2026-09-07 16:15:05
NVDA,NVDA281215P00100000,NVDA,2028-12-15,P,100.0,3.7,1.0,5.3,5.0,0.4583,5710.0,24.0,-0.0464,0.0006,0.3372,-0.0089,-0.2965,3.9213,0.075,3.8,4.05,3.8,down,3.95,2026-09-04T15:45:08,1.93548,3.95000004768372,229.4873,2026-09-07 20:11:28,2026-09-07 16:15:05
NVDA,NVDA281215P00105000,NVDA,2028-12-15,P,105.0,4.35,87.0,5.1,418.0,0.4585,2041.0,2.0,-0.0526,0.0007,0.3732,-0.0097,-0.3362,4.4817,-0.09,4.3,4.36,4.3,up,4.36,2026-09-04T11:19:16,-2.02247,4.47499990463257,229.4873,2026-09-07 20:11:28,2026-09-07 16:15:05
NVDA,NVDA281215P00110000,NVDA,2028-12-15,P,110.0,5.0,91.0,5.25,53.0,0.4474,3372.0,682.0,-0.0593,0.0008,0.4096,-0.0106,-0.3766,5.1092,-0.03,4.88,5.1,4.88,up,5.07,2026-09-04T13:15:14,-0.588233,5.125,229.4873,2026-09-07 20:11:28,2026-09-07 16:15:05
NVDA,NVDA281215P00115000,NVDA,2028-12-15,P,115.0,5.65,91.0,5.95,42.0,0.4426,5011.0,9.0,-0.0666,0.0009,0.4472,-0.0115,-0.4202,5.8032,-0.28,5.7,5.7,5.57,down,5.57,2026-09-04T10:34:43,-4.78633,5.79999995231628,229.4873,2026-09-07 20:11:28,2026-09-07 16:15:05
NVDA,NVDA281215P00120000,NVDA,2028-12-15,P,120.0,6.45,98.0,6.7,5.0,0.4384,10156.0,763.0,-0.0744,0.001,0.4879,-0.0124,-0.4713,6.5729,0.15,6.3,6.65,5.9,no_change,6.65,2026-09-04T15:28:04,2.30769,6.57500004768372,229.4873,2026-09-07 20:11:28,2026-09-07 16:15:05
NVDA,NVDA281215P00125000,NVDA,2028-12-15,P,125.0,6.95,159.0,7.65,10.0,0.4326,2134.0,5.0,-0.0829,0.001,0.5289,-0.0134,-0.5201,7.4256,-0.26,7.3,7.3,6.99,down,6.99,2026-09-04T10:07:19,-3.58621,7.45000004768372,229.4873,2026-09-07 20:11:28,2026-09-07 16:15:05
NVDA,NVDA281215P00130000,NVDA,2028-12-15,P,130.0,8.15,97.0,8.55,9.0,0.4321,14109.0,64.0,-0.0918,0.0011,0.569,-0.0143,-0.5727,8.3515,0.15,7.98,8.45,7.98,up,8.45,2026-09-04T15:22:45,1.80723,8.34999990463257,229.4873,2026-09-07 20:11:28,2026-09-07 16:15:05
NVDA,NVDA281215P00135000,NVDA,2028-12-15,P,135.0,9.1,60.0,9.55,19.0,0.4294,2728.0,141.0,-0.1013,0.0012,0.6107,-0.0153,-0.6296,9.3585,-0.275,8.9,9.0,8.9,up,9.0,2026-09-04T10:50:56,-2.96496,9.32499980926514,229.4873,2026-09-07 20:11:28,2026-09-07 16:15:05
NVDA,NVDA281215P00140000,NVDA,2028-12-15,P,140.0,10.2,63.0,10.65,3.0,0.4266,4355.0,11.0,-0.1114,0.0013,0.6551,-0.0163,-0.6892,10.4616,-0.07,9.65,10.33,9.65,up,10.33,2026-09-04T13:01:29,-0.673078,10.4500002861023,229.4873,2026-09-07 20:11:28,2026-09-07 16:15:05
NVDA,NVDA281215P00145000,NVDA,2028-12-15,P,145.0,11.15,219.0,11.85,5.0,0.423,3130.0,12.0,-0.1219,0.0014,0.6957,-0.0173,-0.7533,11.6446,-0.5,10.9,10.9,10.9,no_change,10.9,2026-09-04T10:10:26,-4.38596,11.5250000953674,229.4873,2026-09-07 20:11:28,2026-09-07 16:15:05
NVDA,NVDA281215P00150000,NVDA,2028-12-15,P,150.0,12.65,55.0,14.6,7.0,0.4224,16228.0,110.0,-0.1329,0.0015,0.7377,-0.0184,-0.8135,12.9116,0.125,12.5,12.95,12.22,up,12.95,2026-09-04T15:21:40,0.97466,12.9000000953674,229.4873,2026-09-07 20:11:28,2026-09-07 16:15:05
NVDA,NVDA281215P00155000,NVDA,2028-12-15,P,155.0,13.9,86.0,15.3,295.0,0.4264,1700.0,14.0,-0.1442,0.0016,0.7813,-0.0194,-0.8834,14.2631,0.21,13.65,14.31,13.65,up,14.31,2026-09-04T15:33:57,1.48936,14.3250002861023,229.4873,2026-09-07 20:11:28,2026-09-07 16:15:05
NVDA,NVDA281215P00160000,NVDA,2028-12-15,P,160.0,15.4,69.0,16.2,219.0,0.4215,4020.0,56.0,-0.1561,0.0017,0.8221,-0.0203,-0.9494,15.7014,0.1,14.95,15.75,14.9,down,15.7,2026-09-04T15:59:23,0.641026,15.6750001907349,229.4873,2026-09-07 20:11:28,2026-09-07 16:15:05
NVDA,NVDA281215P00165000,NVDA,2028-12-15,P,165.0,16.95,52.0,17.5,38.0,0.4188,5429.0,1.0,-0.1683,0.0018,0.861,-0.0213,-1.0139,17.2288,-0.725,16.35,16.35,16.35,down,16.35,2026-09-04T10:29:54,-4.24597,17.25,229.4873,2026-09-07 20:11:28,2026-09-07 16:15:05
NVDA,NVDA281215P00170000,NVDA,2028-12-15,P,170.0,18.6,38.0,19.1,10.0,0.4176,9713.0,28.0,-0.1809,0.0019,0.8994,-0.0223,-1.0848,18.8418,-0.025,18.35,18.65,17.65,up,18.65,2026-09-04T13:32:54,-0.133865,18.9250001907349,229.4873,2026-09-07 20:11:28,2026-09-07 16:15:05
NVDA,NVDA281215P00175000,NVDA,2028-12-15,P,175.0,20.1,105.0,21.15,76.0,0.4171,4725.0,26.0,-0.1937,0.002,0.9397,-0.0232,-1.1583,20.5384,0.125,19.5,20.5,19.39,no_change,20.5,2026-09-04T15:44:30,0.613497,20.7749996185303,229.4873,2026-09-07 20:11:28,2026-09-07 16:15:05
NVDA,NVDA281215P00180000,NVDA,2028-12-15,P,180.0,21.8,66.0,22.6,40.0,0.4137,15988.0,1143.0,-0.207,0.0021,0.9757,-0.0241,-1.2297,22.3314,0.175,21.45,22.5,21.17,down,22.3,2026-09-04T15:44:52,0.79096,22.2749996185303,229.4873,2026-09-07 20:11:28,2026-09-07 16:15:05
NVDA,NVDA281215P00185000,NVDA,2028-12-15,P,185.0,23.9,5.0,24.4,32.0,0.4133,7566.0,52.0,-0.2206,0.0022,1.0103,-0.025,-1.2946,24.2032,-0.75,23.35,23.35,22.96,up,23.25,2026-09-04T10:50:00,-3.125,24.1999998092651,229.4873,2026-09-07 20:11:28,2026-09-07 16:15:05
NVDA,NVDA281215P00190000,NVDA,2028-12-15,P,190.0,25.55,103.0,26.4,47.0,0.4111,5334.0,995.0,-0.2343,0.0023,1.0428,-0.0258,-1.3666,26.154,0.275,25.6,26.25,24.9,up,26.25,2026-09-04T14:57:53,1.05871,26.0250005722046,229.4873,2026-09-07 20:11:28,2026-09-07 16:15:05
NVDA,NVDA281215P00195000,NVDA,2028-12-15,P,195.0,27.5,70.0,28.6,47.0,0.4105,4519.0,66.0,-0.2483,0.0024,1.0766,-0.0266,-1.4338,28.1841,-0.325,27.4,28.15,26.79,down,27.6,2026-09-04T12:54:37,-1.16383,28.2250003814697,229.4873,2026-09-07 20:11:28,2026-09-07 16:15:05
NVDA,NVDA281215P00200000,NVDA,2028-12-15,P,200.0,29.8,158.0,30.5,19.0,0.4089,10816.0,83.0,-0.2626,0.0025,1.106,-0.0274,-1.505,30.3068,0.15,28.9,30.35,28.8,down,30.3,2026-09-04T15:55:38,0.497514,30.1750001907349,229.4873,2026-09-07 20:11:28,2026-09-07 16:15:05
NVDA,NVDA281215P00205000,NVDA,2028-12-15,P,205.0,32.1,67.0,33.3,29.0,0.4094,2863.0,26.0,-0.2768,0.0026,1.1343,-0.0282,-1.5721,32.522,-0.38,31.48,31.82,31.23,up,31.82,2026-09-04T12:23:18,-1.18012,32.4500007629394,229.4873,2026-09-07 20:11:28,2026-09-07 16:15:05
NVDA,NVDA281215P00210000,NVDA,2028-12-15,P,210.0,33.75,38.0,35.3,50.0,0.4098,4653.0,21.0,-0.2914,0.0027,1.1604,-0.0289,-1.639,34.8102,-0.055,33.27,34.52,33.27,up,34.52,2026-09-04T13:30:28,-0.159071,34.625,229.4873,2026-09-07 20:11:28,2026-09-07 16:15:05
NVDA,NVDA281215P00215000,NVDA,2028-12-15,P,215.0,35.25,57.0,37.8,26.0,0.4097,1203.0,29.0,-0.3062,0.0028,1.1845,-0.0296,-1.705,37.1739,-0.005,35.95,36.97,35.46,up,36.97,2026-09-04T14:20:44,-0.0135237,37.0750007629394,229.4873,2026-09-07 20:11:28,2026-09-07 16:15:05
NVDA,NVDA281215P00220000,NVDA,2028-12-15,P,220.0,38.8,87.0,40.45,66.0,0.405,4543.0,109.0,-0.3211,0.0028,1.2077,-0.0303,-1.7755,39.6247,-0.175,38.69,39.62,37.75,up,39.3,2026-09-04T15:55:17,-0.44332,39.6000003814697,229.4873,2026-09-07 20:11:28,2026-09-07 16:15:05
NVDA,NVDA281215P00225000,NVDA,2028-12-15,P,225.0,40.3,42.0,42.25,1.0,0.406,1328.0,85.0,-0.3361,0.0029,1.2283,-0.0309,-1.845,42.157,0.15,41.12,42.15,40.25,no_change,42.15,2026-09-04T15:37:59,0.357143,41.8999996185303,229.4873,2026-09-07 20:11:28,2026-09-07 16:15:05
NVDA,NVDA281215P00230000,NVDA,2028-12-15,P,230.0,43.85,85.0,45.9,35.0,0.404,3950.0,47.0,-0.3512,0.003,1.2458,-0.0315,-1.8926,44.7672,-0.29,43.35,44.46,42.81,up,44.46,2026-09-04T13:50:02,-0.648045,44.6499996185303,229.4873,2026-09-07 20:11:28,2026-09-07 16:15:05
NVDA,NVDA281215P00235000,NVDA,2028-12-15,P,235.0,46.7,38.0,48.05,19.0,0.4051,706.0,11.0,-0.3664,0.0031,1.2614,-0.032,-1.9504,47.4554,-0.2,45.5,47.2,45.5,up,47.2,2026-09-04T13:29:54,-0.421944,47.5999984741211,229.4873,2026-09-07 20:11:28,2026-09-07 16:15:05
NVDA,NVDA281215P00240000,NVDA,2028-12-15,P,240.0,49.8,7.0,50.85,32.0,0.4061,1097.0,9.0,-0.3816,0.0032,1.2754,-0.0325,-2.006,50.2005,-2.125,48.3,48.8,48.2,down,48.2,2026-09-04T10:54:55,-4.22255,50.1749992370606,229.4873,2026-09-07 20:11:28,2026-09-07 16:15:05
NVDA,NVDA281215P00245000,NVDA,2028-12-15,P,245.0,50.9,32.0,53.65,20.0,0.4055,1736.0,24.0,-0.3969,0.0032,1.2873,-0.033,-2.0648,53.0427,-0.025,50.95,52.95,50.95,no_change,52.95,2026-09-04T13:58:02,-0.0471892,53.0,229.4873,2026-09-07 20:11:28,2026-09-07 16:15:05
NVDA,NVDA281215P00250000,NVDA,2028-12-15,P,250.0,54.9,106.0,56.5,16.0,0.402,2087.0,54.0,-0.4124,0.0033,1.2972,-0.0335,-2.1168,55.9763,-0.575,55.05,55.3,53.8,up,55.3,2026-09-04T13:01:07,-1.02908,55.7249984741211,229.4873,2026-09-07 20:11:28,2026-09-07 16:15:05
NVDA,NVDA281215P00255000,NVDA,2028-12-15,P,255.0,56.7,82.0,59.9,30.0,0.3987,439.0,0.0,-0.4276,0.0034,1.3042,-0.0339,-2.1554,58.9523,0.0,0.0,0.0,0.0,up,58.67,2026-09-03T15:29:33,0.0,58.7000007629394,229.4873,2026-09-07 20:11:28,2026-09-07 16:15:05
NVDA,NVDA281215P00260000,NVDA,2028-12-15,P,260.0,61.05,58.0,62.4,32.0,0.4009,2333.0,4.0,-0.4431,0.0034,1.3082,-0.0343,-2.1852,62.0321,-0.3,60.59,61.65,59.8,up,61.65,2026-09-04T15:01:45,-0.484263,61.8999996185303,229.4873,2026-09-07 20:11:28,2026-09-07 16:15:05
NVDA,NVDA281215P00265000,NVDA,2028-12-15,P,265.0,63.9,16.0,66.35,15.0,0.4027,246.0,0.0,-0.4584,0.0035,1.3147,-0.0347,-2.2372,65.1472,0.0,0.0,0.0,0.0,down,66.4,2026-09-03T09:36:33,0.0,65.2249984741211,229.4873,2026-09-07 20:11:28,2026-09-07 16:15:05
NVDA,NVDA281215P00270000,NVDA,2028-12-15,P,270.0,67.2,240.0,68.65,66.0,0.3991,1086.0,8.0,-0.4739,0.0036,1.3125,-0.035,-2.2619,68.3688,0.375,67.35,68.8,66.2,up,68.8,2026-09-04T15:44:34,0.548046,68.0999984741211,229.4873,2026-09-07 20:11:28,2026-09-07 16:15:05
NVDA,NVDA281215P00275000,NVDA,2028-12-15,P,275.0,70.85,16.0,72.55,20.0,0.4025,470.0,2.0,-0.4892,0.0036,1.3087,-0.0353,-2.2963,71.6476,-2.575,69.5,69.5,69.0,down,69.0,2026-09-04T09:59:59,-3.59763,71.9500007629394,229.4873,2026-09-07 20:11:28,2026-09-07 16:15:05
NVDA,NVDA281215P00280000,NVDA,2028-12-15,P,280.0,73.85,119.0,77.1,384.0,0.4056,1534.0,5.0,-0.5046,0.0037,1.3085,-0.0356,-2.34,74.9898,-2.1,72.65,72.7,72.15,no_change,72.7,2026-09-04T10:46:38,-2.80749,75.0750007629394,229.4873,2026-09-07 20:11:28,2026-09-07 16:15:05
NVDA,NVDA281215P00285000,NVDA,2028-12-15,P,285.0,77.25,38.0,80.4,17.0,0.405,313.0,0.0,-0.5197,0.0037,1.3038,-0.0358,-2.36,78.3821,0.0,0.0,0.0,0.0,down,77.91,2026-09-03T14:53:13,0.0,78.125,229.4873,2026-09-07 20:11:28,2026-09-07 16:15:05
NVDA,NVDA281215P00290000,NVDA,2028-12-15,P,290.0,79.55,72.0,83.85,53.0,0.4001,1365.0,0.0,-0.5349,0.0038,1.2921,-0.036,-2.3614,81.8552,0.0,0.0,0.0,0.0,no_change,81.55,2026-09-03T14:57:24,0.0,81.75,229.4873,2026-09-07 20:11:28,2026-09-07 16:15:05
NVDA,NVDA281215P00295000,NVDA,2028-12-15,P,295.0,83.1,90.0,87.4,51.0,0.3999,474.0,0.0,-0.5503,0.0038,1.2881,-0.0363,-2.3857,85.4086,0.0,0.0,0.0,0.0,down,84.65,2026-09-03T15:05:35,0.0,85.25,229.4873,2026-09-07 20:11:28,2026-09-07 16:15:05
NVDA,NVDA281215P00300000,NVDA,2028-12-15,P,300.0,87.65,94.0,89.4,58.0,0.3971,6378.0,25.0,-0.5654,0.0039,1.2743,-0.0365,-2.3941,89.0075,0.55,87.05,89.75,86.05,up,89.75,2026-09-04T14:35:32,0.616591,88.9749984741211,229.4873,2026-09-07 20:11:28,2026-09-07 16:15:05
NVDA,NVDA281215P00310000,NVDA,2028-12-15,P,310.0,94.25,55.0,98.45,17.0,0.4002,1076.0,0.0,-0.5955,0.004,1.2446,-0.0368,-2.4038,96.3926,0.0,0.0,0.0,0.0,down,95.95,2026-09-03T14:46:53,0.0,96.125,229.4873,2026-09-07 20:11:28,2026-09-07 16:15:05
NVDA,NVDA281215P00320000,NVDA,2028-12-15,P,320.0,102.35,289.0,106.25,324.0,0.4028,940.0,5.0,-0.625,0.0041,1.2114,-0.0369,-2.348,104.0006,0.01,101.1,104.31,101.1,up,104.31,2026-09-04T15:44:34,0.00958846,103.700000762939,229.4873,2026-09-07 20:11:28,2026-09-07 16:15:05
NVDA,NVDA281215P00330000,NVDA,2028-12-15,P,330.0,110.1,157.0,112.25,32.0,0.3944,4288.0,2.0,-0.6548,0.0042,1.1635,-0.0373,-2.3706,111.8431,-3.375,108.5,108.5,108.5,down,108.5,2026-09-04T09:50:29,-3.01676,111.400001525879,229.4873,2026-09-07 20:11:28,2026-09-07 16:15:05
NVDA,NVDA281215P00340000,NVDA,2028-12-15,P,340.0,117.75,53.0,120.85,35.0,0.3946,846.0,0.0,-0.6836,0.0042,1.109,-0.0374,-2.2464,119.8895,0.0,0.0,0.0,0.0,down,122.69,2026-08-27T10:15:02,0.0,119.599998474121,229.4873,2026-09-07 20:11:28,2026-09-07 16:15:05
NVDA,NVDA281215P00350000,NVDA,2028-12-15,P,350.0,125.85,211.0,128.95,113.0,0.3928,6519.0,9.0,-0.7127,0.0044,1.0591,-0.0377,-2.2494,128.1449,-1.115,124.94,127.11,124.82,up,127.11,2026-09-04T13:14:48,-0.869564,128.050003051758,229.4873,2026-09-07 20:11:28,2026-09-07 16:15:05
NVDA,NVDA281215P00360000,NVDA,2028-12-15,P,360.0,134.6,64.0,137.0,15.0,0.3916,7403.0,1.0,-0.741,0.0044,0.9771,-0.0377,-2.0497,136.5939,-1.06,135.44,135.44,135.44,down,135.44,2026-09-04T13:14:48,-0.776557,136.825004577637,229.4873,2026-09-07 20:11:28,2026-09-07 16:15:05
NVDA,NVDA281215P00370000,NVDA,2028-12-15,P,370.0,143.2,202.0,145.75,90.0,0.3916,872.0,0.0,-0.7695,0.0045,0.9217,-0.0379,-2.035,145.2315,0.0,0.0,0.0,0.0,down,145.57,2026-08-27T13:56:07,0.0,145.150001525879,229.4873,2026-09-07 20:11:28,2026-09-07 16:15:05
NVDA,NVDA281215P00380000,NVDA,2028-12-15,P,380.0,152.1,62.0,154.7,15.0,0.3919,1368.0,0.0,-0.7965,0.0045,0.8245,-0.0381,-1.7535,154.0448,0.0,0.0,0.0,0.0,no_change,155.07,2026-09-03T09:47:33,0.0,153.875,229.4873,2026-09-07 20:11:28,2026-09-07 16:15:05
NVDA,NVDA281215P00390000,NVDA,2028-12-15,P,390.0,159.95,29.0,165.1,26.0,0.3934,2567.0,10.0,-0.8237,0.0046,0.7609,-0.0384,-1.7359,163.0326,-1.145,161.4,162.2,160.09,no_change,162.03,2026-09-04T13:50:04,-0.701702,162.800003051758,229.4873,2026-09-07 20:11:28,2026-09-07 16:15:05
NVDA,NVDA281215P00400000,NVDA,2028-12-15,P,400.0,167.0,61.0,177.0,55.0,0.3894,1793.0,16.0,-0.8494,0.0046,0.6603,-0.0388,-1.3136,172.1739,0.205,169.13,172.0,168.52,no_change,171.88,2026-09-04T14:38:00,0.119414,172.150001525879,229.4873,2026-09-07 20:11:28,2026-09-07 16:15:05
NVDA,NVDA281215P00410000,NVDA,2028-12-15,P,410.0,176.0,55.0,186.0,58.0,0.3829,171.0,0.0,-0.8736,0.0044,0.5579,-0.0392,-1.3041,181.5037,0.0,0.0,0.0,0.0,down,190.85,2026-08-05T14:16:09,0.0,181.100006103516,229.4873,2026-09-07 20:11:28,2026-09-07 16:15:05
NVDA,NVDA281215P00420000,NVDA,2028-12-15,P,420.0,186.0,55.0,196.0,55.0,0.3861,8.0,1.0,-0.8957,0.0042,0.5132,-0.0386,-0.9675,190.9082,-1.225,190.55,190.55,190.55,down,190.55,2026-09-04T09:30:13,-0.63877,190.900001525879,229.4873,2026-09-07 20:11:28,2026-09-07 16:15:05
NVDA,NVDA281215P00430000,NVDA,2028-12-15,P,430.0,195.0,55.0,205.0,53.0,0.3894,3.0,0.0,-0.9165,0.0039,0.3697,-0.0337,-0.7494,200.5003,0.0,0.0,0.0,0.0,up,205.0,2026-09-02T13:53:10,0.0,200.550003051758,229.4873,2026-09-07 20:11:28,2026-09-07 16:15:05
NVDA,NVDA281215P00440000,NVDA,2028-12-15,P,440.0,205.0,51.0,215.0,51.0,0.3818,0.0,0.0,-0.9356,0.0034,0.2951,-0.0338,-0.6876,210.19,0.0,0.0,0.0,0.0,down,215.85,2026-08-13T12:01:15,0.0,210.275001525879,229.4873,2026-09-07 20:11:28,2026-09-07 16:15:05
NVDA,NVDA281215P00450000,NVDA,2028-12-15,P,450.0,215.0,48.0,225.0,51.0,0.3938,6.0,6.0,-0.9505,0.003,0.1983,-0.0242,-0.447,219.9873,-1.765,216.55,219.31,216.55,up,219.31,2026-09-04T13:23:22,-0.79837,220.299995422363,229.4873,2026-09-07 20:11:28,2026-09-07 16:15:05
NVDA,NVDA281215P00460000,NVDA,2028-12-15,P,460.0,225.0,5.0,235.0,5.0,0.404,1.0,1.0,-0.9634,0.0025,0.1647,-0.0121,-0.4472,229.8265,-1.05,230.0,230.0,230.0,down,230.0,2026-09-04T14:32:46,-0.454445,230.150001525879,229.4873,2026-09-07 20:11:28,2026-09-07 16:15:05
